0.000000000000000000e+00
2.065536167504120416e-10
8.234178368639805884e-10
3.284381957087849679e-09
9.012153742286966065e-09
1.962314146087701082e-08
7.273348865299762640e-07
3.601893546737884990e-06
1.002668884845529065e-05
2.126571230997678402e-05
6.404606251900957150e-05
1.402478936965115166e-04
2.567407106094316341e-04
4.190711620733261408e-04
6.315865632973129357e-04
1.207716584285002497e-03
2.006331001013609856e-03
2.808085125487236582e-03
3.756718799016586872e-03
4.850839238410235149e-03
6.087512176415468823e-03
7.462666263524105927e-03
8.971470808793043442e-03
1.122919761193725240e-02
1.370973679724668548e-02
1.639792277436955686e-02
1.927845152652114119e-02
2.233620694260892575e-02
2.555646758013860667e-02
2.951052550739414332e-02
3.364593316561045183e-02
3.794232281897645664e-02
4.238063631687633698e-02
4.694310870189038337e-02
5.262035811197995905e-02
5.842897218754351113e-02
6.434432986189279891e-02
7.034410085042921978e-02
7.640807616266381830e-02
8.390216545978076979e-02
9.143548401824827532e-02
9.898165019334809189e-02
1.065176192929488536e-01
1.198767151639386769e-01
1.330461872299735782e-01
1.459536045700840223e-01
1.585432588382406360e-01
1.707742184937825203e-01
1.856945865812905938e-01
1.999553942093804104e-01
2.135361309496179028e-01
2.264298988741854091e-01
2.386399480253599825e-01
2.438275384372665111e-01
2.488845968799014985e-01
2.538126247409234204e-01
2.586132534130774485e-01
2.634672292408840044e-01
2.681877266995656983e-01
2.727769290091272558e-01
2.827490313849035375e-01
2.920803253993541349e-01
3.007992216925624573e-01
3.089349633060888278e-01
3.195829873613421634e-01
3.291860321557963931e-01
3.378228141665226558e-01
3.455678338348701639e-01
3.535956467901081313e-01
3.606012946860150392e-01
3.622043680937197530e-01
3.637509419563281221e-01
3.652424546049749532e-01
3.666802463614757257e-01
3.680656265297111984e-01
3.694138819055808876e-01
3.707112270613718286e-01
3.719589285850622984e-01
3.731582278836411692e-01
3.743515503186068405e-01
3.754954909595666912e-01
3.765913332822468651e-01
3.802912282595419802e-01
3.833952624450037705e-01
3.859592085139572637e-01
3.880344096915562258e-01
3.904718577435691840e-01
3.909215437875984134e-01
3.913124699508181981e-01
3.916469689609017868e-01
3.919273070542468318e-01
3.921556733812344708e-01
3.922747690558077149e-01
3.923742349198041657e-01
3.924545813722875587e-01
3.925163047593260290e-01
3.925604470922596789e-01
3.925863925338122784e-01
3.925946220945234488e-01
3.924163490046874703e-01
3.919154397438217030e-01
3.911294167640669284e-01
3.900920189552106732e-01
3.897970168507820521e-01
3.894886081330318772e-01
3.891672489863220452e-01
3.888333486173346509e-01
3.885283340046302158e-01
3.882141065523249113e-01
3.878909281688860400e-01
3.872025456231241725e-01
3.864797829307152766e-01
3.857246299843106185e-01
3.834487784195459992e-01
3.828470876110202648e-01
3.822332949095971211e-01
3.816079210806531674e-01
3.809714623393230526e-01
3.805126194262102302e-01
3.800485892295091261e-01
3.795795328825810611e-01
3.784849136460617380e-01
3.773664628111261798e-01
3.762259095398040598e-01
3.730262594087101480e-01
3.722064128026808527e-01
3.713793228025865090e-01
3.705454223014204573e-01
3.688586508354947391e-01
3.671489492436509350e-01
3.654189413166184508e-01
3.636710446227243709e-01
3.605306500379018009e-01
3.573518239300589872e-01
3.541442511322154263e-01
3.509162344033414649e-01
3.461988641803010469e-01
3.414719209549541001e-01
3.367495487653784370e-01
3.320432699023231349e-01
3.273625834845759197e-01
3.213585375810711353e-01
3.154228268153568271e-01
3.095646265423431243e-01
3.037905079690253474e-01
2.981051319841978575e-01
2.910939241115923504e-01
2.842315944167778663e-01
2.775198314580645254e-01
2.709588985495711699e-01
2.645480540481014997e-01
2.567332776265325855e-01
2.491473455435272155e-01
2.417854299516343231e-01
2.346422329107475946e-01
2.277121957520608087e-01
2.209896265753659161e-01
2.144687886474648253e-01
2.081439658687095628e-01
2.020095092523618852e-01
1.960598667868422851e-01
1.902896012060114328e-01
1.846934006101577375e-01
1.792660850317875365e-01
1.740026102024644084e-01
1.688980690848970734e-01
1.639476917151267144e-01
1.591468439074277819e-01
1.544910252435064690e-01
1.499758666006145991e-01
1.455971273632133411e-01
1.413506927143092784e-01
1.372325700738466769e-01
1.332388855723773691e-01
1.293658811713295498e-01
1.256099118176645379e-01
1.219674421656002650e-01
1.184350431753928568e-01
1.150093889444269019e-01
1.116872537700199230e-01
1.084655092700944207e-01
1.053411214877998936e-01
1.023111480360590075e-01
9.937273534590587709e-02
9.652311602041262206e-02
9.375960626289110700e-02
9.107960336336154428e-02
8.848058325065574770e-02
8.596009812041863207e-02
8.351577413855301724e-02
8.114530921297585797e-02
7.884647082881156288e-02
7.661709394663059058e-02
7.445507896428434080e-02
7.235838974098189602e-02
7.032505168085241565e-02
6.835314987359375483e-02
6.644082729075546923e-02
6.458628303649704971e-02
6.278777065132898350e-02
6.104359646706589843e-02
5.935211801131304310e-02
5.771174246004501934e-02
5.612092513693940632e-02
5.457816805808959892e-02
5.308201852069019400e-02
5.163106773433754487e-02
5.022394949367080946e-02
4.885933889113035916e-02
4.753595106862944925e-02
4.625254000695502854e-02
4.500789735175161899e-02
4.380085127498581365e-02
4.263026537082508644e-02
4.149503758489237609e-02
4.039409917588573234e-02
3.932641370858377255e-02
3.829097607728896430e-02
3.728681155879020465e-02
3.631297489395265976e-02
3.536854939706907813e-02
3.445264609213332524e-02
3.356440287522246407e-02
3.270298370219858891e-02
3.186757780096496212e-02
3.105739890753432542e-02
3.027168452518936778e-02
2.950969520603747426e-02
2.877071385428292896e-02
2.805404505055996214e-02
2.735901439669014001e-02
2.668496788024658783e-02
2.603127125832641053e-02
2.539730945995063299e-02
2.478248600652864855e-02
2.418622244984103276e-02
2.360795782701125001e-02
2.304714813195267095e-02
2.250326580279285449e-02
2.197579922479219600e-02
2.146425224828853867e-02
2.096814372121347941e-02
2.048700703574002704e-02
2.002038968863429497e-02
1.956785285489708384e-02
1.912897097429359580e-02
1.870333135038163702e-02
1.829053376166062117e-02
1.789019008447481282e-02
1.750192392731568514e-02
1.712537027617866761e-02
1.676017515064019692e-02
1.640599527033100719e-02
1.606249773149137292e-02
1.572935969330360034e-02
1.540626807370612354e-02
1.509291925440269834e-02
1.478901879478865082e-02
1.449428115452469461e-02
1.420842942449688021e-02
1.393119506590918995e-02
1.366231765726294393e-02
1.340154464898459657e-02
1.314863112547074581e-02
1.290333957432613851e-02
1.266543966257722108e-02
1.243470801965040895e-02
1.221092802691054607e-02
1.199388961356130656e-02
1.178338905871516296e-02
1.157922879944647994e-02
1.138121724464684174e-02
1.118916859450723444e-02
1.100290266545697268e-02
1.082224472039446626e-02
1.064702530404981057e-02
1.047708008332410602e-02
1.031224969245505586e-02
1.015237958286296406e-02
9.997319877535645882e-03
9.846925229815024078e-03
9.701054686452397283e-03
9.559571554803325891e-03
9.422343274036985503e-03
9.289241290238652721e-03
9.160140935287656994e-03
9.034921309396638095e-03
8.913465167201447756e-03
8.795658807294385456e-03
8.681391965096646804e-03
8.570557708969065228e-03
8.463052339463277354e-03
8.358775291618320349e-03
8.257629040210687915e-03
8.159519007868491075e-03
8.064353475963185330e-03
7.972043498194912245e-03
7.882502816789985906e-03
7.795647781231615156e-03
7.711397269447253615e-03
7.629672611378326107e-03
7.550397514860324004e-03
7.473497993743414766e-03
7.398902298185855084e-03
7.326540847054517983e-03
7.256346162368834847e-03
7.188252805726404009e-03
7.122197316650328604e-03
7.058118152800234649e-03
6.995955631990596890e-03
6.935651875961759867e-03
6.877150755850670524e-03
6.820397839309935532e-03
6.765340339225391596e-03
6.711927063983850680e-03
6.660108369244173085e-03
6.609836111166220336e-03
6.561063601053620728e-03
6.513745561367609987e-03
6.467838083070499323e-03
6.423298584258579046e-03
6.380085770045487194e-03
6.338159593658226204e-03
6.297481218709193723e-03
6.258012982608668340e-03
6.219718361083258727e-03
6.182561933766922771e-03
6.146509350832099136e-03
6.111527300629530229e-03
6.077583478306276647e-03
6.044646555372356483e-03
6.012686150187340588e-03
5.981672799339082282e-03
5.951577929887621327e-03
5.922373832448111185e-03
5.894033635087404452e-03
5.866531278009696343e-03
5.839841489007386796e-03
5.813939759654013044e-03
5.788802322216834821e-03
5.764406127267316174e-03
5.740728821968399224e-03
5.717748729018119237e-03
5.695444826229720953e-03
5.673796726729029433e-03
5.652784659750424538e-03
5.632389452013321536e-03
5.612592509661606770e-03
5.593375800749013360e-03
5.574721838253932776e-03
5.556613663607671595e-03
5.539034830720599052e-03
5.521969390491182628e-03
5.505401875783267999e-03
5.489317286857481847e-03
5.473701077243019360e-03
5.458539140036490316e-03
5.443817794614946859e-03
5.429523773750537935e-03
5.415644211114670724e-03
5.402166629159907245e-03
5.389078927368157364e-03
5.376369370854117147e-03
5.364026579313204215e-03
5.352039516303574822e-03
5.340397478852132625e-03
5.329090087374725379e-03
5.318107275901037129e-03
5.307439282594967125e-03
5.297076640561553841e-03
5.287010168931805150e-03
5.277230964216999588e-03
5.267730391924344523e-03
5.258500078426076550e-03
5.249531903074339256e-03
5.240817990554419784e-03
5.232350703469128630e-03
5.224122635147349092e-03
5.216126602669958826e-03
5.208355640106577568e-03
5.200802991956746807e-03
5.193462106789377072e-03
5.186326631074458099e-03
5.179390403201230078e-03
5.172647447677172078e-03
5.166091969502344984e-03
5.159718348713785915e-03
5.153521135094819329e-03
5.147495043044295754e-03
5.141634946600918271e-03
5.135935874617981664e-03
5.130393006083965382e-03
5.125001665584578460e-03
5.119757318901981165e-03
5.114655568747024372e-03
5.109692150620505531e-03
5.104862928799528549e-03
5.100163892445185032e-03
5.095591151827890547e-03
5.091140934666836190e-03
5.086809582580073021e-03
5.082593547641915156e-03
5.078489389044402863e-03
5.074493769859682313e-03
5.070603453900254104e-03
5.066815302674128503e-03
5.063126272432019043e-03
5.059533411303798918e-03
5.056033856521514012e-03
5.052624831726331388e-03
5.049303644356910488e-03
5.046067683116694721e-03
5.042914415517786748e-03
5.039841385499049982e-03
5.036846211116216727e-03
5.033926582301816340e-03
5.031080258692820911e-03
5.028305067523952850e-03
5.025598901584673282e-03
5.022959717237930090e-03
5.020385532498790326e-03
5.017874425171150315e-03
5.015424531040778289e-03
5.013034042122968721e-03
5.010701204963166448e-03
5.008424318988962884e-03
5.006201734911906558e-03
5.004031853177621364e-03
5.001913122462777958e-03
4.999844038217495824e-03
4.997823141251802985e-03
4.995849016364826284e-03
4.993920291015424215e-03
4.992035634032985537e-03
4.990193754367221006e-03
4.988393399875725234e-03
4.986633356148200205e-03
4.984912445366212856e-03
4.983229525197425958e-03
4.981583487723246703e-03
4.979973258398892079e-03
4.978397795044890890e-03
4.976856086869072687e-03
4.975347153518105102e-03
4.973870044157722645e-03
4.972423836580738832e-03
4.971007636342029794e-03
4.969620575919663635e-03
4.968261813901386249e-03
4.966930534195695100e-03
4.965625945266765456e-03
4.964347279392496148e-03
4.963093791944988772e-03
4.961864760692772519e-03
4.960659485124112832e-03
4.959477285790796740e-03
4.958317503671727002e-03
4.957179499555770807e-03
4.956062653443257630e-03
4.954966363965564169e-03
4.953890047822250356e-03
4.952833139235203463e-03
4.951795089419285499e-03
4.950775366068974753e-03
4.949773452860535723e-03
4.948788848969223886e-03
4.947821068601092505e-03
4.946869640538949578e-03
4.945934107702032977e-03
4.945014026719005661e-03
4.944108967513849429e-03
4.943218512904274699e-03
4.942342258212275956e-03
4.941479810886455562e-03
4.940630790135756845e-03
4.939794826574280331e-03
4.938971561876822312e-03
4.938160648444835620e-03
4.937361749082482161e-03
4.936574536682475367e-03
4.935798693921425451e-03
4.935033912964383040e-03
4.934279895178320975e-03
4.933536350854274104e-03
4.932802998937872545e-03
4.932079566768032483e-03
4.931365789823526080e-03
4.930661411477229271e-03
4.929966182757788105e-03
4.929279862118487662e-03
4.928602215213113633e-03
4.927933014678582795e-03
4.927272039924144621e-03
4.926619076926953660e-03
4.925973918033825331e-03
4.925336361768972195e-03
4.924706212647568873e-03
4.924083280994933157e-03
4.923467382771182753e-03
4.922858339401190754e-03
4.922255977609678486e-03
4.921660129261293086e-03
4.921070631205515418e-03
4.920487325126263883e-03
4.919910057396032800e-03
4.919338678934449122e-03
4.918773045071091372e-03
4.918213015412472786e-03
4.917658453713027317e-03
4.917109227750002254e-03
4.916565209202130790e-03
4.916026273531975271e-03
4.915492299871818821e-03
4.914963170913009931e-03
4.914438772798651600e-03
4.913918995019531805e-03
4.913403730313199019e-03
4.912892874566090855e-03
4.912386326718614325e-03
4.911883988673100554e-03
4.911385765204539372e-03
4.910891563874007944e-03
4.910401294944722293e-03
4.909914871300616324e-03
4.909432208367395419e-03
4.908953224035957075e-03
4.908477838588143002e-03
4.908005974624726417e-03
4.907537556995570337e-03
4.907072512731913520e-03
4.906610770980682559e-03
4.906152262940798904e-03
4.905696921801414902e-03
4.905244682682001651e-03
4.904795482574266993e-03
4.904349260285809087e-03
4.903905956385482164e-03
4.903465513150417204e-03
4.903027874514632491e-03
4.902592986019204541e-03
4.902160794763941315e-03
4.901731249360517795e-03
4.901304299887027094e-03
4.900879897843902003e-03
4.900457996111173137e-03
4.900038548907010780e-03
4.899621511747526137e-03
4.899206841407786894e-03
4.898794495884005451e-03
4.898384434356872937e-03
4.897976617155999982e-03
4.897571005725433885e-03
4.897167562590213144e-03
4.896766251323934199e-03
4.896367036517301763e-03
4.895969883747621106e-03
4.895574759549221021e-03
4.895181631384760632e-03
4.894790467617412232e-03
4.894401237483878529e-03
4.894013911068221742e-03
4.893628459276492398e-03
4.893244853812122284e-03
4.892863067152049446e-03
4.892483072523576108e-03
4.892104843881926561e-03
4.891728355888470305e-03
4.891353583889614803e-03
4.890980503896331412e-03
4.890609092564298863e-03
4.890239327174644365e-03
4.889871185615272779e-03
4.889504646362755232e-03
4.889139688464760707e-03
4.888776291523024529e-03
4.888414435676830330e-03
4.888054101586986402e-03
4.887695270420288653e-03
4.887337923834453660e-03
4.886982043963502761e-03
4.886627613403593702e-03
4.886274615199269478e-03
4.885923032830133926e-03
4.885572850197921098e-03
4.885224051613960145e-03
4.884876621787015774e-03
4.884530545811492999e-03
4.884185809156004442e-03
4.883842397652276776e-03
4.883500297484396312e-03
4.883159495178371161e-03
4.882819977592024741e-03
4.882481731905171166e-03
4.882144745610105495e-03
4.881809006502375869e-03
4.881474502671827136e-03
4.881141222493926360e-03
4.880809154621337277e-03
4.880478287975761886e-03
4.880148611740012764e-03
4.879820115350342116e-03
4.879492788488987674e-03
4.879166621076947569e-03
4.878841603266976384e-03
4.878517725436791984e-03
4.878194978182478353e-03
4.877873352312100952e-03
4.877552838839502476e-03
4.877233428978294642e-03
4.876915114136020843e-03
4.876597885908508755e-03
4.876281736074377336e-03
4.875966656589722503e-03
4.875652639582952856e-03
4.875339677349787605e-03
4.875027762348403682e-03
4.874716887194727698e-03
4.874407044657865819e-03
4.874098227655682819e-03
4.873790429250501703e-03
4.873483642644937767e-03
4.873177861177861031e-03
4.872873078320474893e-03
4.872569287672514488e-03
4.872266482958563863e-03
4.871964658024473781e-03
4.871663806833898339e-03
4.871363923464931342e-03
4.871065002106838952e-03
4.870767037056897286e-03
4.870470022717321955e-03
4.870173953592293013e-03
4.869878824285062309e-03
4.869584629495157108e-03
4.869291364015657445e-03
4.868999022730565417e-03
4.868707600612243863e-03
4.868417092718942650e-03
4.868127494192387404e-03
4.867838800255447178e-03
4.867551006209875838e-03
4.867264107434111572e-03
4.866978099381146644e-03
4.866692977576469147e-03
4.866408737616048988e-03
4.866125375164401072e-03
4.865842885952699655e-03
4.865561265776943006e-03
4.865280510496186595e-03
4.865000616030817036e-03
4.864721578360882426e-03
4.864443393524476439e-03
4.864166057616161470e-03
4.863889566785449016e-03
4.863613917235317351e-03
4.863339105220776913e-03
4.863065127047483394e-03
4.862791979070381181e-03
4.862519657692394512e-03
4.862248159363161126e-03
4.861977480577794539e-03
4.861707617875686213e-03
4.861438567839352839e-03
4.861170327093293150e-03
4.860902892302855147e-03
4.860636260173276796e-03
4.860370427448670351e-03
4.860105390910963302e-03
4.859841147378895707e-03
4.859577693707099050e-03
4.859315026785196792e-03
4.859053143536932670e-03
4.858792040919300732e-03
4.858531715921718744e-03
4.858272165565212866e-03
4.858013386901638767e-03
4.857755377012919207e-03
4.857498133010305051e-03
4.857241652033659693e-03
4.856985931250760828e-03
4.856730967856629985e-03
4.856476759072872462e-03
4.856223302147045021e-03
4.855970594352039191e-03
4.855718632985477588e-03
4.855467415369139721e-03
4.855216938848392998e-03
4.854967200791647161e-03
4.854718198589820857e-03
4.854469929655827291e-03
4.854222391424075495e-03
4.853975581349978530e-03
4.853729496909487719e-03
4.853484135598630338e-03
4.853239494933067263e-03
4.852995572447660159e-03
4.852752365696053408e-03
4.852509872250263846e-03
4.852268089700290457e-03
4.852027015653727522e-03
4.851786647735393393e-03
4.851546983586968800e-03
4.851308020866643839e-03
4.851069757248779694e-03
4.850832190423576447e-03
4.850595318096748675e-03
4.850359137989216675e-03
4.850123647836803754e-03
4.849888845389937857e-03
4.849654728413366200e-03
4.849421294685879458e-03
4.849188542000042006e-03
4.848956468161924778e-03
4.848725070990855465e-03
4.848494348319168715e-03
4.848264297991966738e-03
4.848034917866885125e-03
4.847806205813864726e-03
4.847578159714931341e-03
4.847350777463981485e-03
4.847124056966577686e-03
4.846897996139736854e-03
4.846672592911744661e-03
4.846447845221955181e-03
4.846223751020609614e-03
4.846000308268655875e-03
4.845777514937566442e-03
4.845555369009179637e-03
4.845333868475520944e-03
4.845113011338648620e-03
4.844892795610494969e-03
4.844673219312712817e-03
4.844454280476528929e-03
4.844235977142596558e-03
4.844018307360858401e-03
4.843801269190408688e-03
4.843584860699358743e-03
4.843369079964708612e-03
4.843153925072220430e-03
4.842939394116298722e-03
4.842725485199869846e-03
4.842512196434261423e-03
4.842299525939097390e-03
4.842087471842184375e-03
4.841876032279400673e-03
4.841665205394599103e-03
4.841454989339502926e-03
4.841245382273604361e-03
4.841036382364074381e-03
4.840827987785661229e-03
4.840620196720606290e-03
4.840413007358551276e-03
4.840206417896453228e-03
4.840000426538500385e-03
4.839795031496028910e-03
4.839590230987443099e-03
4.839386023238136450e-03
4.839182406480417933e-03
4.838979378953434801e-03
4.838776938903104931e-03
4.838575084582041365e-03
4.838373814249485524e-03
4.838173126171239555e-03
4.837973018619602140e-03
4.837773489873303454e-03
4.837574538217442703e-03
4.837376161943430022e-03
4.837178359348921416e-03
4.836981128737767588e-03
4.836784468419951487e-03
4.836588376711539738e-03
4.836392851934620193e-03
4.836197892417256824e-03
4.836003496493433348e-03
4.835809662503004654e-03
4.835616388791649962e-03
4.835423673710822524e-03
4.835231515617701044e-03
4.835039912875145444e-03
4.834848863851654369e-03
4.834658366921317472e-03
4.834468420463775527e-03
4.834279022864175317e-03
4.834090172513131473e-03
4.833901867806683107e-03
4.833714107146260854e-03
4.833526888938640027e-03
4.833340211595909403e-03
4.833154073535429578e-03
4.832968473179800016e-03
4.832783408956823484e-03
4.832598879299469623e-03
4.832414882645841119e-03
4.832231417439143348e-03
4.832048482127647947e-03
4.831866075164661586e-03
4.831684195008496482e-03
4.831502840122437435e-03
4.831322008974713207e-03
4.831141700038465298e-03
4.830961911791719320e-03
4.830782642717359847e-03
4.830603891303093984e-03
4.830425656041433154e-03
4.830247935429660133e-03
4.830070727969805640e-03
4.829894032168618838e-03
4.829717846537545656e-03
4.829542169592701030e-03
4.829366999854842885e-03
4.829192335849352181e-03
4.829018176106204298e-03
4.828844519159948209e-03
4.828671363549681336e-03
4.828498707819028728e-03
4.828326550516121377e-03
4.828154890193568465e-03
4.827983725408442617e-03
4.827813054722253014e-03
4.827642876700927177e-03
4.827473189914791019e-03
4.827303992938545424e-03
4.827135284351246301e-03
4.826967062736287235e-03
4.826799326681377802e-03
4.826632074778524489e-03
4.826465305624011611e-03
4.826299017818383094e-03
4.826133209966421665e-03
4.825967880677134968e-03
4.825803028563731278e-03
4.825638652243608231e-03
4.825474750338330267e-03
4.825311321473611283e-03
4.825148364279300758e-03
4.824985877389364672e-03
4.824823859441868153e-03
4.824662309078960737e-03
4.824501224946856417e-03
4.824340605695822369e-03
4.824180449980157263e-03
4.824020756458182596e-03
4.823861523792217533e-03
4.823702750648572839e-03
4.823544435697529192e-03
4.823386577613324178e-03
4.823229175074137537e-03
4.823072226762076427e-03
4.822915731363157203e-03
4.822759687567295880e-03
4.822604094068291651e-03
4.822448949563811274e-03
4.822294252755376931e-03
4.822140002348352349e-03
4.821986197051925452e-03
4.821832835579097087e-03
4.821679916646665412e-03
4.821527438975215483e-03
4.821375401289105384e-03
4.821223802316452339e-03
4.821072640789116244e-03
4.820921915442690983e-03
4.820771625016489689e-03
4.820621768253532599e-03
4.820472343900533176e-03
4.820323350707885965e-03
4.820174787429653586e-03
4.820026652823553720e-03
4.819878945650947835e-03
4.819731664676831645e-03
4.819584808669815160e-03
4.819438376402115747e-03
4.819292366649549457e-03
4.819146778191511077e-03
4.819001609810970657e-03
4.818856860294452697e-03
4.818712528432030941e-03
4.818568613017315365e-03
4.818425112847440038e-03
4.818282026723050976e-03
4.818139353448296601e-03
4.817997091830814732e-03
4.817855240681722176e-03
4.817713798815603451e-03
4.817572765050496912e-03
4.817432138207890409e-03
4.817291917112702208e-03
4.817152100593277524e-03
4.817012687481370299e-03
4.816873676612138007e-03
4.816735066824130371e-03
4.816596856959273754e-03
4.816459045862866821e-03
4.816321632383566663e-03
4.816184615373377519e-03
4.816047993687643837e-03
4.815911766185035532e-03
4.815775931727541044e-03
4.815640489180456063e-03
4.815505437412369652e-03
4.815370775295161644e-03
4.815236501703985296e-03
4.815102615517261216e-03
4.814969115616664352e-03
4.814836000887119660e-03
4.814703270216783015e-03
4.814570922497040349e-03
4.814438956622493770e-03
4.814307371490949422e-03
4.814176166003412277e-03
4.814045339064074863e-03
4.813914889580305986e-03
4.813784816462639456e-03
4.813655118624771481e-03
4.813525794983544194e-03
4.813396844458938707e-03
4.813268265974067310e-03
4.813140058455161324e-03
4.813012220831561563e-03
4.812884752035713996e-03
4.812757651003153267e-03
4.812630916672498357e-03
4.812504547985440445e-03
4.812378543886734229e-03
4.812252903324191859e-03
4.812127625248669056e-03
4.812002708614059911e-03
4.811878152377286472e-03
4.811753955498289208e-03
4.811630116940015731e-03
4.811506635668419928e-03
4.811383510652442880e-03
4.811260740864009393e-03
4.811138325278019323e-03
4.811016262872339772e-03
4.810894552627788603e-03
4.810773193528137051e-03
4.810652184560093234e-03
4.810531524713295218e-03
4.810411212980304080e-03
4.810291248356590894e-03
4.810171629840536735e-03
4.810052356433413591e-03
4.809933427139380033e-03
4.809814840965475138e-03
4.809696596921611556e-03
4.809578694020559889e-03
4.809461131277942628e-03
4.809343907712231546e-03
4.809227022344733822e-03
4.809110474199584234e-03
4.808994262303740823e-03
4.808878385686966676e-03
4.808762843381834268e-03
4.808647634423708975e-03
4.808532757850743876e-03
4.808418212703871077e-03
4.808303998026793036e-03
4.808190112865974759e-03
4.808076556270636862e-03
4.807963327292745156e-03
4.807850424987005454e-03
4.807737848410854019e-03
4.807625596624447162e-03
4.807513668690658638e-03
4.807402063675066638e-03
4.807290780645952916e-03
4.807179818674283713e-03
4.807069176833712355e-03
4.806958854200565380e-03
4.806848849853836460e-03
4.806739162875180334e-03
4.806629792348904133e-03
4.806520737361956973e-03
4.806411997003926483e-03
4.806303570367028398e-03
4.806195456546099622e-03
4.806087654638590417e-03
4.805980163744557471e-03
4.805872982966655216e-03
4.805766111410128896e-03
4.805659548182806759e-03
4.805553292395094850e-03
4.805447343159964003e-03
4.805341699592948108e-03
4.805236360812133699e-03
4.805131325938153883e-03
4.805026594094179669e-03
4.804922164405913895e-03
4.804818036001582554e-03
4.804714208011926987e-03
4.804610679570200417e-03
4.804507449812156668e-03
4.804404517876044098e-03
4.804301882902598658e-03
4.804199544035036087e-03
4.804097500419045839e-03
4.803995751202782410e-03
4.803894295536859267e-03
4.803793132574342775e-03
4.803692261470741791e-03
4.803591681384003324e-03
4.803491391474504733e-03
4.803391390905046784e-03
4.803291678840846714e-03
4.803192254449530421e-03
4.803093116901126398e-03
4.802994265368058791e-03
4.802895699025139589e-03
4.802797417049560827e-03
4.802699418620891975e-03
4.802601702921069533e-03
4.802504269134390096e-03
4.802407116447503406e-03
4.802310244049408025e-03
4.802213651131442655e-03
4.802117336887278334e-03
4.802021300512914967e-03
4.801925541206672650e-03
4.801830058169182999e-03
4.801734850603383946e-03
4.801639917714516266e-03
4.801545258710113173e-03
4.801450872799995113e-03
4.801356759196260225e-03
4.801262917113282604e-03
4.801169345767701026e-03
4.801076044378418950e-03
4.800983012166588036e-03
4.800890248355613350e-03
4.800797752171136017e-03
4.800705522841033218e-03
4.800613559595412992e-03
4.800521861666601220e-03
4.800430428289140759e-03
4.800339258699781037e-03
4.800248352137476311e-03
4.800157707843377003e-03
4.800067325060821018e-03
4.799977203035329411e-03
4.799887341014602918e-03
4.799797738248510678e-03
4.799708393989086767e-03
4.799619307490524123e-03
4.799530478009168474e-03
4.799441904803507936e-03
4.799353587134172136e-03
4.799265524263925282e-03
4.799177715457656618e-03
4.799090159982378687e-03
4.799002857107216927e-03
4.798915806103406199e-03
4.798829006244283851e-03
4.798742456805284509e-03
4.798656157063934877e-03
4.798570106299841591e-03
4.798484303794693824e-03
4.798398748832252009e-03
4.798313440698344368e-03
4.798228378680857373e-03
4.798143562069733144e-03
4.798058990156962508e-03
4.797974662236580666e-03
4.797890577604656780e-03
4.797806735559293975e-03
4.797723135400617199e-03
4.797639776430774085e-03
4.797556657953922811e-03
4.797473779276231233e-03
4.797391139705869077e-03
4.797308738553000135e-03
4.797226575129780526e-03
4.797144648750350897e-03
4.797062958730828608e-03
4.796981504389306004e-03
4.796900285045843475e-03
4.796819300022460777e-03
4.796738548643136174e-03
4.796658030233796020e-03
4.796577744122313899e-03
4.796497689638501080e-03
4.796417866114103049e-03
4.796338272882791701e-03
4.796258909280165343e-03
4.796179774643733948e-03
4.796100868312922622e-03
4.796022189629060330e-03
4.795943737935379030e-03
4.795865512577002394e-03
4.795787512900944946e-03
4.795709738256105116e-03
4.795632187993260041e-03
4.795554861465059493e-03
4.795477758026022407e-03
4.795400877032528208e-03
4.795324217842812480e-03
4.795247779816964352e-03
4.795171562316917838e-03
4.795095564706449223e-03
4.795019786351171001e-03
4.794944226618521460e-03
4.794868884877767287e-03
4.794793760499996629e-03
4.794718852858108685e-03
4.794644161326812835e-03
4.794569685282625178e-03
4.794495424103856381e-03
4.794421377170613417e-03
4.794347543864791762e-03
4.794273923570068451e-03
4.794200515671899476e-03
4.794127319557514588e-03
4.794054334615910351e-03
4.793981560237847543e-03
4.793908995815844218e-03
4.793836640744169632e-03
4.793764494418841643e-03
4.793692556237618904e-03
4.793620825600000863e-03
4.793549301907218223e-03
4.793477984562227734e-03
4.793406872969708729e-03
4.793335966536060519e-03
4.793265264669392851e-03
4.793194766779524177e-03
4.793124472277975577e-03
4.793054380577965561e-03
4.793040386521851999e-03
4.793026400549200289e-03
4.793012422655687499e-03
4.793010688538991773e-03
4.793008954546645363e-03
4.793005486810631224e-03
4.793002019571939755e-03
4.792998552830505035e-03
4.792996574667976288e-03
4.792994596667353620e-03
4.792990640989885746e-03
4.792986685959925962e-03
4.792986633007709565e-03
4.792986580055608528e-03
4.792986527103623717e-03
4.792986474151755133e-03
4.792986421200002775e-03
4.792986315296730512e-03
4.792986203079500213e-03
4.792985967165123637e-03
4.792985609916752994e-03
4.792985059521725696e-03
4.792946545607830802e-03
4.792813209588694424e-03
4.792530106366993045e-03
4.791213852454924253e-03
4.788695417054729224e-03
4.784894333733768525e-03
4.779820248887642863e-03
4.772013771581916711e-03
4.762512504719762507e-03
4.751462478665656290e-03
4.738921514384603594e-03
4.725127959076801457e-03
4.710232768099837167e-03
4.694141479820454835e-03
4.677186025976283468e-03
4.659481715970430551e-03
4.639101747877430633e-03
4.618051343129658121e-03
4.596439726569134625e-03
4.494977592154738265e-03
4.381063500214928651e-03
4.289401868261954499e-03
4.199159429379478205e-03
4.110760485469802140e-03
4.024505694484631531e-03
3.862048611299225085e-03
3.709179702996416670e-03
3.565760532634204821e-03
3.431283944904309127e-03
3.255821967370706865e-03
3.095606402791411214e-03
2.949343388623809018e-03
2.815840900257002635e-03
2.664132547714977151e-03
2.528902606039221818e-03
2.408385301749197110e-03
2.300999744362945600e-03
2.205319832631713866e-03
2.120066357138970185e-03
2.044099102520253747e-03
1.976404154638528726e-03
1.916079205082574623e-03
1.862319944056219567e-03
1.814409092193645847e-03
1.771706974567151868e-03
1.733643720871997067e-03
1.699711563536853700e-03
1.669458475151962447e-03
1.642481557303878282e-03
1.618422220719039619e-03
1.596960857085939029e-03
1.577812806950914561e-03
1.560724631544469377e-03
1.545470641683630887e-03
1.531849847253315740e-03
1.519683268987407189e-03
1.508811533132061377e-03
1.499092725159042018e-03
1.490400480198276990e-03
1.482622281227897586e-03
1.475657942313249359e-03
1.469418258106187144e-03
1.463823801252476641e-03
1.458803851163762138e-03
1.454295439970508790e-03
1.450242502979487078e-03
1.446595122149675096e-03
1.443308852385496738e-03
1.440344121622796989e-03
1.437665696651308335e-03
1.435242207470137192e-03
1.433045723761188113e-03
1.431051377775805020e-03
1.429237028555144229e-03
1.427582962957361793e-03
1.426071629458217430e-03
1.424687401133524402e-03
1.423416364625828710e-03
1.422246132247938135e-03
1.421165674687448546e-03
1.420165172054025683e-03
1.419235881258682375e-03
1.418370017934675190e-03
1.417560651305843243e-03
1.416801610582877746e-03
1.416087401623601465e-03
1.415413132731877270e-03
1.414774448593139134e-03
1.414167471454382289e-03
1.413588748754252954e-03
1.413035206495965278e-03
1.412504107733330259e-03
1.411993015609209080e-03
1.411499760447195101e-03
1.411022410452054347e-03
1.410559245623197377e-03
1.410108734528840290e-03
1.409669513627158496e-03
1.409240368855124801e-03
1.408820219236358966e-03
1.408408102286580347e-03
1.408003161019538967e-03
1.407604632377907217e-03
1.407211836932876960e-03
1.406824169713326170e-03
1.406441092040687166e-03
1.406062124259227714e-03
1.405686839263553360e-03
1.405314858416903054e-03
1.404945845569901966e-03
1.404579496618186228e-03
1.404215540657384421e-03
1.403853701460060655e-03
1.403493783987686200e-03
1.403135620035171659e-03
1.402779047042342726e-03
1.402423915632341513e-03
1.402070091131992630e-03
1.401717453037163146e-03
1.401365893847703655e-03
1.401015317779126610e-03
1.400665639524390198e-03
1.400316783118599239e-03
1.399968680916580848e-03
1.399621272678669556e-03
1.399274504755617125e-03
1.398928329362734806e-03
1.398582703933817697e-03
1.398237590546191900e-03
1.397892955845023979e-03
1.397548769335826575e-03
1.397205004059732690e-03
1.396861636058506105e-03
1.396518643993464696e-03
1.396176008839405827e-03
1.395833713623733643e-03
1.395491743198318865e-03
1.395150084037880336e-03
1.394808724061063262e-03
1.394467652471395201e-03
1.394126859615825876e-03
1.393786336858868864e-03
1.393446076470618040e-03
1.393106071527103976e-03
1.392766315821628107e-03
1.392426803785866201e-03
1.392087530419664106e-03
1.391748491228566448e-03
1.391409682168230242e-03
1.391071099594959684e-03
1.390732740221692094e-03
1.390394601078832199e-03
1.390056679479400670e-03
1.389718972988023341e-03
1.389381480033770409e-03
1.389044198090905744e-03
1.388707125026759654e-03
1.388370259162225850e-03
1.388033598804102762e-03
1.387697142680911593e-03
1.387360889636821267e-03
1.387024838520713741e-03
1.386688988237689667e-03
1.386353337760878185e-03
1.386017886407444862e-03
1.385682633070270094e-03
1.385347576780742622e-03
1.385012716741231822e-03
1.384678052114203875e-03
1.384343582251837575e-03
1.384009306547048009e-03
1.383675224381063435e-03
1.383341335148775874e-03
1.383007638265518029e-03
1.382674133330174778e-03
1.382340819685886789e-03
1.382007696735408934e-03
1.381674763964066107e-03
1.381342020810280178e-03
1.381009466827973946e-03
1.380677101588249391e-03
1.380344924645761362e-03
1.380012935555645446e-03
1.379681133878639734e-03
1.379349519306809994e-03
1.379018091332524527e-03
1.378686849482675669e-03
1.378355793338309487e-03
1.378024922432337157e-03
1.377694236388437524e-03
1.377363734839987192e-03
1.377033417402785242e-03
1.376703283689099076e-03
1.376373333312185757e-03
1.376043565998270359e-03
1.375713981294704328e-03
1.375384578775085478e-03
1.375055358057505331e-03
1.374726318712463482e-03
1.374397460391987196e-03
1.374068782755345558e-03
1.373740285444220591e-03
1.373411968095611434e-03
1.373083830346087013e-03
1.372755871937458242e-03
1.372428092442390521e-03
1.372100491456782617e-03
1.371773068617245092e-03
1.371445823513867558e-03
1.371118755813908368e-03
1.370791865190984721e-03
1.370465151301456571e-03
1.370138613796741209e-03
1.369812252327402228e-03
1.369486066644895386e-03
1.369160056337703942e-03
1.368834221016186018e-03
1.368508560329488588e-03
1.368183073881446346e-03
1.367857761350271340e-03
1.367532622420143283e-03
1.367207656758415288e-03
1.366882864027509949e-03
1.366558243888884271e-03
1.366233796101648263e-03
1.365909520266910069e-03
1.365585416006826532e-03
1.365261482981018236e-03
1.364937720805023185e-03
1.364614129166493578e-03
1.364290707758817472e-03
1.363967456259005404e-03
1.363644374339235401e-03
1.363321461670702339e-03
1.362998718019416090e-03
1.362676142997895374e-03
1.362353736239054272e-03
1.362031497412157345e-03
1.361709426143595464e-03
1.361387522129817174e-03
1.361065785072827338e-03
1.360744214658698905e-03
1.360422810568793963e-03
1.360101572483504674e-03
1.359780500175376047e-03
1.359459593267743453e-03
1.359138851403752591e-03
1.358818274261871378e-03
1.358497861478871489e-03
1.358177612759630054e-03
1.357857527814419416e-03
1.357537606338017361e-03
1.357217848020616591e-03
1.356898252551461126e-03
1.356578819709392154e-03
1.356259549128170519e-03
1.355940440460811844e-03
1.355621493394671903e-03
1.355302707576558395e-03
1.354984082719499052e-03
1.354665618541765239e-03
1.354347314746560732e-03
1.354029171032627163e-03
1.353711187097783077e-03
1.353393362726968948e-03
1.353075697564047348e-03
1.352758191271601334e-03
1.352440843545604354e-03
1.352123654042597638e-03
1.351806622483515139e-03
1.351489748594389808e-03
1.351173032086600088e-03
1.350856472667184578e-03
1.350540070042282204e-03
1.350223824002754923e-03
1.349907734202269744e-03
1.349591800312697218e-03
1.349276022038377798e-03
1.348960399045302837e-03
1.348644931062084173e-03
1.348329617822290830e-03
1.348014459045239564e-03
1.347699454446026329e-03
1.347384603738870611e-03
1.347069906720385190e-03
1.346755363053759192e-03
1.346440972419882861e-03
1.346126734531224046e-03
1.345812649062952306e-03
1.345498715751137489e-03
1.345184934336668067e-03
1.344871304546572076e-03
1.344557826103771891e-03
1.344244498730336407e-03
1.343931322228463345e-03
1.343618296270592026e-03
1.343305420546375218e-03
1.342992694776173977e-03
1.342680118644074775e-03
1.342367691893391231e-03
1.342055414272123317e-03
1.341743285514789604e-03
1.341431305351914460e-03
1.341119473513192190e-03
1.340807789806246946e-03
1.340496253912502834e-03
1.340184865530124475e-03
1.339873624387141922e-03
1.339562530176303338e-03
1.339251582647959463e-03
1.338940781557017940e-03
1.338630126645274287e-03
1.338319617650638241e-03
1.338009254310211374e-03
1.337699036436889232e-03
1.337388963720824398e-03
1.337079035868451353e-03
1.336769252615248402e-03
1.336459613662379503e-03
1.336150118767031074e-03
1.335840767690821751e-03
1.335531560182615833e-03
1.335222495987498093e-03
1.334913574849765300e-03
1.334604796587434555e-03
1.334296160899137770e-03
1.333987667499342278e-03
1.333679316130763435e-03
1.333371106502739432e-03
1.333063038379098293e-03
1.332755111527977312e-03
1.332447325705108775e-03
1.332139680662546705e-03
1.331832176151579242e-03
1.331524811995197588e-03
1.331217587900271207e-03
1.330910503589071304e-03
1.330603558811344067e-03
1.330296753284368385e-03
1.329990086778424152e-03
1.329683559067982137e-03
1.329377169915445071e-03
1.329070919079638905e-03
1.328764806318642787e-03
1.328458831460279993e-03
1.328152994219423347e-03
1.327847294325924798e-03
1.327541731536360141e-03
1.327236305575723663e-03
1.326931016220562164e-03
1.326625863251498826e-03
1.326320846437417959e-03
1.326015965543722933e-03
1.325711220335090050e-03
1.325406610644038266e-03
1.325102136193213919e-03
1.324797796719833724e-03
1.324493591987109010e-03
1.324189521727528072e-03
1.323885585723727021e-03
1.323581783762305380e-03
1.323278115618444287e-03
1.322974581063936748e-03
1.322671179869868655e-03
1.322367911873319115e-03
1.322064776804487453e-03
1.321761774407745468e-03
1.321458904452749638e-03
1.321156166679269325e-03
1.320853560875855396e-03
1.320551086834914579e-03
1.320248744337743346e-03
1.319946533162343278e-03
1.319644453086026839e-03
1.319342503950303620e-03
1.319040685492710394e-03
1.318738997464568912e-03
1.318437439641797788e-03
1.318136011771239499e-03
1.317834713647191404e-03
1.317533545067700682e-03
1.317232505820006751e-03
1.316931595688141310e-03
1.316630814455465584e-03
1.316330161967793231e-03
1.316029637969789653e-03
1.315729242219528580e-03
1.315428974499012081e-03
1.315128834561953659e-03
1.314828822208233229e-03
1.314528937241378394e-03
1.314229179454400433e-03
1.313929548637190288e-03
1.313630044578985344e-03
1.313330667129781462e-03
1.313031416041167757e-03
1.312732291077777814e-03
1.312433292027523910e-03
1.312134418650794977e-03
1.311835670752894110e-03
1.311537048142672347e-03
1.311238550618749107e-03
1.310940177976707395e-03
1.310641930011492923e-03
1.310343806577164054e-03
1.310045807432036946e-03
1.309747932347118341e-03
1.309450181116061148e-03
1.309152553505739565e-03
1.308855049326725691e-03
1.308557668393041992e-03
1.308260410508756220e-03
1.307963275474980811e-03
1.307666263092207171e-03
1.307369373218440593e-03
1.307072605618532371e-03
1.306775960069680260e-03
1.306479436371114737e-03
1.306183034296010299e-03
1.305886753660057131e-03
1.305590594282302541e-03
1.305294555972106706e-03
1.304998638535954285e-03
1.304702841779724299e-03
1.304407165565255999e-03
1.304111609663749548e-03
1.303816173858417206e-03
1.303520857953908724e-03
1.303225661729518273e-03
1.302930585005909270e-03
1.302635627607009886e-03
1.302340789347322452e-03
1.302046070038549675e-03
1.301751469491805322e-03
1.301456987572653309e-03
1.301162624058461829e-03
1.300868378738286339e-03
1.300574251422039959e-03
1.300280241894963924e-03
1.299986349982551991e-03
1.299692575513474412e-03
1.299398918307228873e-03
1.299105378180588242e-03
1.298811954949751196e-03
1.298518648483900067e-03
1.298225458566395650e-03
1.297932384991969199e-03
1.297639427575648669e-03
1.297346586108451922e-03
1.297053860420565143e-03
1.296761250345266226e-03
1.296468755706905313e-03
1.296176376327180801e-03
1.295884112027231643e-03
1.295591962679755590e-03
1.295299928073934733e-03
1.295008008010015447e-03
1.294716202307993717e-03
1.294424510764499237e-03
1.294132933214278344e-03
1.293841469495083871e-03
1.293550119435980719e-03
1.293258882863452955e-03
1.292967759603437993e-03
1.292676749532049689e-03
1.292385852444125115e-03
1.292095068145268340e-03
1.291804396460302434e-03
1.291513837191309109e-03
1.291223390177463886e-03
1.290933055260867898e-03
1.290642832275166801e-03
1.290352721051492204e-03
1.290062721420445540e-03
1.289772833261457674e-03
1.289483056374860631e-03
1.289193390571463519e-03
1.288903835680778147e-03
1.288614391510183640e-03
1.288325057903158067e-03
1.288035834706027479e-03
1.287746721756886882e-03
1.287457718891384670e-03
1.287168825944651641e-03
1.286880042799342424e-03
1.286591369261127007e-03
1.286302805145870783e-03
1.286014350287641378e-03
1.285726004498963975e-03
1.285437767627497542e-03
1.285149639523671837e-03
1.284861620029904361e-03
1.284573708986232144e-03
1.284285906232186325e-03
1.283998211653552927e-03
1.283710625061188111e-03
1.283423146275870005e-03
1.283135775136092166e-03
1.282848511459378600e-03
1.282561355097450780e-03
1.282274305904724425e-03
1.281987363727818321e-03
1.281700528411031060e-03
1.281413799798169660e-03
1.281127177778062847e-03
1.280840662166603987e-03
1.280554252789345166e-03
1.280267949489079021e-03
1.279981752088187215e-03
1.279695660442336418e-03
1.279409674409816636e-03
1.279123793841326290e-03
1.278838018585305627e-03
1.278552348489715457e-03
1.278266783446339828e-03
1.277981323275967926e-03
1.277695967808787237e-03
1.277410716891769346e-03
1.277125570352013280e-03
1.276840528049020098e-03
1.276555589844842638e-03
1.276270755594143382e-03
1.275986025149386483e-03
1.275701398362567938e-03
1.275520100421289162e-03
