0.000000000000000000e+00
3.839252241244918413e-05
7.678504482489836825e-05
1.535700896497967365e-04
2.303551344746951183e-04
3.071401792995934730e-04
1.074990627548577183e-03
1.842841075797560946e-03
2.610691524046544493e-03
3.378541972295528040e-03
4.951167858169737770e-03
6.523793744043947934e-03
8.096419629918158098e-03
9.669045515792368262e-03
1.124167140166657843e-02
1.433291218397571287e-02
1.742415296628484905e-02
1.988968853636811918e-02
2.235522410645138930e-02
2.482075967653465942e-02
2.728629524661792954e-02
2.975183081670119967e-02
3.221736638678446979e-02
3.557195211639006122e-02
3.892653784599565264e-02
4.228112357560124407e-02
4.563570930520683550e-02
4.899029503481242692e-02
5.234488076441801835e-02
5.626883207748612642e-02
6.019278339055423449e-02
6.411673470362234950e-02
6.804068601669045757e-02
7.196463732975856564e-02
7.672436680079230964e-02
8.148409627182605364e-02
8.624382574285979763e-02
9.100355521389354163e-02
9.576328468492728563e-02
1.015976037766237183e-01
1.074319228683201510e-01
1.132662419600165837e-01
1.191005610517130164e-01
1.295105862602272673e-01
1.399206114687415181e-01
1.503306366772557690e-01
1.607406618857700198e-01
1.711506870942842706e-01
1.843257377842290046e-01
1.975007884741737385e-01
2.106758391641184724e-01
2.238508898540632064e-01
2.370259405440079403e-01
2.428561314321458220e-01
2.486863223202837037e-01
2.545165132084216131e-01
2.603467040965595225e-01
2.664030310163227888e-01
2.724593579360860551e-01
2.785156848558493214e-01
2.923074617841419642e-01
3.060992387124346070e-01
3.198910156407272498e-01
3.336827925690198926e-01
3.533465359244643000e-01
3.730102792799087075e-01
3.926740226353531149e-01
4.123377659907975223e-01
4.353574932355706584e-01
4.583772204803437944e-01
4.641321522915370923e-01
4.698870841027303902e-01
4.756420159139236881e-01
4.813969477251169859e-01
4.871518795363102838e-01
4.929683191766763284e-01
4.987847588170423729e-01
5.046011984574083620e-01
5.104176380977744065e-01
5.164460114890808695e-01
5.224743848803873325e-01
5.285027582716937955e-01
5.511034453165252200e-01
5.737041323613566446e-01
5.963048194061880691e-01
6.189055064510194937e-01
6.554163431361288428e-01
6.645440523074062078e-01
6.736717614786835728e-01
6.827994706499609379e-01
6.919271798212383029e-01
7.010548889925156679e-01
7.068565061074925104e-01
7.126581232224693530e-01
7.184597403374461955e-01
7.242613574524230380e-01
7.301499578134527102e-01
7.360385581744823824e-01
7.419271585355120546e-01
7.690305670660015913e-01
7.961339755964911280e-01
8.232373841269806647e-01
8.503407926574702014e-01
8.571166447900926411e-01
8.638924969227150807e-01
8.706683490553375204e-01
8.774442011879599601e-01
8.834289637001384587e-01
8.894137262123169574e-01
8.953984887244954560e-01
9.076512367857514363e-01
9.199039848470074165e-01
9.321567329082633968e-01
9.665164402147609080e-01
9.751063670413853135e-01
9.836962938680097190e-01
9.922862206946341246e-01
1.000876147521258419e+00
1.006981759382199915e+00
1.013087371243141410e+00
1.019192983104082906e+00
1.033206630262689218e+00
1.047220277421295531e+00
1.061233924579901844e+00
1.099318070442699691e+00
1.108839106908399152e+00
1.118360143374098614e+00
1.127881179839798076e+00
1.146923252771196999e+00
1.165965325702595923e+00
1.185007398633994846e+00
1.204049471565393770e+00
1.237853712414053620e+00
1.271657953262713470e+00
1.305462194111373320e+00
1.339266434960033170e+00
1.388437389451852244e+00
1.437608343943671318e+00
1.486779298435490393e+00
1.535950252927309467e+00
1.585121207419128542e+00
1.648723128943055505e+00
1.712325050466982468e+00
1.775926971990909431e+00
1.839528893514836394e+00
1.903130815038763357e+00
1.983026362748539828e+00
2.062921910458316521e+00
2.142817458168093214e+00
2.222713005877869907e+00
2.302608553587646600e+00
2.402608553587646689e+00
2.502608553587646778e+00
2.602608553587646867e+00
2.702608553587646956e+00
2.802608553587647044e+00
2.902608553587647133e+00
3.002608553587647222e+00
3.102608553587647311e+00
3.202608553587647400e+00
3.302608553587647489e+00
3.402608553587647577e+00
3.502608553587647666e+00
3.602608553587647755e+00
3.702608553587647844e+00
3.802608553587647933e+00
3.902608553587648021e+00
4.002608553587648110e+00
4.102608553587647755e+00
4.202608553587647400e+00
4.302608553587647044e+00
4.402608553587646689e+00
4.502608553587646334e+00
4.602608553587645979e+00
4.702608553587645623e+00
4.802608553587645268e+00
4.902608553587644913e+00
5.002608553587644558e+00
5.102608553587644202e+00
5.202608553587643847e+00
5.302608553587643492e+00
5.402608553587643136e+00
5.502608553587642781e+00
5.602608553587642426e+00
5.702608553587642071e+00
5.802608553587641715e+00
5.902608553587641360e+00
6.002608553587641005e+00
6.102608553587640650e+00
6.202608553587640294e+00
6.302608553587639939e+00
6.402608553587639584e+00
6.502608553587639229e+00
6.602608553587638873e+00
6.702608553587638518e+00
6.802608553587638163e+00
6.902608553587637807e+00
7.002608553587637452e+00
7.102608553587637097e+00
7.202608553587636742e+00
7.302608553587636386e+00
7.402608553587636031e+00
7.502608553587635676e+00
7.602608553587635321e+00
7.702608553587634965e+00
7.802608553587634610e+00
7.902608553587634255e+00
8.002608553587634788e+00
8.102608553587634432e+00
8.202608553587634077e+00
8.302608553587633722e+00
8.402608553587633367e+00
8.502608553587633011e+00
8.602608553587632656e+00
8.702608553587632301e+00
8.802608553587631945e+00
8.902608553587631590e+00
9.002608553587631235e+00
9.102608553587630880e+00
9.202608553587630524e+00
9.302608553587630169e+00
9.402608553587629814e+00
9.502608553587629459e+00
9.602608553587629103e+00
9.702608553587628748e+00
9.802608553587628393e+00
9.902608553587628037e+00
1.000260855358762768e+01
1.010260855358762733e+01
1.020260855358762697e+01
1.030260855358762662e+01
1.040260855358762626e+01
1.050260855358762591e+01
1.060260855358762555e+01
1.070260855358762520e+01
1.080260855358762484e+01
1.090260855358762448e+01
1.100260855358762413e+01
1.110260855358762377e+01
1.120260855358762342e+01
1.130260855358762306e+01
1.140260855358762271e+01
1.150260855358762235e+01
1.160260855358762200e+01
1.170260855358762164e+01
1.180260855358762129e+01
1.190260855358762093e+01
1.200260855358762058e+01
1.210260855358762022e+01
1.220260855358761987e+01
1.230260855358761951e+01
1.240260855358761916e+01
1.250260855358761880e+01
1.260260855358761845e+01
1.270260855358761809e+01
1.280260855358761773e+01
1.290260855358761738e+01
1.300260855358761702e+01
1.310260855358761667e+01
1.320260855358761631e+01
1.330260855358761596e+01
1.340260855358761560e+01
1.350260855358761525e+01
1.360260855358761489e+01
1.370260855358761454e+01
1.380260855358761418e+01
1.390260855358761383e+01
1.400260855358761347e+01
1.410260855358761312e+01
1.420260855358761276e+01
1.430260855358761241e+01
1.440260855358761205e+01
1.450260855358761169e+01
1.460260855358761134e+01
1.470260855358761098e+01
1.480260855358761063e+01
1.490260855358761027e+01
1.500260855358760992e+01
1.510260855358760956e+01
1.520260855358760921e+01
1.530260855358760885e+01
1.540260855358760850e+01
1.550260855358760814e+01
1.560260855358760779e+01
1.570260855358760743e+01
1.580260855358760708e+01
1.590260855358760672e+01
1.600260855358760637e+01
1.610260855358760779e+01
1.620260855358760921e+01
1.630260855358761063e+01
1.640260855358761205e+01
1.650260855358761347e+01
1.660260855358761489e+01
1.670260855358761631e+01
1.680260855358761773e+01
1.690260855358761916e+01
1.700260855358762058e+01
1.710260855358762200e+01
1.720260855358762342e+01
1.730260855358762484e+01
1.740260855358762626e+01
1.750260855358762768e+01
1.760260855358762910e+01
1.770260855358763052e+01
1.780260855358763195e+01
1.790260855358763337e+01
1.800260855358763479e+01
1.810260855358763621e+01
1.820260855358763763e+01
1.830260855358763905e+01
1.840260855358764047e+01
1.850260855358764189e+01
1.860260855358764331e+01
1.870260855358764474e+01
1.880260855358764616e+01
1.890260855358764758e+01
1.900260855358764900e+01
1.910260855358765042e+01
1.920260855358765184e+01
1.930260855358765326e+01
1.940260855358765468e+01
1.950260855358765610e+01
1.960260855358765752e+01
1.970260855358765895e+01
1.980260855358766037e+01
1.990260855358766179e+01
2.000260855358766321e+01
2.010260855358766463e+01
2.020260855358766605e+01
2.030260855358766747e+01
2.040260855358766889e+01
2.050260855358767031e+01
2.060260855358767174e+01
2.070260855358767316e+01
2.080260855358767458e+01
2.090260855358767600e+01
2.100260855358767742e+01
2.110260855358767884e+01
2.120260855358768026e+01
2.130260855358768168e+01
2.140260855358768310e+01
2.150260855358768453e+01
2.160260855358768595e+01
2.170260855358768737e+01
2.180260855358768879e+01
2.190260855358769021e+01
2.200260855358769163e+01
2.210260855358769305e+01
2.220260855358769447e+01
2.230260855358769589e+01
2.240260855358769732e+01
2.250260855358769874e+01
2.260260855358770016e+01
2.270260855358770158e+01
2.280260855358770300e+01
2.290260855358770442e+01
2.300260855358770584e+01
2.310260855358770726e+01
2.320260855358770868e+01
2.330260855358771011e+01
2.340260855358771153e+01
2.350260855358771295e+01
2.360260855358771437e+01
2.370260855358771579e+01
2.380260855358771721e+01
2.390260855358771863e+01
2.400260855358772005e+01
2.410260855358772147e+01
2.420260855358772289e+01
2.430260855358772432e+01
2.440260855358772574e+01
2.450260855358772716e+01
2.460260855358772858e+01
2.470260855358773000e+01
2.480260855358773142e+01
2.490260855358773284e+01
2.500260855358773426e+01
2.510260855358773568e+01
2.520260855358773711e+01
2.530260855358773853e+01
2.540260855358773995e+01
2.550260855358774137e+01
2.560260855358774279e+01
2.570260855358774421e+01
2.580260855358774563e+01
2.590260855358774705e+01
2.600260855358774847e+01
2.610260855358774990e+01
2.620260855358775132e+01
2.630260855358775274e+01
2.640260855358775416e+01
2.650260855358775558e+01
2.660260855358775700e+01
2.670260855358775842e+01
2.680260855358775984e+01
2.690260855358776126e+01
2.700260855358776269e+01
2.710260855358776411e+01
2.720260855358776553e+01
2.730260855358776695e+01
2.740260855358776837e+01
2.750260855358776979e+01
2.760260855358777121e+01
2.770260855358777263e+01
2.780260855358777405e+01
2.790260855358777548e+01
2.800260855358777690e+01
2.810260855358777832e+01
2.820260855358777974e+01
2.830260855358778116e+01
2.840260855358778258e+01
2.850260855358778400e+01
2.860260855358778542e+01
2.870260855358778684e+01
2.880260855358778826e+01
2.890260855358778969e+01
2.900260855358779111e+01
2.910260855358779253e+01
2.920260855358779395e+01
2.930260855358779537e+01
2.940260855358779679e+01
2.950260855358779821e+01
2.960260855358779963e+01
2.970260855358780105e+01
2.980260855358780248e+01
2.990260855358780390e+01
3.000260855358780532e+01
3.010260855358780674e+01
3.020260855358780816e+01
3.030260855358780958e+01
3.040260855358781100e+01
3.050260855358781242e+01
3.060260855358781384e+01
3.070260855358781527e+01
3.080260855358781669e+01
3.090260855358781811e+01
3.100260855358781953e+01
3.110260855358782095e+01
3.120260855358782237e+01
3.130260855358782379e+01
3.140260855358782521e+01
3.150260855358782663e+01
3.160260855358782806e+01
3.170260855358782948e+01
3.180260855358783090e+01
3.190260855358783232e+01
3.200260855358783374e+01
3.210260855358783516e+01
3.220260855358783658e+01
3.230260855358783800e+01
3.240260855358783942e+01
3.250260855358784085e+01
3.260260855358784227e+01
3.270260855358784369e+01
3.280260855358784511e+01
3.290260855358784653e+01
3.300260855358784795e+01
3.310260855358784937e+01
3.320260855358785079e+01
3.330260855358785221e+01
3.340260855358785363e+01
3.350260855358785506e+01
3.360260855358785648e+01
3.370260855358785790e+01
3.380260855358785932e+01
3.390260855358786074e+01
3.400260855358786216e+01
3.410260855358786358e+01
3.420260855358786500e+01
3.430260855358786642e+01
3.440260855358786785e+01
3.450260855358786927e+01
3.460260855358787069e+01
3.470260855358787211e+01
3.480260855358787353e+01
3.490260855358787495e+01
3.500260855358787637e+01
3.510260855358787779e+01
3.520260855358787921e+01
3.530260855358788064e+01
3.540260855358788206e+01
3.550260855358788348e+01
3.560260855358788490e+01
3.570260855358788632e+01
3.580260855358788774e+01
3.590260855358788916e+01
3.600260855358789058e+01
3.610260855358789200e+01
3.620260855358789343e+01
3.630260855358789485e+01
3.640260855358789627e+01
3.650260855358789769e+01
3.660260855358789911e+01
3.670260855358790053e+01
3.680260855358790195e+01
3.690260855358790337e+01
3.700260855358790479e+01
3.710260855358790621e+01
3.720260855358790764e+01
3.730260855358790906e+01
3.740260855358791048e+01
3.750260855358791190e+01
3.760260855358791332e+01
3.770260855358791474e+01
3.780260855358791616e+01
3.790260855358791758e+01
3.800260855358791900e+01
3.810260855358792043e+01
3.820260855358792185e+01
3.830260855358792327e+01
3.840260855358792469e+01
3.850260855358792611e+01
3.860260855358792753e+01
3.870260855358792895e+01
3.880260855358793037e+01
3.890260855358793179e+01
3.900260855358793322e+01
3.910260855358793464e+01
3.920260855358793606e+01
3.930260855358793748e+01
3.940260855358793890e+01
3.950260855358794032e+01
3.960260855358794174e+01
3.970260855358794316e+01
3.980260855358794458e+01
3.990260855358794601e+01
4.000260855358794743e+01
4.010260855358794885e+01
4.020260855358795027e+01
4.030260855358795169e+01
4.040260855358795311e+01
4.050260855358795453e+01
4.060260855358795595e+01
4.070260855358795737e+01
4.080260855358795880e+01
4.090260855358796022e+01
4.100260855358796164e+01
4.110260855358796306e+01
4.120260855358796448e+01
4.130260855358796590e+01
4.140260855358796732e+01
4.150260855358796874e+01
4.160260855358797016e+01
4.170260855358797158e+01
4.180260855358797301e+01
4.190260855358797443e+01
4.200260855358797585e+01
4.210260855358797727e+01
4.220260855358797869e+01
4.230260855358798011e+01
4.240260855358798153e+01
4.250260855358798295e+01
4.260260855358798437e+01
4.270260855358798580e+01
4.280260855358798722e+01
4.290260855358798864e+01
4.300260855358799006e+01
4.310260855358799148e+01
4.320260855358799290e+01
4.330260855358799432e+01
4.340260855358799574e+01
4.350260855358799716e+01
4.360260855358799859e+01
4.370260855358800001e+01
4.380260855358800143e+01
4.390260855358800285e+01
4.400260855358800427e+01
4.410260855358800569e+01
4.420260855358800711e+01
4.430260855358800853e+01
4.440260855358800995e+01
4.450260855358801138e+01
4.460260855358801280e+01
4.470260855358801422e+01
4.480260855358801564e+01
4.490260855358801706e+01
4.500260855358801848e+01
4.510260855358801990e+01
4.520260855358802132e+01
4.530260855358802274e+01
4.540260855358802417e+01
4.550260855358802559e+01
4.560260855358802701e+01
4.570260855358802843e+01
4.580260855358802985e+01
4.590260855358803127e+01
4.600260855358803269e+01
4.610260855358803411e+01
4.620260855358803553e+01
4.630260855358803695e+01
4.640260855358803838e+01
4.650260855358803980e+01
4.660260855358804122e+01
4.670260855358804264e+01
4.680260855358804406e+01
4.690260855358804548e+01
4.700260855358804690e+01
4.710260855358804832e+01
4.720260855358804974e+01
4.730260855358805117e+01
4.740260855358805259e+01
4.750260855358805401e+01
4.760260855358805543e+01
4.770260855358805685e+01
4.780260855358805827e+01
4.790260855358805969e+01
4.800260855358806111e+01
4.810260855358806253e+01
4.820260855358806396e+01
4.830260855358806538e+01
4.840260855358806680e+01
4.850260855358806822e+01
4.860260855358806964e+01
4.870260855358807106e+01
4.880260855358807248e+01
4.890260855358807390e+01
4.900260855358807532e+01
4.910260855358807675e+01
4.920260855358807817e+01
4.930260855358807959e+01
4.940260855358808101e+01
4.950260855358808243e+01
4.960260855358808385e+01
4.970260855358808527e+01
4.980260855358808669e+01
4.990260855358808811e+01
5.000260855358808953e+01
5.010260855358809096e+01
5.020260855358809238e+01
5.030260855358809380e+01
5.040260855358809522e+01
5.050260855358809664e+01
5.060260855358809806e+01
5.070260855358809948e+01
5.080260855358810090e+01
5.090260855358810232e+01
5.100260855358810375e+01
5.110260855358810517e+01
5.120260855358810659e+01
5.130260855358810801e+01
5.140260855358810943e+01
5.150260855358811085e+01
5.160260855358811227e+01
5.170260855358811369e+01
5.180260855358811511e+01
5.190260855358811654e+01
5.200260855358811796e+01
5.210260855358811938e+01
5.220260855358812080e+01
5.230260855358812222e+01
5.240260855358812364e+01
5.250260855358812506e+01
5.260260855358812648e+01
5.270260855358812790e+01
5.280260855358812933e+01
5.290260855358813075e+01
5.300260855358813217e+01
5.310260855358813359e+01
5.320260855358813501e+01
5.330260855358813643e+01
5.340260855358813785e+01
5.350260855358813927e+01
5.360260855358814069e+01
5.370260855358814212e+01
5.380260855358814354e+01
5.390260855358814496e+01
5.400260855358814638e+01
5.410260855358814780e+01
5.420260855358814922e+01
5.430260855358815064e+01
5.440260855358815206e+01
5.450260855358815348e+01
5.460260855358815490e+01
5.470260855358815633e+01
5.480260855358815775e+01
5.490260855358815917e+01
5.500260855358816059e+01
5.510260855358816201e+01
5.520260855358816343e+01
5.530260855358816485e+01
5.540260855358816627e+01
5.550260855358816769e+01
5.560260855358816912e+01
5.570260855358817054e+01
5.580260855358817196e+01
5.590260855358817338e+01
5.600260855358817480e+01
5.610260855358817622e+01
5.620260855358817764e+01
5.630260855358817906e+01
5.640260855358818048e+01
5.650260855358818191e+01
5.660260855358818333e+01
5.670260855358818475e+01
5.680260855358818617e+01
5.690260855358818759e+01
5.700260855358818901e+01
5.710260855358819043e+01
5.720260855358819185e+01
5.730260855358819327e+01
5.740260855358819470e+01
5.750260855358819612e+01
5.760260855358819754e+01
5.770260855358819896e+01
5.780260855358820038e+01
5.790260855358820180e+01
5.800260855358820322e+01
5.810260855358820464e+01
5.820260855358820606e+01
5.830260855358820749e+01
5.840260855358820891e+01
5.850260855358821033e+01
5.860260855358821175e+01
5.870260855358821317e+01
5.880260855358821459e+01
5.890260855358821601e+01
5.900260855358821743e+01
5.910260855358821885e+01
5.920260855358822027e+01
5.930260855358822170e+01
5.940260855358822312e+01
5.950260855358822454e+01
5.960260855358822596e+01
5.970260855358822738e+01
5.980260855358822880e+01
5.990260855358823022e+01
6.000260855358823164e+01
6.010260855358823306e+01
6.020260855358823449e+01
6.030260855358823591e+01
6.040260855358823733e+01
6.050260855358823875e+01
6.060260855358824017e+01
6.070260855358824159e+01
6.080260855358824301e+01
6.090260855358824443e+01
6.100260855358824585e+01
6.110260855358824728e+01
6.120260855358824870e+01
6.130260855358825012e+01
6.140260855358825154e+01
6.150260855358825296e+01
6.160260855358825438e+01
6.170260855358825580e+01
6.180260855358825722e+01
6.190260855358825864e+01
6.200260855358826007e+01
6.210260855358826149e+01
6.220260855358826291e+01
6.230260855358826433e+01
6.240260855358826575e+01
6.250260855358826717e+01
6.260260855358826859e+01
6.270260855358827001e+01
6.280260855358827143e+01
6.290260855358827285e+01
6.300260855358827428e+01
6.310260855358827570e+01
6.320260855358827712e+01
6.330260855358827854e+01
6.340260855358827996e+01
6.350260855358828138e+01
6.360260855358828280e+01
6.370260855358828422e+01
6.380260855358828564e+01
6.390260855358828707e+01
6.400260855358828849e+01
6.410260855358828280e+01
6.420260855358827712e+01
6.430260855358827143e+01
6.440260855358826575e+01
6.450260855358826007e+01
6.460260855358825438e+01
6.470260855358824870e+01
6.480260855358824301e+01
6.490260855358823733e+01
6.500260855358823164e+01
6.510260855358822596e+01
6.520260855358822027e+01
6.530260855358821459e+01
6.540260855358820891e+01
6.550260855358820322e+01
6.560260855358819754e+01
6.570260855358819185e+01
6.580260855358818617e+01
6.590260855358818048e+01
6.600260855358817480e+01
6.610260855358816912e+01
6.620260855358816343e+01
6.630260855358815775e+01
6.640260855358815206e+01
6.650260855358814638e+01
6.660260855358814069e+01
6.670260855358813501e+01
6.680260855358812933e+01
6.690260855358812364e+01
6.700260855358811796e+01
6.710260855358811227e+01
6.720260855358810659e+01
6.730260855358810090e+01
6.740260855358809522e+01
6.750260855358808953e+01
6.760260855358808385e+01
6.770260855358807817e+01
6.780260855358807248e+01
6.790260855358806680e+01
6.800260855358806111e+01
6.810260855358805543e+01
6.820260855358804974e+01
6.830260855358804406e+01
6.840260855358803838e+01
6.850260855358803269e+01
6.860260855358802701e+01
6.870260855358802132e+01
6.880260855358801564e+01
6.890260855358800995e+01
6.900260855358800427e+01
6.910260855358799859e+01
6.920260855358799290e+01
6.930260855358798722e+01
6.940260855358798153e+01
6.950260855358797585e+01
6.960260855358797016e+01
6.970260855358796448e+01
6.980260855358795880e+01
6.990260855358795311e+01
7.000260855358794743e+01
7.010260855358794174e+01
7.020260855358793606e+01
7.030260855358793037e+01
7.040260855358792469e+01
7.050260855358791900e+01
7.060260855358791332e+01
7.070260855358790764e+01
7.080260855358790195e+01
7.090260855358789627e+01
7.100260855358789058e+01
7.110260855358788490e+01
7.120260855358787921e+01
7.130260855358787353e+01
7.140260855358786785e+01
7.150260855358786216e+01
7.160260855358785648e+01
7.170260855358785079e+01
7.180260855358784511e+01
7.190260855358783942e+01
7.200260855358783374e+01
7.210260855358782806e+01
7.220260855358782237e+01
7.230260855358781669e+01
7.240260855358781100e+01
7.250260855358780532e+01
7.260260855358779963e+01
7.270260855358779395e+01
7.280260855358778826e+01
7.290260855358778258e+01
7.300260855358777690e+01
7.310260855358777121e+01
7.320260855358776553e+01
7.330260855358775984e+01
7.340260855358775416e+01
7.350260855358774847e+01
7.360260855358774279e+01
7.370260855358773711e+01
7.380260855358773142e+01
7.390260855358772574e+01
7.400260855358772005e+01
7.410260855358771437e+01
7.420260855358770868e+01
7.430260855358770300e+01
7.440260855358769732e+01
7.450260855358769163e+01
7.460260855358768595e+01
7.470260855358768026e+01
7.480260855358767458e+01
7.490260855358766889e+01
7.500260855358766321e+01
7.510260855358765752e+01
7.520260855358765184e+01
7.530260855358764616e+01
7.540260855358764047e+01
7.550260855358763479e+01
7.560260855358762910e+01
7.570260855358762342e+01
7.580260855358761773e+01
7.590260855358761205e+01
7.600260855358760637e+01
7.610260855358760068e+01
7.620260855358759500e+01
7.630260855358758931e+01
7.640260855358758363e+01
7.650260855358757794e+01
7.660260855358757226e+01
7.670260855358756658e+01
7.680260855358756089e+01
7.690260855358755521e+01
7.700260855358754952e+01
7.710260855358754384e+01
7.720260855358753815e+01
7.730260855358753247e+01
7.740260855358752679e+01
7.750260855358752110e+01
7.760260855358751542e+01
7.770260855358750973e+01
7.780260855358750405e+01
7.790260855358749836e+01
7.800260855358749268e+01
7.810260855358748699e+01
7.820260855358748131e+01
7.830260855358747563e+01
7.840260855358746994e+01
7.850260855358746426e+01
7.860260855358745857e+01
7.870260855358745289e+01
7.880260855358744720e+01
7.890260855358744152e+01
7.900260855358743584e+01
7.910260855358743015e+01
7.920260855358742447e+01
7.930260855358741878e+01
7.940260855358741310e+01
7.950260855358740741e+01
7.960260855358740173e+01
7.970260855358739605e+01
7.980260855358739036e+01
7.990260855358738468e+01
8.000260855358737899e+01
8.010260855358737331e+01
8.020260855358736762e+01
8.030260855358736194e+01
8.040260855358735625e+01
8.050260855358735057e+01
8.060260855358734489e+01
8.070260855358733920e+01
8.080260855358733352e+01
8.090260855358732783e+01
8.100260855358732215e+01
8.110260855358731646e+01
8.120260855358731078e+01
8.130260855358730510e+01
8.140260855358729941e+01
8.150260855358729373e+01
8.160260855358728804e+01
8.170260855358728236e+01
8.180260855358727667e+01
8.190260855358727099e+01
8.200260855358726531e+01
8.210260855358725962e+01
8.220260855358725394e+01
8.230260855358724825e+01
8.240260855358724257e+01
8.250260855358723688e+01
8.260260855358723120e+01
8.270260855358722552e+01
8.280260855358721983e+01
8.290260855358721415e+01
8.300260855358720846e+01
8.310260855358720278e+01
8.320260855358719709e+01
8.330260855358719141e+01
8.340260855358718572e+01
8.350260855358718004e+01
8.360260855358717436e+01
8.370260855358716867e+01
8.380260855358716299e+01
8.390260855358715730e+01
8.400260855358715162e+01
8.410260855358714593e+01
8.420260855358714025e+01
8.430260855358713457e+01
8.440260855358712888e+01
8.450260855358712320e+01
8.460260855358711751e+01
8.470260855358711183e+01
8.480260855358710614e+01
8.490260855358710046e+01
8.500260855358709478e+01
8.510260855358708909e+01
8.520260855358708341e+01
8.530260855358707772e+01
8.540260855358707204e+01
8.550260855358706635e+01
8.560260855358706067e+01
8.570260855358705498e+01
8.580260855358704930e+01
8.590260855358704362e+01
8.600260855358703793e+01
8.610260855358703225e+01
8.620260855358702656e+01
8.630260855358702088e+01
8.640260855358701519e+01
8.650260855358700951e+01
8.660260855358700383e+01
8.670260855358699814e+01
8.680260855358699246e+01
8.690260855358698677e+01
8.700260855358698109e+01
8.710260855358697540e+01
8.720260855358696972e+01
8.730260855358696404e+01
8.740260855358695835e+01
8.750260855358695267e+01
8.760260855358694698e+01
8.770260855358694130e+01
8.780260855358693561e+01
8.790260855358692993e+01
8.800260855358692424e+01
8.810260855358691856e+01
8.820260855358691288e+01
8.830260855358690719e+01
8.840260855358690151e+01
8.850260855358689582e+01
8.860260855358689014e+01
8.870260855358688445e+01
8.880260855358687877e+01
8.890260855358687309e+01
8.900260855358686740e+01
8.910260855358686172e+01
8.920260855358685603e+01
8.930260855358685035e+01
8.940260855358684466e+01
8.950260855358683898e+01
8.960260855358683330e+01
8.970260855358682761e+01
8.980260855358682193e+01
8.990260855358681624e+01
9.000260855358681056e+01
9.010260855358680487e+01
9.020260855358679919e+01
9.030260855358679351e+01
9.040260855358678782e+01
9.050260855358678214e+01
9.060260855358677645e+01
9.070260855358677077e+01
9.080260855358676508e+01
9.090260855358675940e+01
9.100260855358675371e+01
9.110260855358674803e+01
9.120260855358674235e+01
9.130260855358673666e+01
9.140260855358673098e+01
9.150260855358672529e+01
9.160260855358671961e+01
9.170260855358671392e+01
9.180260855358670824e+01
9.190260855358670256e+01
9.200260855358669687e+01
9.210260855358669119e+01
9.220260855358668550e+01
9.230260855358667982e+01
9.240260855358667413e+01
9.250260855358666845e+01
9.260260855358666277e+01
9.270260855358665708e+01
9.280260855358665140e+01
9.290260855358664571e+01
9.300260855358664003e+01
9.310260855358663434e+01
9.320260855358662866e+01
9.330260855358662297e+01
9.340260855358661729e+01
9.350260855358661161e+01
9.360260855358660592e+01
9.370260855358660024e+01
9.380260855358659455e+01
9.390260855358658887e+01
9.400260855358658318e+01
9.410260855358657750e+01
9.420260855358657182e+01
9.430260855358656613e+01
9.440260855358656045e+01
9.450260855358655476e+01
9.460260855358654908e+01
9.470260855358654339e+01
9.480260855358653771e+01
9.490260855358653203e+01
9.500260855358652634e+01
9.510260855358652066e+01
9.520260855358651497e+01
9.530260855358650929e+01
9.540260855358650360e+01
9.550260855358649792e+01
9.560260855358649223e+01
9.570260855358648655e+01
9.580260855358648087e+01
9.590260855358647518e+01
9.600260855358646950e+01
9.610260855358646381e+01
9.620260855358645813e+01
9.630260855358645244e+01
9.640260855358644676e+01
9.650260855358644108e+01
9.660260855358643539e+01
9.670260855358642971e+01
9.680260855358642402e+01
9.690260855358641834e+01
9.700260855358641265e+01
9.710260855358640697e+01
9.720260855358640129e+01
9.730260855358639560e+01
9.740260855358638992e+01
9.750260855358638423e+01
9.760260855358637855e+01
9.770260855358637286e+01
9.780260855358636718e+01
9.790260855358636150e+01
9.800260855358635581e+01
9.810260855358635013e+01
9.820260855358634444e+01
9.830260855358633876e+01
9.840260855358633307e+01
9.850260855358632739e+01
9.860260855358632170e+01
9.870260855358631602e+01
9.880260855358631034e+01
9.890260855358630465e+01
9.900260855358629897e+01
9.910260855358629328e+01
9.920260855358628760e+01
9.930260855358628191e+01
9.940260855358627623e+01
9.950260855358627055e+01
9.960260855358626486e+01
9.970260855358625918e+01
9.980260855358625349e+01
9.990260855358624781e+01
9.992260855358624383e+01
9.994260855358623985e+01
9.996260855358623587e+01
9.996509067636013413e+01
9.996757279913403238e+01
9.997253704468182889e+01
9.997750129022962540e+01
9.998246553577742191e+01
9.998529862642112676e+01
9.998813171706483161e+01
9.999379789835225552e+01
9.999946407963967943e+01
9.999953994811166069e+01
9.999961581658364196e+01
9.999969168505562322e+01
9.999976755352760449e+01
9.999984342199958576e+01
9.999999515894356250e+01
1.000001468958875392e+02
1.000003894338005495e+02
1.000006319717135597e+02
1.000008745096265699e+02
1.000032998887566862e+02
1.000057252678868025e+02
1.000081506470169188e+02
1.000134890297964461e+02
1.000188274125759733e+02
1.000241657953555006e+02
1.000295041781350278e+02
1.000359815210150174e+02
1.000424588638950070e+02
1.000489362067749965e+02
1.000554619014578179e+02
1.000619875961406393e+02
1.000685132908234607e+02
1.000751316020296287e+02
1.000817499132357966e+02
1.000883682244419646e+02
1.000957066563700550e+02
1.001030450882981455e+02
1.001103835202262360e+02
1.001432025814947053e+02
1.001787035539321806e+02
1.002073926781620088e+02
1.002360818023918370e+02
1.002647709266216651e+02
1.002934600508514933e+02
1.003497766732810703e+02
1.004060932957106473e+02
1.004624099181402244e+02
1.005187265405698014e+02
1.005981159789643868e+02
1.006775054173589723e+02
1.007568948557535577e+02
1.008362842941481432e+02
1.009362842941481375e+02
1.010362842941481318e+02
1.011362842941481262e+02
1.012362842941481205e+02
1.013362842941481148e+02
1.014362842941481091e+02
1.015362842941481034e+02
1.016362842941480977e+02
1.017362842941480920e+02
1.018362842941480864e+02
1.019362842941480807e+02
1.020362842941480750e+02
1.021362842941480693e+02
1.022362842941480636e+02
1.023362842941480579e+02
1.024362842941480523e+02
1.025362842941480466e+02
1.026362842941480409e+02
1.027362842941480352e+02
1.028362842941480295e+02
1.029362842941480238e+02
1.030362842941480181e+02
1.031362842941480125e+02
1.032362842941480068e+02
1.033362842941480011e+02
1.034362842941479954e+02
1.035362842941479897e+02
1.036362842941479840e+02
1.037362842941479784e+02
1.038362842941479727e+02
1.039362842941479670e+02
1.040362842941479613e+02
1.041362842941479556e+02
1.042362842941479499e+02
1.043362842941479443e+02
1.044362842941479386e+02
1.045362842941479329e+02
1.046362842941479272e+02
1.047362842941479215e+02
1.048362842941479158e+02
1.049362842941479101e+02
1.050362842941479045e+02
1.051362842941478988e+02
1.052362842941478931e+02
1.053362842941478874e+02
1.054362842941478817e+02
1.055362842941478760e+02
1.056362842941478704e+02
1.057362842941478647e+02
1.058362842941478590e+02
1.059362842941478533e+02
1.060362842941478476e+02
1.061362842941478419e+02
1.062362842941478362e+02
1.063362842941478306e+02
1.064362842941478249e+02
1.065362842941478192e+02
1.066362842941478135e+02
1.067362842941478078e+02
1.068362842941478021e+02
1.069362842941477965e+02
1.070362842941477908e+02
1.071362842941477851e+02
1.072362842941477794e+02
1.073362842941477737e+02
1.074362842941477680e+02
1.075362842941477624e+02
1.076362842941477567e+02
1.077362842941477510e+02
1.078362842941477453e+02
1.079362842941477396e+02
1.080362842941477339e+02
1.081362842941477282e+02
1.082362842941477226e+02
1.083362842941477169e+02
1.084362842941477112e+02
1.085362842941477055e+02
1.086362842941476998e+02
1.087362842941476941e+02
1.088362842941476885e+02
1.089362842941476828e+02
1.090362842941476771e+02
1.091362842941476714e+02
1.092362842941476657e+02
1.093362842941476600e+02
1.094362842941476544e+02
1.095362842941476487e+02
1.096362842941476430e+02
1.097362842941476373e+02
1.098362842941476316e+02
1.099362842941476259e+02
1.100362842941476202e+02
1.101362842941476146e+02
1.102362842941476089e+02
1.103362842941476032e+02
1.104362842941475975e+02
1.105362842941475918e+02
1.106362842941475861e+02
1.107362842941475805e+02
1.108362842941475748e+02
1.109362842941475691e+02
1.110362842941475634e+02
1.111362842941475577e+02
1.112362842941475520e+02
1.113362842941475463e+02
1.114362842941475407e+02
1.115362842941475350e+02
1.116362842941475293e+02
1.117362842941475236e+02
1.118362842941475179e+02
1.119362842941475122e+02
1.120362842941475066e+02
1.121362842941475009e+02
1.122362842941474952e+02
1.123362842941474895e+02
1.124362842941474838e+02
1.125362842941474781e+02
1.126362842941474725e+02
1.127362842941474668e+02
1.128362842941474611e+02
1.129362842941474554e+02
1.130362842941474497e+02
1.131362842941474440e+02
1.132362842941474383e+02
1.133362842941474327e+02
1.134362842941474270e+02
1.135362842941474213e+02
1.136362842941474156e+02
1.137362842941474099e+02
1.138362842941474042e+02
1.139362842941473986e+02
1.140362842941473929e+02
1.141362842941473872e+02
1.142362842941473815e+02
1.143362842941473758e+02
1.144362842941473701e+02
1.145362842941473644e+02
1.146362842941473588e+02
1.147362842941473531e+02
1.148362842941473474e+02
1.149362842941473417e+02
1.150362842941473360e+02
1.151362842941473303e+02
1.152362842941473247e+02
1.153362842941473190e+02
1.154362842941473133e+02
1.155362842941473076e+02
1.156362842941473019e+02
1.157362842941472962e+02
1.158362842941472906e+02
1.159362842941472849e+02
1.160362842941472792e+02
1.161362842941472735e+02
1.162362842941472678e+02
1.163362842941472621e+02
1.164362842941472564e+02
1.165362842941472508e+02
1.166362842941472451e+02
1.167362842941472394e+02
1.168362842941472337e+02
1.169362842941472280e+02
1.170362842941472223e+02
1.171362842941472167e+02
1.172362842941472110e+02
1.173362842941472053e+02
1.174362842941471996e+02
1.175362842941471939e+02
1.176362842941471882e+02
1.177362842941471825e+02
1.178362842941471769e+02
1.179362842941471712e+02
1.180362842941471655e+02
1.181362842941471598e+02
1.182362842941471541e+02
1.183362842941471484e+02
1.184362842941471428e+02
1.185362842941471371e+02
1.186362842941471314e+02
1.187362842941471257e+02
1.188362842941471200e+02
1.189362842941471143e+02
1.190362842941471087e+02
1.191362842941471030e+02
1.192362842941470973e+02
1.193362842941470916e+02
1.194362842941470859e+02
1.195362842941470802e+02
1.196362842941470745e+02
1.197362842941470689e+02
1.198362842941470632e+02
1.199362842941470575e+02
1.200362842941470518e+02
1.201362842941470461e+02
1.202362842941470404e+02
1.203362842941470348e+02
1.204362842941470291e+02
1.205362842941470234e+02
1.206362842941470177e+02
1.207362842941470120e+02
1.208362842941470063e+02
1.209362842941470007e+02
1.210362842941469950e+02
1.211362842941469893e+02
1.212362842941469836e+02
1.213362842941469779e+02
1.214362842941469722e+02
1.215362842941469665e+02
1.216362842941469609e+02
1.217362842941469552e+02
1.218362842941469495e+02
1.219362842941469438e+02
1.220362842941469381e+02
1.221362842941469324e+02
1.222362842941469268e+02
1.223362842941469211e+02
1.224362842941469154e+02
1.225362842941469097e+02
1.226362842941469040e+02
1.227362842941468983e+02
1.228362842941468926e+02
1.229362842941468870e+02
1.230362842941468813e+02
1.231362842941468756e+02
1.232362842941468699e+02
1.233362842941468642e+02
1.234362842941468585e+02
1.235362842941468529e+02
1.236362842941468472e+02
1.237362842941468415e+02
1.238362842941468358e+02
1.239362842941468301e+02
1.240362842941468244e+02
1.241362842941468188e+02
1.242362842941468131e+02
1.243362842941468074e+02
1.244362842941468017e+02
1.245362842941467960e+02
1.246362842941467903e+02
1.247362842941467846e+02
1.248362842941467790e+02
1.249362842941467733e+02
1.250362842941467676e+02
1.251362842941467619e+02
1.252362842941467562e+02
1.253362842941467505e+02
1.254362842941467449e+02
1.255362842941467392e+02
1.256362842941467335e+02
1.257362842941467278e+02
1.258362842941467221e+02
1.259362842941467164e+02
1.260362842941467107e+02
1.261362842941467051e+02
1.262362842941466994e+02
1.263362842941466937e+02
1.264362842941466880e+02
1.265362842941466823e+02
1.266362842941466766e+02
1.267362842941466710e+02
1.268362842941466653e+02
1.269362842941466596e+02
1.270362842941466539e+02
1.271362842941466482e+02
1.272362842941466425e+02
1.273362842941466369e+02
1.274362842941466312e+02
1.275362842941466255e+02
1.276362842941466198e+02
1.277362842941466141e+02
1.278362842941466084e+02
1.279362842941466027e+02
1.280362842941466113e+02
1.281362842941466056e+02
1.282362842941465999e+02
1.283362842941465942e+02
1.284362842941465885e+02
1.285362842941465829e+02
1.286362842941465772e+02
1.287362842941465715e+02
1.288362842941465658e+02
1.289362842941465601e+02
1.290362842941465544e+02
1.291362842941465487e+02
1.292362842941465431e+02
1.293362842941465374e+02
1.294362842941465317e+02
1.295362842941465260e+02
1.296362842941465203e+02
1.297362842941465146e+02
1.298362842941465090e+02
1.299362842941465033e+02
1.300362842941464976e+02
1.301362842941464919e+02
1.302362842941464862e+02
1.303362842941464805e+02
1.304362842941464748e+02
1.305362842941464692e+02
1.306362842941464635e+02
1.307362842941464578e+02
1.308362842941464521e+02
1.309362842941464464e+02
1.310362842941464407e+02
1.311362842941464351e+02
1.312362842941464294e+02
1.313362842941464237e+02
1.314362842941464180e+02
1.315362842941464123e+02
1.316362842941464066e+02
1.317362842941464010e+02
1.318362842941463953e+02
1.319362842941463896e+02
1.320362842941463839e+02
1.321362842941463782e+02
1.322362842941463725e+02
1.323362842941463668e+02
1.324362842941463612e+02
1.325362842941463555e+02
1.326362842941463498e+02
1.327362842941463441e+02
1.328362842941463384e+02
1.329362842941463327e+02
1.330362842941463271e+02
1.331362842941463214e+02
1.332362842941463157e+02
1.333362842941463100e+02
1.334362842941463043e+02
1.335362842941462986e+02
1.336362842941462930e+02
1.337362842941462873e+02
1.338362842941462816e+02
1.339362842941462759e+02
1.340362842941462702e+02
1.341362842941462645e+02
1.342362842941462588e+02
1.343362842941462532e+02
1.344362842941462475e+02
1.345362842941462418e+02
1.346362842941462361e+02
1.347362842941462304e+02
1.348362842941462247e+02
1.349362842941462191e+02
1.350362842941462134e+02
1.351362842941462077e+02
1.352362842941462020e+02
1.353362842941461963e+02
1.354362842941461906e+02
1.355362842941461849e+02
1.356362842941461793e+02
1.357362842941461736e+02
1.358362842941461679e+02
1.359362842941461622e+02
1.360362842941461565e+02
1.361362842941461508e+02
1.362362842941461452e+02
1.363362842941461395e+02
1.364362842941461338e+02
1.365362842941461281e+02
1.366362842941461224e+02
1.367362842941461167e+02
1.368362842941461111e+02
1.369362842941461054e+02
1.370362842941460997e+02
1.371362842941460940e+02
1.372362842941460883e+02
1.373362842941460826e+02
1.374362842941460769e+02
1.375362842941460713e+02
1.376362842941460656e+02
1.377362842941460599e+02
1.378362842941460542e+02
1.379362842941460485e+02
1.380362842941460428e+02
1.381362842941460372e+02
1.382362842941460315e+02
1.383362842941460258e+02
1.384362842941460201e+02
1.385362842941460144e+02
1.386362842941460087e+02
1.387362842941460030e+02
1.388362842941459974e+02
1.389362842941459917e+02
1.390362842941459860e+02
1.391362842941459803e+02
1.392362842941459746e+02
1.393362842941459689e+02
1.394362842941459633e+02
1.395362842941459576e+02
1.396362842941459519e+02
1.397362842941459462e+02
1.398362842941459405e+02
1.399362842941459348e+02
1.400362842941459292e+02
1.401362842941459235e+02
1.402362842941459178e+02
1.403362842941459121e+02
1.404362842941459064e+02
1.405362842941459007e+02
1.406362842941458950e+02
1.407362842941458894e+02
1.408362842941458837e+02
1.409362842941458780e+02
1.410362842941458723e+02
1.411362842941458666e+02
1.412362842941458609e+02
1.413362842941458553e+02
1.414362842941458496e+02
1.415362842941458439e+02
1.416362842941458382e+02
1.417362842941458325e+02
1.418362842941458268e+02
1.419362842941458211e+02
1.420362842941458155e+02
1.421362842941458098e+02
1.422362842941458041e+02
1.423362842941457984e+02
1.424362842941457927e+02
1.425362842941457870e+02
1.426362842941457814e+02
1.427362842941457757e+02
1.428362842941457700e+02
1.429362842941457643e+02
1.430362842941457586e+02
1.431362842941457529e+02
1.432362842941457473e+02
1.433362842941457416e+02
1.434362842941457359e+02
1.435362842941457302e+02
1.436362842941457245e+02
1.437362842941457188e+02
1.438362842941457131e+02
1.439362842941457075e+02
1.440362842941457018e+02
1.441362842941456961e+02
1.442362842941456904e+02
1.443362842941456847e+02
1.444362842941456790e+02
1.445362842941456734e+02
1.446362842941456677e+02
1.447362842941456620e+02
1.448362842941456563e+02
1.449362842941456506e+02
1.450362842941456449e+02
1.451362842941456393e+02
1.452362842941456336e+02
1.453362842941456279e+02
1.454362842941456222e+02
1.455362842941456165e+02
1.456362842941456108e+02
1.457362842941456051e+02
1.458362842941455995e+02
1.459362842941455938e+02
1.460362842941455881e+02
1.461362842941455824e+02
1.462362842941455767e+02
1.463362842941455710e+02
1.464362842941455654e+02
1.465362842941455597e+02
1.466362842941455540e+02
1.467362842941455483e+02
1.468362842941455426e+02
1.469362842941455369e+02
1.470362842941455312e+02
1.471362842941455256e+02
1.472362842941455199e+02
1.473362842941455142e+02
1.474362842941455085e+02
1.475362842941455028e+02
1.476362842941454971e+02
1.477362842941454915e+02
1.478362842941454858e+02
1.479362842941454801e+02
1.480362842941454744e+02
1.481362842941454687e+02
1.482362842941454630e+02
1.483362842941454574e+02
1.484362842941454517e+02
1.485362842941454460e+02
1.486362842941454403e+02
1.487362842941454346e+02
1.488362842941454289e+02
1.489362842941454232e+02
1.490362842941454176e+02
1.491362842941454119e+02
1.492362842941454062e+02
1.493362842941454005e+02
1.494362842941453948e+02
1.495362842941453891e+02
1.496362842941453835e+02
1.497362842941453778e+02
1.498362842941453721e+02
1.499362842941453664e+02
1.500000000000000000e+02
