0.000000000000000000e+00
3.705911075200530989e-05
7.411822150401061978e-05
1.482364430080211040e-04
2.223546645120317103e-04
2.964728860160422081e-04
1.037610095081659568e-03
1.777764944558818784e-03
2.517740722988093954e-03
3.256995990046498285e-03
4.768692271550113715e-03
6.277212759708846943e-03
7.782558812718639099e-03
9.284731486027937575e-03
1.078373240001212138e-02
1.372101269437283992e-02
1.664605474218604567e-02
1.897026648547317160e-02
2.128670562622488396e-02
2.359537780403393389e-02
2.589628865849304476e-02
2.818944391036568714e-02
3.047485127636185079e-02
3.357192635810554715e-02
3.665468735227311869e-02
3.972315010065371327e-02
4.277733044503650300e-02
4.581724422721062534e-02
4.884290927298619994e-02
5.236406155598815476e-02
5.586577849785983457e-02
5.934808929679133427e-02
6.281102315097270017e-02
6.625460967608816365e-02
7.040574513204241047e-02
7.452852979526872201e-02
7.862302205369174624e-02
8.268928029523615886e-02
8.672736790831418741e-02
9.163879445932827938e-02
9.650811648010852728e-02
1.013354557169248993e-01
1.061209377501578510e-01
1.145559864916285836e-01
1.228589568802801874e-01
1.310306508933550274e-01
1.390718385922730671e-01
1.469833262302553956e-01
1.568115908606830533e-01
1.664352915939840416e-01
1.758562917779612766e-01
1.850763608161434259e-01
1.940973705020571372e-01
1.980262942585969965e-01
2.019167884770657617e-01
2.057690262600103681e-01
2.095831825855113961e-01
2.135051343234013466e-01
2.173863623131084277e-01
2.212270629043260328e-01
2.298231278965684188e-01
2.382124215089892194e-01
2.463973540234823678e-01
2.543803116256959096e-01
2.654175884239809435e-01
2.760563582451054376e-01
2.863038018122663342e-01
2.961671099407307550e-01
3.072355075448370831e-01
3.177992116998231142e-01
3.203626563545625694e-01
3.228954789421222271e-01
3.253978637528609497e-01
3.278699942856873051e-01
3.303120537223739883e-01
3.327498450242171169e-01
3.351572940453607097e-01
3.375345885924292411e-01
3.398819159237165266e-01
3.422833472614125738e-01
3.446529953305920713e-01
3.469910663717414301e-01
3.554790043902756325e-01
3.635369985413907101e-01
3.711761058068537844e-01
3.784071610055876889e-01
3.892539594580780027e-01
3.918089026919189255e-01
3.943025334883489830e-01
3.967355394924010903e-01
3.991086045486097467e-01
4.014224085424273336e-01
4.028625787248361623e-01
4.042792535380071994e-01
4.056726048995311640e-01
4.070428039961662137e-01
4.084100476625375231e-01
4.097537981289270936e-01
4.110742333530670312e-01
4.168561774989040236e-01
4.221649928318230716e-01
4.270174072642141105e-01
4.314298794920100599e-01
4.324661526648736487e-01
4.334761859981615673e-01
4.344602260701017626e-01
4.354185180193334004e-01
4.362437085268714432e-01
4.370491692807667583e-01
4.378350663374660501e-01
4.393837199918572134e-01
4.408524789088921203e-01
4.422427388884351829e-01
4.457343800080196816e-01
4.465160330407688671e-01
4.472621011976377070e-01
4.479730371236729236e-01
4.486492898575388799e-01
4.491091189872687961e-01
4.495518090122162524e-01
4.499775177817324501e-01
4.508912397650027826e-01
4.517182096947213177e-01
4.524602827836517460e-01
4.540625762057819426e-01
4.543715079848223981e-01
4.546448753838038814e-01
4.548832173982746974e-01
4.552569557290429558e-01
4.554969313956435673e-01
4.556072699107171498e-01
4.555920154089511120e-01
4.552677489169821845e-01
4.545815415578537411e-01
4.535540656614993060e-01
4.522051958949928618e-01
4.497084882866940192e-01
4.466279784090002036e-01
4.430163217108184504e-01
4.389230371093949534e-01
4.343946253039364103e-01
4.279624665949288143e-01
4.209626108023953872e-01
4.134754016330450255e-01
4.055743731158686916e-01
3.973266926285766165e-01
3.865685020459692089e-01
3.754686087081104406e-01
3.641235418131574808e-01
3.526183843035082810e-01
3.410278286818154148e-01
3.264992349532621074e-01
3.120479634006606551e-01
2.977651314166446794e-01
2.837257953337139482e-01
2.699909977123112204e-01
2.566095990880432054e-01
2.436198928652249518e-01
2.310510574377421522e-01
2.189244369340586360e-01
2.072546664363325575e-01
1.960506656134783365e-01
1.853165136912928446e-01
1.750522161663889686e-01
1.652543757164596505e-01
1.559167778376631952e-01
1.470309007518363076e-01
1.385863582272303385e-01
1.305712830136065983e-01
1.229726578168087864e-01
1.157766000437754350e-01
1.089686052310183950e-01
1.025337565564743564e-01
9.645690064277179232e-02
9.072279656366051548e-02
8.531624135044046930e-02
8.022217409382068065e-02
7.542576180701004995e-02
7.091246940830897572e-02
6.666811592950656895e-02
6.267891883635645645e-02
5.893152810228102084e-02
5.541305147444511997e-02
5.211107249236762717e-02
4.901366081086999671e-02
4.610937954168115721e-02
4.338728601276903296e-02
4.083692919270623389e-02
3.844834416534227001e-02
3.621204388375063449e-02
3.411900883505398357e-02
3.216067502137280598e-02
3.032892062113784135e-02
2.861605164905696788e-02
2.701478688481548374e-02
2.551824230155857326e-02
2.411991519061754824e-02
2.281366867069392970e-02
2.159371419780292678e-02
2.045459680380305734e-02
1.939117960088605763e-02
1.839862795296398623e-02
1.747239449702974942e-02
1.660820453505018612e-02
1.580204186636598174e-02
1.505013507234483940e-02
1.434894430769861895e-02
1.369514859791230200e-02
1.308563365346768897e-02
1.251748020446548544e-02
1.198795285335687091e-02
1.149448944114687086e-02
1.103469091911008296e-02
1.060631171575097259e-02
1.020725058686509923e-02
9.835541935041530043e-03
9.489347583805585878e-03
9.166948990750142801e-03
8.866739883408549655e-03
8.587219301244678610e-03
8.326985026941517015e-03
8.084727390130129476e-03
7.859223426790644743e-03
7.649331377753774974e-03
7.453985510016057810e-03
7.272191244938092276e-03
7.103020577807653974e-03
6.945607773706887964e-03
6.799145325113422657e-03
6.662880157180669019e-03
6.536110067174524113e-03
6.418180385085722750e-03
6.308480842983603919e-03
6.206442641223233747e-03
6.111535700159780385e-03
6.023266086558607714e-03
5.941173604413988590e-03
5.864829540401472925e-03
5.793834554687239159e-03
5.727816708300742868e-03
5.666429618743738274e-03
5.609350735958594340e-03
5.556279731211281533e-03
5.506936991859181195e-03
5.461062215370098526e-03
5.418413089009902275e-03
5.378764065882075257e-03
5.341905261044622641e-03
5.307641327812343338e-03
5.275790479776883840e-03
5.246183563580032218e-03
5.218663191299114691e-03
5.193082931713567316e-03
5.169306556089220926e-03
5.147207334989746877e-03
5.126667382755774674e-03
5.107577046502550372e-03
5.089834336688669678e-03
5.073344396495084625e-03
5.058019007429723907e-03
5.043776128738782470e-03
5.030539468361443917e-03
5.018238083311166511e-03
5.006806007504143938e-03
4.996181905208409678e-03
4.986308855813017735e-03
4.977133769628886567e-03
4.968607291155388746e-03
4.960683598411468401e-03
4.953320091896902186e-03
4.946477170717278327e-03
4.940118023077958234e-03
4.934208430862596292e-03
4.928716587855277130e-03
4.923612930602670398e-03
4.918869981047176848e-03
4.914462200121732204e-03
4.910365851551017069e-03
4.906558875154969426e-03
4.903020768998361638e-03
4.899732479774791469e-03
4.896676300855100361e-03
4.893835777469149849e-03
4.891195618526161804e-03
4.888741614612701278e-03
4.886460561739009063e-03
4.884340190433812852e-03
4.882369099815280292e-03
4.880536695943676374e-03
4.878832377064002898e-03
4.877247870099526636e-03
4.875774661468598899e-03
4.874404841631478635e-03
4.873131065357673430e-03
4.871946508413992592e-03
4.870844830687143245e-03
4.869820141924665127e-03
4.868866969887549953e-03
4.867980230750001622e-03
4.867155201588567633e-03
4.866387494813871097e-03
4.865673034408351215e-03
4.865008033843029600e-03
4.864388975555132208e-03
4.863812591876709446e-03
4.863275847312057559e-03
4.862775922068889728e-03
4.862310196754914340e-03
4.861876238157611906e-03
4.861471786030815111e-03
4.861094740817030815e-03
4.860743152239454384e-03
4.860415208702253270e-03
4.860109227442015352e-03
4.859823645377295102e-03
4.859557010606891693e-03
4.859307974511000751e-03
4.859075284412586390e-03
4.858857776759352431e-03
4.858654370789453406e-03
4.858464062646709707e-03
4.858285919913505127e-03
4.858119076531766320e-03
4.857962728084562649e-03
4.857816127412734053e-03
4.857678580542843655e-03
4.857549442904348681e-03
4.857428115815518206e-03
4.857314043219009697e-03
4.857206708649412785e-03
4.857105632416300334e-03
4.857010368987494352e-03
4.856920504558340235e-03
4.856835654793777678e-03
4.856755462730955042e-03
4.856679596830977899e-03
4.856607749169205603e-03
4.856539633754254799e-03
4.856474984966566155e-03
4.856413556108041957e-03
4.856355118054864195e-03
4.856299458006155256e-03
4.856246378321675897e-03
4.856195695442230495e-03
4.856147238886895402e-03
4.856100850321619020e-03
4.856056382694103057e-03
4.856013699430269080e-03
4.855972673687923222e-03
4.855933187663540734e-03
4.855895131948416432e-03
4.855858404930637855e-03
4.855822912239655433e-03
4.855788566230387002e-03
4.855755285504068965e-03
4.855722994463221656e-03
4.855691622898306373e-03
4.855661105603833669e-03
4.855631382021792682e-03
4.855602395910497623e-03
4.855574095037005697e-03
4.855546430891459313e-03
4.855519358421761869e-03
4.855492835787165486e-03
4.855466824129410670e-03
4.855441287360169784e-03
4.855416191963630307e-03
4.855391506813154512e-03
4.855367202897209640e-03
4.855343249418062404e-03
4.855319624698905753e-03
4.855296309990575140e-03
4.855273410216937036e-03
4.855250757720792551e-03
4.855228335807159484e-03
4.855206128930302997e-03
4.855184122614636562e-03
4.855162303381054326e-03
4.855140658678336676e-03
4.855119176819281193e-03
4.855097846921222447e-03
4.855076658850649221e-03
4.855055603171637250e-03
4.855034671097819936e-03
4.855013854447679314e-03
4.854993145602904889e-03
4.854972537469619959e-03
4.854952023442278553e-03
4.854931597370048223e-03
4.854911253525504358e-03
4.854890986575481626e-03
4.854870791553929886e-03
4.854850663836641003e-03
4.854830599117713856e-03
4.854810593387637839e-03
4.854790642912890780e-03
4.854770744216934178e-03
4.854750894062521624e-03
4.854731089435224134e-03
4.854711327528089121e-03
4.854691605727351478e-03
4.854671921599142993e-03
4.854652272877093416e-03
4.854632657450806688e-03
4.854613073355118665e-03
4.854593518760098175e-03
4.854573991961735890e-03
4.854554491373273307e-03
4.854535015517131950e-03
4.854515563017391608e-03
4.854496132592795929e-03
4.854476723050232465e-03
4.854457333278659401e-03
4.854437962243463370e-03
4.854418608981186760e-03
4.854399272594638395e-03
4.854379952248319939e-03
4.854360647164188830e-03
4.854341356617695308e-03
4.854322079934097860e-03
4.854302816485040611e-03
4.854283565685352762e-03
4.854264326990077871e-03
4.854245099891705238e-03
4.854225883917588635e-03
4.854206678627549787e-03
4.854187483611638841e-03
4.854168298488054437e-03
4.854149122901207751e-03
4.854129956519912317e-03
4.854110799035709148e-03
4.854091650161298545e-03
4.854072509629082065e-03
4.854053377189810302e-03
4.854034252611316540e-03
4.854015135677338874e-03
4.853996026186429072e-03
4.853976923950929952e-03
4.853957828796024755e-03
4.853938740558855908e-03
4.853919659087698422e-03
4.853900584241196622e-03
4.853881515887645964e-03
4.853862453904333844e-03
4.853843398176915097e-03
4.853824348598840405e-03
4.853805305070814195e-03
4.853786267500301115e-03
4.853767235801055048e-03
4.853748209892690645e-03
4.853729189700277391e-03
4.853710175153963177e-03
4.853691166188626484e-03
4.853672162743551122e-03
4.853653164762120054e-03
4.853634172191534368e-03
4.853615184982552205e-03
4.853596203089243291e-03
4.853577226468756486e-03
4.853558255081115089e-03
4.853539288889013002e-03
4.853520327857633460e-03
4.853501371954476416e-03
4.853482421149201559e-03
4.853463475413475649e-03
4.853444534720838949e-03
4.853425599046570782e-03
4.853406668367575907e-03
4.853387742662267426e-03
4.853368821910465300e-03
4.853349906093299207e-03
4.853330995193119203e-03
4.853312089193408986e-03
4.853293188078712170e-03
4.853274291834554222e-03
4.853255400447380012e-03
4.853236513904485294e-03
4.853217632193962926e-03
4.853198755304645624e-03
4.853179883226054793e-03
4.853161015948352815e-03
4.853142153462302287e-03
4.853123295759219184e-03
4.853104442830939030e-03
4.853085594669782205e-03
4.853066751210702648e-03
4.853047910187125412e-03
4.853029073915847424e-03
4.853010242390833583e-03
4.852991415606047916e-03
4.852972593555683438e-03
4.852953776234226330e-03
4.852934963636458543e-03
4.852916155757448259e-03
4.852897352592531674e-03
4.852878554137294784e-03
4.852859760387556905e-03
4.852840971339351592e-03
4.852822186988917097e-03
4.852803407332672084e-03
4.852784632367213892e-03
4.852765862089298589e-03
4.852747096495831428e-03
4.852728335583855572e-03
4.852709579350543423e-03
4.852690827793189679e-03
4.852672080909195725e-03
4.852653338696069629e-03
4.852634601151413138e-03
4.852615868272919068e-03
4.852597140058360035e-03
4.852578416505587584e-03
4.852559697612526118e-03
4.852540983377160756e-03
4.852522273797544271e-03
4.852503568871784079e-03
4.852484868598038771e-03
4.852466172974519848e-03
4.852447481999483045e-03
4.852428795671224863e-03
4.852410113988084306e-03
4.852391436948436804e-03
4.852372764550687279e-03
4.852354096793281418e-03
4.852335433674684860e-03
4.852316775193396201e-03
4.852298121347938323e-03
4.852279472136858396e-03
4.852260827558722671e-03
4.852242187612121685e-03
4.852223552295663322e-03
4.852204921607972815e-03
4.852186295547691007e-03
4.852167674113476090e-03
4.852149057303999265e-03
4.852130445117945612e-03
4.852111837554010619e-03
4.852093234610904519e-03
4.852074636287344485e-03
4.852056042582060698e-03
4.852037453493789412e-03
4.852018869021279893e-03
4.852000289163284005e-03
4.851981713918564892e-03
4.851963143285891768e-03
4.851944577264039049e-03
4.851926015851789828e-03
4.851907459047929798e-03
4.851888906851250724e-03
4.851870359260550443e-03
4.851851816274629393e-03
4.851833277892294953e-03
4.851814744112356234e-03
4.851796214933626686e-03
4.851777690354924094e-03
4.851759170375067112e-03
4.851740654992878730e-03
4.851722144207185408e-03
4.851703638016817074e-03
4.851685136420601924e-03
4.851666639417375089e-03
4.851648147005973438e-03
4.851629659185230370e-03
4.851611175953989691e-03
4.851592697311090871e-03
4.851574223255375982e-03
4.851555753785690567e-03
4.851537288900880165e-03
4.851518828599792055e-03
4.851500372881276113e-03
4.851481921744180484e-03
4.851463475187357648e-03
4.851445033209660085e-03
4.851426595809938541e-03
4.851408162987049834e-03
4.851389734739848178e-03
4.851371311067190391e-03
4.851352891967933290e-03
4.851334477440935426e-03
4.851316067485054485e-03
4.851297662099149019e-03
4.851279261282085385e-03
4.851260865033044795e-03
4.851242473350682836e-03
4.851224086233723622e-03
4.851205703681012692e-03
4.851187325691243800e-03
4.851168952263355295e-03
4.851150583396298538e-03
4.851132219088965906e-03
4.851113859340233300e-03
4.851095504148968812e-03
4.851077153514040535e-03
4.851058807434315695e-03
4.851040465908664986e-03
4.851022128936277426e-03
4.851003796515814676e-03
4.850985468646007784e-03
4.850967145325710099e-03
4.850948826553622313e-03
4.850930512328687112e-03
4.850912202649860193e-03
4.850893897516042608e-03
4.850875596926112858e-03
4.850857300878945975e-03
4.850839009373413523e-03
4.850820722408387929e-03
4.850802439982745962e-03
4.850784162095680106e-03
4.850765888745856361e-03
4.850747619932012714e-03
4.850729355653005982e-03
4.850711095907542063e-03
4.850692840694567978e-03
4.850674590013045497e-03
4.850656343861875670e-03
4.850638102239944807e-03
4.850619865146130541e-03
4.850601632579309638e-03
4.850583404538359733e-03
4.850565181022159326e-03
4.850546962029903507e-03
4.850528747560264343e-03
4.850510537611985029e-03
4.850492332183926718e-03
4.850474131274798775e-03
4.850455934883551694e-03
4.850437743009150711e-03
4.850419555650502083e-03
4.850401372806494721e-03
4.850383194476009727e-03
4.850365020657929072e-03
4.850346851351132992e-03
4.850328686554503457e-03
4.850310526267241629e-03
4.850292370488019575e-03
4.850274219215588295e-03
4.850256072448808943e-03
4.850237930186398691e-03
4.850219792427310633e-03
4.850201659170512609e-03
4.850183530414915213e-03
4.850165406159409956e-03
4.850147286402884880e-03
4.850129171144221089e-03
4.850111060382304891e-03
4.850092954116023460e-03
4.850074852344576221e-03
4.850056755066644784e-03
4.850038662280980149e-03
4.850020573986449542e-03
4.850002490181771868e-03
4.849984410865906294e-03
4.849966336037822394e-03
4.849948265696435099e-03
4.849930199840640256e-03
4.849912138469325909e-03
4.849894081581382702e-03
4.849876029175695206e-03
4.849857981251157538e-03
4.849839937806970855e-03
4.849821898841820238e-03
4.849803864354461022e-03
4.849785834343763903e-03
4.849767808808453859e-03
4.849749787747490923e-03
4.849731771159849006e-03
4.849713759044447375e-03
4.849695751400183615e-03
4.849677748225951837e-03
4.849659749520642688e-03
4.849641755283146810e-03
4.849623765512361788e-03
4.849605780207491383e-03
4.849587799367224145e-03
4.849569822990319745e-03
4.849551851075654084e-03
4.849533883621953007e-03
4.849515920628183485e-03
4.849497962093321166e-03
4.849480008016287050e-03
4.849462058395984793e-03
4.849444113231311110e-03
4.849426172521160983e-03
4.849408236264427657e-03
4.849390304460012187e-03
4.849372377107120935e-03
4.849354454204446788e-03
4.849336535750754622e-03
4.849318621744922939e-03
4.849300712185681921e-03
4.849282807072001142e-03
4.849264906402859718e-03
4.849247010177182987e-03
4.849229118393878074e-03
4.849211231051844297e-03
4.849193348149980105e-03
4.849175469687183951e-03
4.849157595662359488e-03
4.849139726074715682e-03
4.849121860922949757e-03
4.849104000205830059e-03
4.849086143922237691e-03
4.849068292070909773e-03
4.849050444650816749e-03
4.849032601660942937e-03
4.849014763100215411e-03
4.848996928967544764e-03
4.848979099261836387e-03
4.848961273981989596e-03
4.848943453126907180e-03
4.848925636695497129e-03
4.848907824686969278e-03
4.848890017100026921e-03
4.848872213933441006e-03
4.848854415186097840e-03
4.848836620856736279e-03
4.848818830944331970e-03
4.848801045447870967e-03
4.848783264366286413e-03
4.848765487698489772e-03
4.848747715443389901e-03
4.848729947599892190e-03
4.848712184166902028e-03
4.848694425143328275e-03
4.848676670528386835e-03
4.848658920320783605e-03
4.848641174519293003e-03
4.848623433122805672e-03
4.848605696130063938e-03
4.848587963540047785e-03
4.848570235351746735e-03
4.848552511564095668e-03
4.848534792176010383e-03
4.848517077186404074e-03
4.848499366594184734e-03
4.848481660398260354e-03
4.848463958597545864e-03
4.848446261191257170e-03
4.848428568178105372e-03
4.848410879556870091e-03
4.848393195326443708e-03
4.848375515485573752e-03
4.848357840033241939e-03
4.848340168968442998e-03
4.848322502290112676e-03
4.848304839997174577e-03
4.848287182088541029e-03
4.848269528563125229e-03
4.848251879419839504e-03
4.848234234657600519e-03
4.848216594275628517e-03
4.848198958272638068e-03
4.848181326647412262e-03
4.848163699398846949e-03
4.848146076525693994e-03
4.848128458026939452e-03
4.848110843901578919e-03
4.848093234148555079e-03
4.848075628766790671e-03
4.848058027755204960e-03
4.848040431112712878e-03
4.848022838838231090e-03
4.848005250930679730e-03
4.847987667389281642e-03
4.847970088212753999e-03
4.847952513399885963e-03
4.847934942949575984e-03
4.847917376860579400e-03
4.847899815131886600e-03
4.847882257762495782e-03
4.847864704751353102e-03
4.847847156097384765e-03
4.847829611799513508e-03
4.847812071856658599e-03
4.847794536267739304e-03
4.847777005031678361e-03
4.847759478147702084e-03
4.847741955614533714e-03
4.847724437430962416e-03
4.847706923595892711e-03
4.847689414108085140e-03
4.847671908966530094e-03
4.847654408170230973e-03
4.847636911718136536e-03
4.847619419609177326e-03
4.847601931842278680e-03
4.847584448416363337e-03
4.847566969330354900e-03
4.847549494583179575e-03
4.847532024174066277e-03
4.847514558101739986e-03
4.847497096364996802e-03
4.847479638962743850e-03
4.847462185893744273e-03
4.847444737156992797e-03
4.847427292751496294e-03
4.847409852676206991e-03
4.847392416930058900e-03
4.847374985511979095e-03
4.847357558420896384e-03
4.847340135655735238e-03
4.847322717215427935e-03
4.847305303099203391e-03
4.847287893305792655e-03
4.847270487833995299e-03
4.847253086682721049e-03
4.847235689850737383e-03
4.847218297337043368e-03
4.847200909140647607e-03
4.847183525260506665e-03
4.847166145695556289e-03
4.847148770444730491e-03
4.847131399506958080e-03
4.847114032881169599e-03
4.847096670566298192e-03
4.847079312561577112e-03
4.847061958865741746e-03
4.847044609477592532e-03
4.847027264396046135e-03
4.847009923619873505e-03
4.846992587148075439e-03
4.846975254979664881e-03
4.846957927113600129e-03
4.846940603548823868e-03
4.846923284284269245e-03
4.846905969318872007e-03
4.846888658651563563e-03
4.846871352281281395e-03
4.846854050207263093e-03
4.846836752428244043e-03
4.846819458943033357e-03
4.846802169750547701e-03
4.846784884849563227e-03
4.846767604239084204e-03
4.846750327918125309e-03
4.846733055885650912e-03
4.846715788140603699e-03
4.846698524681923755e-03
4.846681265508546825e-03
4.846664010619410393e-03
4.846646760013454541e-03
4.846629513689918595e-03
4.846612271647543144e-03
4.846595033885140770e-03
4.846577800401630741e-03
4.846560571195794413e-03
4.846543346266637790e-03
4.846526125613181621e-03
4.846508909234390275e-03
4.846491697129211643e-03
4.846474489296587543e-03
4.846457285735460661e-03
4.846440086444768480e-03
4.846422891423455420e-03
4.846405700670763407e-03
4.846388514185437368e-03
4.846371331966293355e-03
4.846354154012254972e-03
4.846336980322106178e-03
4.846319810894858179e-03
4.846302645729531726e-03
4.846285484825097259e-03
4.846268328180504403e-03
4.846251175794701049e-03
4.846234027666629016e-03
4.846216883795231856e-03
4.846199744179459194e-03
4.846182608818551223e-03
4.846165477711260675e-03
4.846148350856404469e-03
4.846131228252911413e-03
4.846114109899568936e-03
4.846096995795389981e-03
4.846079885939401366e-03
4.846062780330575269e-03
4.846045678967864784e-03
4.846028581850221270e-03
4.846011488976589149e-03
4.845994400345917177e-03
4.845977315957155848e-03
4.845960235809550556e-03
4.845943159901855771e-03
4.845926088232893614e-03
4.845909020801596363e-03
4.845891957606754050e-03
4.845874898647384819e-03
4.845857843922517227e-03
4.845840793431126052e-03
4.845823747172169592e-03
4.845806705144600074e-03
4.845789667347368858e-03
4.845772633779425569e-03
4.845755604439725035e-03
4.845738579327514388e-03
4.845721558441552432e-03
4.845704541780665627e-03
4.845687529343787985e-03
4.845670521129715608e-03
4.845653517137469245e-03
4.845636517366079185e-03
4.845619521814524544e-03
4.845602530481767957e-03
4.845585543366763386e-03
4.845568560468466526e-03
4.845551581785829606e-03
4.845534607317810924e-03
4.845517637063661079e-03
4.845500671022142346e-03
4.845483709192083786e-03
4.845466751572424617e-03
4.845449798161963542e-03
4.845432848959725647e-03
4.845415903964742955e-03
4.845398963175998920e-03
4.845382026592458778e-03
4.845365094213080828e-03
4.845348166036822501e-03
4.845331242062642096e-03
4.845314322289498779e-03
4.845297406716646618e-03
4.845280495342851358e-03
4.845263588166947265e-03
4.845246685187875289e-03
4.845229786404438473e-03
4.845212891815664502e-03
4.845196001420589739e-03
4.845179115218201105e-03
4.845162233207465571e-03
4.845145355387345774e-03
4.845128481756802614e-03
4.845111612314796992e-03
4.845094747060293278e-03
4.845077885992544672e-03
4.845061029110323859e-03
4.845044176412466840e-03
4.845027327897919768e-03
4.845010483565489155e-03
4.844993643414204423e-03
4.844976807443107138e-03
4.844959975651185954e-03
4.844943148037411315e-03
4.844926324600749325e-03
4.844909505340165221e-03
4.844892690254621638e-03
4.844875879343086417e-03
4.844859072604817962e-03
4.844842270038588958e-03
4.844825471643241475e-03
4.844808677417724273e-03
4.844791887360849064e-03
4.844775101471646139e-03
4.844758319749161400e-03
4.844741542192386105e-03
4.844724768800295900e-03
4.844707999571859491e-03
4.844691234506042984e-03
4.844674473601815086e-03
4.844657716858146237e-03
4.844640964274296580e-03
4.844624215849043999e-03
4.844607471581234039e-03
4.844590731469818057e-03
4.844573995513610370e-03
4.844557263711647341e-03
4.844540536062976605e-03
4.844523812566592889e-03
4.844507093221473576e-03
4.844490378026592575e-03
4.844473666980920329e-03
4.844456960083426411e-03
4.844440257333084733e-03
4.844423558729158037e-03
4.844406864270430282e-03
4.844390173955747877e-03
4.844373487784066519e-03
4.844356805754205728e-03
4.844340127865203599e-03
4.844323454116110372e-03
4.844306784505925112e-03
4.844290119033628668e-03
4.844273457698196686e-03
4.844256800498603945e-03
4.844240147433823487e-03
4.844223498502832695e-03
4.844206853704896912e-03
4.844190213038802699e-03
4.844173576503400802e-03
4.844156944097651254e-03
4.844140315820376179e-03
4.844123691670617141e-03
4.844107071647427848e-03
4.844090455749809968e-03
4.844073843976747819e-03
4.844057236327220517e-03
4.844040632800205443e-03
4.844024033394679976e-03
4.844007438109624100e-03
4.843990846944306629e-03
4.843974259897515858e-03
4.843957676968108604e-03
4.843941098155046636e-03
4.843924523457156413e-03
4.843907952873482969e-03
4.843891386403081749e-03
4.843874824044959622e-03
4.843858265798101775e-03
4.843841711661493396e-03
4.843825161634113599e-03
4.843808615714942367e-03
4.843792073902965754e-03
4.843775536197450840e-03
4.843759002597192859e-03
4.843742473101051230e-03
4.843725947707991190e-03
4.843709426416842670e-03
4.843692909226654172e-03
4.843676396136485478e-03
4.843659887145343457e-03
4.843643382252221102e-03
4.843626881456101867e-03
4.843610384755971804e-03
4.843593892150812631e-03
4.843577403639613005e-03
4.843560919221644341e-03
4.843544438895704476e-03
4.843527962660656300e-03
4.843511490515470252e-03
4.843495022458977999e-03
4.843478558490231511e-03
4.843462098608293173e-03
4.843445642812174191e-03
4.843429191100870161e-03
4.843412743473368004e-03
4.843396299928656376e-03
4.843379860465721332e-03
4.843363425083554996e-03
4.843346993781429653e-03
4.843330566558147476e-03
4.843314143412576558e-03
4.843297724343688208e-03
4.843281309350319294e-03
4.843264898431525259e-03
4.843248491586371954e-03
4.843232088813871454e-03
4.843215690113023691e-03
4.843199295482819924e-03
4.843182904922251411e-03
4.843166518430306808e-03
4.843150136005980842e-03
4.843133757648550135e-03
4.843117383356820328e-03
4.843101013129662118e-03
4.843084646966050281e-03
4.843068284864826892e-03
4.843051926825048259e-03
4.843035572845784571e-03
4.843019222926051373e-03
4.843002877064850331e-03
4.842986535261177908e-03
4.842970197514027096e-03
4.842953863822390022e-03
4.842937534185265749e-03
4.842921208601932634e-03
4.842904887071198920e-03
4.842888569591940508e-03
4.842872256163135644e-03
4.842855946783628136e-03
4.842839641452479499e-03
4.842823340168760787e-03
4.842807042931493618e-03
4.842790749739681391e-03
4.842774460592322305e-03
4.842758175488413690e-03
4.842741894426952007e-03
4.842725617406938923e-03
4.842709344427654529e-03
4.842693075487912273e-03
4.842676810586589789e-03
4.842660549722669662e-03
4.842644292895000036e-03
4.842628040102644159e-03
4.842611791344676557e-03
4.842595546620122315e-03
4.842579305927987438e-03
4.842563069267273590e-03
4.842546836636982439e-03
4.842530608036113050e-03
4.842514383463668824e-03
4.842498162918933320e-03
4.842481946400724324e-03
4.842465733907921205e-03
4.842449525439512618e-03
4.842433320994348443e-03
4.842417120571495398e-03
4.842400924170031477e-03
4.842384731788984369e-03
4.842368543427363545e-03
4.842352359084173274e-03
4.842336178758419561e-03
4.842320002449103204e-03
4.842303830155231942e-03
4.842287661876091935e-03
4.842271497610503572e-03
4.842255337357352293e-03
4.842239181115625887e-03
4.842223028884181171e-03
4.842206880662087466e-03
4.842190736448425369e-03
4.842174596242225168e-03
4.842158460042498939e-03
4.842142327848257023e-03
4.842126199658505423e-03
4.842110075472249274e-03
4.842093955288500652e-03
4.842077839106546586e-03
4.842061726925210932e-03
4.842045618743384336e-03
4.842029514560057188e-03
4.842013414374089775e-03
4.841997318184554019e-03
4.841981225990533988e-03
4.841965137791063439e-03
4.841949053585157051e-03
4.841932973371829499e-03
4.841916897150087655e-03
4.841900824919224619e-03
4.841897610951957816e-03
4.841894397144153733e-03
4.841891183495917322e-03
4.841890784673574116e-03
4.841890385853688146e-03
4.841889588221679093e-03
4.841888790599110405e-03
4.841887992986371528e-03
4.841887537793876720e-03
4.841887082604583344e-03
4.841886172235600888e-03
4.841885261879494418e-03
4.841885249690184093e-03
4.841885237500882441e-03
4.841885225311582525e-03
4.841885213122282608e-03
4.841885200932982691e-03
4.841885176554388930e-03
4.841346584503893914e-03
4.840472375167497940e-03
4.839598393854267419e-03
4.838724640502355123e-03
4.829999631849267970e-03
4.821297354105964598e-03
4.812617747985493792e-03
4.793593070608418924e-03
4.774677314702047148e-03
4.755869856005389210e-03
4.737170073843305351e-03
4.714624336112896788e-03
4.692235118541943084e-03
4.670001333354404857e-03
4.647757660433000579e-03
4.625669555942561739e-03
4.603735930805763488e-03
4.581647684532112741e-03
4.559716101209906891e-03
4.537940068637227702e-03
4.513975165317998806e-03
4.490198652068324615e-03
4.466609046245009415e-03
4.363359721489467810e-03
4.255700493727732590e-03
4.171651928251007488e-03
4.090156615353149686e-03
4.011136892642130566e-03
3.934517462377832425e-03
3.790815904074424161e-03
3.655556503447854495e-03
3.528242586882594616e-03
3.408406645545178620e-03
3.251331210846602864e-03
3.107100212916007534e-03
2.974661373048813600e-03
2.853048602408481994e-03
2.713906272140930755e-03
2.588929030746715300e-03
2.476670996588732805e-03
2.375833893523191138e-03
2.285251943100384108e-03
2.203878356380224203e-03
2.130773205536610169e-03
2.065092506493294497e-03
2.006078423908227212e-03
1.953050477969907588e-03
1.905397648185872678e-03
1.862571283466584772e-03
1.824078735821639324e-03
1.789477643882867418e-03
1.758370799943251381e-03
1.730401540934110340e-03
1.705249609865486498e-03
1.682627439706548857e-03
1.662276816585610837e-03
1.643965883591249700e-03
1.627486450407876614e-03
1.612651577567982475e-03
1.599293407289792933e-03
1.587261215730333954e-03
1.576419664053122947e-03
1.566647228016637911e-03
1.557834783262591200e-03
1.549884335032070517e-03
1.542707921100397927e-03
1.536226547209942200e-03
1.530369276282664889e-03
1.525072412660934216e-03
1.520278762347149291e-03
1.515936969365470335e-03
1.512000919890291433e-03
1.508429207139324940e-03
1.505184728423056588e-03
1.502234067039926206e-03
1.499547176840283899e-03
1.497097139803283935e-03
1.494859791054222635e-03
1.492813430817447858e-03
1.490938574298897746e-03
1.489217725521832861e-03
1.487635174304583309e-03
1.486176813989753282e-03
1.484829977773663478e-03
1.483583291741481574e-03
1.482425909867977941e-03
1.481349322510688805e-03
1.480345407543246210e-03
1.479406738953206518e-03
1.478526659636132798e-03
1.477699193176720566e-03
1.476918973701642993e-03
1.476181183531720007e-03
1.475481497178395083e-03
1.474816031059549351e-03
1.474181298352618841e-03
1.473574168460092728e-03
1.472991830616180537e-03
1.472431761211557503e-03
1.471891694456347157e-03
1.471369596040281733e-03
1.470863639483848892e-03
1.470372184905490830e-03
1.469893759958034547e-03
1.469427042712727815e-03
1.468970846291908728e-03
1.468524105071661572e-03
1.468085862294064110e-03
1.467655258945014087e-03
1.467231523768341463e-03
1.466813964300117158e-03
1.466401958818931792e-03
1.465994949118566487e-03
1.465592434019033106e-03
1.465193963540554036e-03
1.464799133672750739e-03
1.464407581678230574e-03
1.464018981875979484e-03
1.463633041855538774e-03
1.463249499077955628e-03
1.462868117823995767e-03
1.462488686454136225e-03
1.462111014948489374e-03
1.461734932698057800e-03
1.461360286521642222e-03
1.460986919894753742e-03
1.460614724261464657e-03
1.460243594995728859e-03
1.459873434129488421e-03
1.459504152350341900e-03
1.459135669017769645e-03
1.458767911587409210e-03
1.458400814889789865e-03
1.458034320412104380e-03
1.457668375629025785e-03
1.457302933393598687e-03
1.456937951387599940e-03
1.456573391627210765e-03
1.456209220018996053e-03
1.455845405961263836e-03
1.455481921986237579e-03
1.455118743438887094e-03
1.454755848188667806e-03
1.454393216370801272e-03
1.454030830154069221e-03
1.453668673532405821e-03
1.453306732137847872e-03
1.452944993072653691e-03
1.452583444758631529e-03
1.452222076801902269e-03
1.451860879871529715e-03
1.451499845590582772e-03
1.451138966438368172e-03
1.450778235662676446e-03
1.450417647201026781e-03
1.450057195609980509e-03
1.449696876001698798e-03
1.449336683987003391e-03
1.448976615624271219e-03
1.448616667373568310e-03
1.448256836055482636e-03
1.447897118814177536e-03
1.447537513084229226e-03
1.447178016560866313e-03
1.446818627173255926e-03
1.446459343060530487e-03
1.446100162550268678e-03
1.445741084139184071e-03
1.445382106475792206e-03
1.445023228344852065e-03
1.444664448931839637e-03
1.444305767070286090e-03
1.443947181693899405e-03
1.443588691997193694e-03
1.443230297206422657e-03
1.442871996726318752e-03
1.442513790048575908e-03
1.442155676674470883e-03
1.441797656139227456e-03
1.441439728018284851e-03
1.441081892024563028e-03
1.440724147745852442e-03
1.440366494803385546e-03
1.440008932908340422e-03
1.439651461781021316e-03
1.439294081204936689e-03
1.438936790993936400e-03
1.438579590964330582e-03
1.438222480943696611e-03
1.437865460773197785e-03
1.437508530344445328e-03
1.437151689500969784e-03
1.436794938097457706e-03
1.436438276020875378e-03
1.436081703159691574e-03
1.435725219426291048e-03
1.435368824744113515e-03
1.435012519036636854e-03
1.434656302230893823e-03
1.434300174258445896e-03
1.433944135071697247e-03
1.433588184601187164e-03
1.433232322781031933e-03
1.432876549558013274e-03
1.432520864877826969e-03
1.432165268696718955e-03
1.431809760975430055e-03
1.431454341673915262e-03
1.431099010753064150e-03
1.430743768175215440e-03
1.430388613913473762e-03
1.430033547928006394e-03
1.429678570179981336e-03
1.429323680636558971e-03
1.428968879262936410e-03
1.428614166030309001e-03
1.428259540912134393e-03
1.427905003880808581e-03
1.427550554908769411e-03
1.427196193968857186e-03
1.426841921041242496e-03
1.426487736096208664e-03
1.426133639104163256e-03
1.425779630039233307e-03
1.425425708873287673e-03
1.425071875582640656e-03
1.424718130145107746e-03
1.424364472537349106e-03
1.424010902735765340e-03
1.423657420716803890e-03
1.423304026463064181e-03
1.422950719948310036e-03
1.422597501146132025e-03
1.422244370033062377e-03
1.421891326583279080e-03
1.421538370774871928e-03
1.421185502587170822e-03
1.420832721998320199e-03
1.420480028986104322e-03
1.420127423528232211e-03
1.419774905608156123e-03
1.419422475200863079e-03
1.419070132281066883e-03
1.418717876826153679e-03
1.418365708811127838e-03
1.418013628214716444e-03
1.417661635016796489e-03
1.417309729196053643e-03
1.416957910730775672e-03
1.416606179599137370e-03
1.416254535784906713e-03
1.415902979263526738e-03
1.415551510010133653e-03
1.415200128002440817e-03
1.414848833215772653e-03
1.414497625629108218e-03
1.414146505222542861e-03
1.413795471974979958e-03
1.413444525864914576e-03
1.413093666870715364e-03
1.412742894976283655e-03
1.412392210157256776e-03
1.412041612388955248e-03
1.411691101649239664e-03
1.411340677913584286e-03
1.410990341161087432e-03
1.410640091371950918e-03
1.410289928525186977e-03
1.409939852599395842e-03
1.409589863573046994e-03
1.409239961430113321e-03
1.408890146146338836e-03
1.408540417697147062e-03
1.408190776060483373e-03
1.407841221211914191e-03
1.407491753130611775e-03
1.407142371796847331e-03
1.406793077189703346e-03
1.406443869287851180e-03
1.406094748069829699e-03
1.405745713519662753e-03
1.405396765613169813e-03
1.405047904325848560e-03
1.404699129635711809e-03
1.404350441518394284e-03
1.404001839953129610e-03
1.403653324920242987e-03
1.403304896398876967e-03
1.402956554367760589e-03
1.402608298805491701e-03
1.402260129696137518e-03
1.401912047015582783e-03
1.401564050739390879e-03
1.401216140845631866e-03
1.400868317310005520e-03
1.400520580111799026e-03
1.400172929231388759e-03
1.399825364647970831e-03
1.399477886340329573e-03
1.399130494287117695e-03
1.398783188472442745e-03
1.398435968872251481e-03
1.398088835462169737e-03
1.397741788220322433e-03
1.397394827122471579e-03
1.397047952147955534e-03
1.396701163277201630e-03
1.396354460489456937e-03
1.396007843763559996e-03
1.395661313078216427e-03
1.395314868417574109e-03
1.394968509757639648e-03
1.394622237074100027e-03
1.394276050345135461e-03
1.393929949546566724e-03
1.393583934657785951e-03
1.393238005659267094e-03
1.392892162530310566e-03
1.392546405249806734e-03
1.392200733796514992e-03
1.391855148154622036e-03
1.391509648300194102e-03
1.391164234208978889e-03
1.390818905859210822e-03
1.390473663226771388e-03
1.390128506291102815e-03
1.389783435032728278e-03
1.389438449430999579e-03
1.389093549464859561e-03
1.388748735113119227e-03
1.388404006360006038e-03
1.388059363181644995e-03
1.387714805553844294e-03
1.387370333454891703e-03
1.387025946860728992e-03
1.386681645750849129e-03
1.386337430105824726e-03
1.385993299905057029e-03
1.385649255127542438e-03
1.385305295752144433e-03
1.384961421763129070e-03
1.384617633136680983e-03
1.384273929848668216e-03
1.383930311877432096e-03
1.383586779198974675e-03
1.383243331792839226e-03
1.382899969639646504e-03
1.382556692718849576e-03
1.382213501009496017e-03
1.381870394490502434e-03
1.381527373146173481e-03
1.381184436952752987e-03
1.380841585886168413e-03
1.380498819924815728e-03
1.380156139044755965e-03
1.379813543225582922e-03
1.379471032447965925e-03
1.379128606691408347e-03
1.378786265935010458e-03
1.378444010157740688e-03
1.378101839343942505e-03
1.377759753469918937e-03
1.377417752511657075e-03
1.377075836447606665e-03
1.376734005253887720e-03
1.376392258910144779e-03
1.376050597397095090e-03
1.375709020694292767e-03
1.375367528780890121e-03
1.375026121635907188e-03
1.374684799243726689e-03
1.374343561580710629e-03
1.374002408622905513e-03
1.373661340348813781e-03
1.373320356734615512e-03
1.372979457760005765e-03
1.372638643405748845e-03
1.372297913651450256e-03
1.371957268476313484e-03
1.371616707859411258e-03
1.371276231785164678e-03
1.370935840229993864e-03
1.370595533170005601e-03
1.370255310583755239e-03
1.369915172447481403e-03
1.369575118740930112e-03
1.369235149444913372e-03
1.368895264539087431e-03
1.368555464002706732e-03
1.368215747814896044e-03
1.367876115960115499e-03
1.367536568414843548e-03
1.367197105155245956e-03
1.366857726159931199e-03
1.366518431405197315e-03
1.366179220870840198e-03
1.365840094537719559e-03
1.365501052385541519e-03
1.365162094393612561e-03
1.364823220541109498e-03
1.364484430812530191e-03
1.364145725184412071e-03
1.363807103632979452e-03
1.363468566136894150e-03
1.363130112672513187e-03
1.362791743219682328e-03
1.362453457759308555e-03
1.362115256271148513e-03
1.361777138734560294e-03
1.361439105128771886e-03
1.361101155438319745e-03
1.360763289639799417e-03
1.360425507709493980e-03
1.360087809626118810e-03
1.359750195366089039e-03
1.359412664909300525e-03
1.359075218236707305e-03
1.358737855328116979e-03
1.358400576162938165e-03
1.358063380720450240e-03
1.357726268985228477e-03
1.357389240933926100e-03
1.357052296542884950e-03
1.356715435790873748e-03
1.356378658654365738e-03
1.356041965113306217e-03
1.355705355148697578e-03
1.355368828740395994e-03
1.355032385867862123e-03
1.354696026510426518e-03
1.354359750652703049e-03
1.354023558271402186e-03
1.353687449342925184e-03
1.353351423846092371e-03
1.353015481757435540e-03
1.352679623056950728e-03
1.352343847725686297e-03
1.352008155743549163e-03
1.351672547090050289e-03
1.351337021744572053e-03
1.351001579691765838e-03
1.350666220908400229e-03
1.350330945370935461e-03
1.349995753058243469e-03
1.349660643946915027e-03
1.349325618016995396e-03
1.348990675249579991e-03
1.348655815624625600e-03
1.348321039121693930e-03
1.347986345720218315e-03
1.347651735404888518e-03
1.347317208152530588e-03
1.346982763939662655e-03
1.346648402745209997e-03
1.346314124545820419e-03
1.345979929321589269e-03
1.345645817053658586e-03
1.345311787722035029e-03
1.344977841306331046e-03
1.344643977786030712e-03
1.344310197145861521e-03
1.343976499362707850e-03
1.343642884413145293e-03
1.343309352276151822e-03
1.342975902928433352e-03
1.342642536350133588e-03
1.342309252522442273e-03
1.341976051425415074e-03
1.341642933038715178e-03
1.341309897341877617e-03
1.340976944319668051e-03
1.340644073949027668e-03
1.340311286206590175e-03
1.339978581071385585e-03
1.339645958520177928e-03
1.339313418533160348e-03
1.338980961091568557e-03
1.338648586175508531e-03
1.338316293764692895e-03
1.337984083838708073e-03
1.337651956382357238e-03
1.337319911372638606e-03
1.336987948786244216e-03
1.336656068602256340e-03
1.336324270797495601e-03
1.335992555352204800e-03
1.335660922247666488e-03
1.335329371464035212e-03
1.334997902981074989e-03
1.334666516778421899e-03
1.334335212840917495e-03
1.334003991145616373e-03
1.333672851669268685e-03
1.333341794391008526e-03
1.333010819287714418e-03
1.332679926339677299e-03
1.332349115528226992e-03
1.332018386833566832e-03
1.331687740235510710e-03
1.331357175713745880e-03
1.331026693253150543e-03
1.330696292830837188e-03
1.330365974423613215e-03
1.330035738010664327e-03
1.329705583568926291e-03
1.329375511078739486e-03
1.329045520521479487e-03
1.328715611877398419e-03
1.328385785126361346e-03
1.328056040248104747e-03
1.327726377227545201e-03
1.327396796041851144e-03
1.327067296667888306e-03
1.326737879084893129e-03
1.326408543269859495e-03
1.326079289203175703e-03
1.325750116866263517e-03
1.325421026239425150e-03
1.325092017302574240e-03
1.324763090035498223e-03
1.324434244423150541e-03
1.324105480442757310e-03
1.323776798071240636e-03
1.323448197287888789e-03
1.323119678069752461e-03
1.322791240397269176e-03
1.322462884251906015e-03
1.322134609614014416e-03
1.321925489616441627e-03
