0.000000000000000000e+00
3.705789461491508768e-05
7.411578922983017535e-05
1.482315784596603507e-04
2.223473676894906887e-04
2.964631569193205930e-04
1.037575697472780918e-03
1.777706558060766643e-03
2.517657993752590601e-03
3.256888799904093801e-03
4.768584577376973679e-03
6.277104564295084982e-03
7.782450119073772328e-03
9.284622297083353765e-03
1.078362271892270921e-02
1.372080623854181336e-02
1.664575232239277197e-02
1.896994604135899404e-02
2.128636728393971944e-02
2.359502168942584702e-02
2.589591489710829295e-02
2.818905262964183783e-02
3.047444260818658879e-02
3.357154520038348883e-02
3.665433346231596057e-02
3.972282323515569091e-02
4.277703036007437370e-02
4.581697067824368891e-02
4.884266203881890839e-02
5.236379190885510210e-02
5.586548669295313824e-02
5.934777558614254961e-02
6.281068778345291759e-02
6.625425291227263203e-02
7.040539083325778047e-02
7.452817794653590622e-02
7.862267263408492801e-02
8.268893327788273684e-02
8.672702332582585272e-02
9.163845245775978365e-02
9.650777704498197940e-02
1.013351188387364571e-01
1.061206034244604746e-01
1.145555937485456255e-01
1.228585077337589898e-01
1.310301473167968800e-01
1.390712823822898292e-01
1.469827193229734097e-01
1.568109709418532560e-01
1.664346597553416629e-01
1.758556489571869719e-01
1.850757077885688551e-01
1.940967081923802295e-01
1.980256384876791509e-01
2.019161392259737065e-01
2.057683835126733196e-01
2.095825463289946733e-01
2.135045046392142210e-01
2.173857391665664218e-01
2.212264462645450180e-01
2.298224841315809341e-01
2.382117525178633899e-01
2.463966616659166442e-01
2.543795975963749623e-01
2.654168442556025798e-01
2.760555876315555213e-01
2.863030081274583472e-01
2.961662965909294676e-01
3.072352362886452970e-01
3.177994350997743744e-01
3.203629962053086699e-01
3.228959324195746494e-01
3.253984280460470724e-01
3.278706666079606591e-01
3.303128313111585168e-01
3.327506129470400031e-01
3.351580523576109805e-01
3.375353373471348117e-01
3.398826551713153288e-01
3.422840778972551790e-01
3.446537173707542312e-01
3.469917798289050004e-01
3.554796974952210697e-01
3.635376709707998644e-01
3.711767569041574677e-01
3.784077901360598517e-01
3.892545556165632470e-01
3.918094903265901818e-01
3.943031124835338352e-01
3.967361097346580601e-01
3.991091659263398261e-01
4.014229609454618153e-01
4.028631212034350373e-01
4.042797861846947893e-01
4.056731278054136469e-01
4.070433172508607367e-01
4.084105361950630120e-01
4.097542625623982193e-01
4.110746742981277180e-01
4.168566727414469986e-01
4.221655285569458349e-01
4.270179704416727784e-01
4.314304579629298919e-01
4.324667331337685439e-01
4.334767677567483712e-01
4.344608084207540744e-01
4.354191002749148720e-01
4.362442807990627447e-01
4.370497314985264947e-01
4.378356184309497023e-01
4.393839396519507723e-01
4.408523955885488288e-01
4.422423863736498206e-01
4.457340909085449887e-01
4.465157579008787181e-01
4.472618404446901397e-01
4.479727909783196016e-01
4.481450919532920518e-01
4.483152322740742157e-01
4.484829668691014959e-01
4.485243933445480224e-01
4.485658198199944935e-01
4.485675531039693409e-01
4.485692863879440773e-01
4.485727529558937166e-01
4.485762195238433003e-01
4.485796848069693032e-01
4.485803778567298838e-01
4.485810709064904644e-01
4.485811151455854073e-01
4.485811593846804057e-01
4.485807842390618361e-01
4.485802311590956215e-01
4.485796780799259365e-01
4.485741473320395412e-01
4.485686166385334794e-01
4.485133134595327697e-01
4.484580171102771629e-01
4.484027275899472587e-01
4.478502077881380550e-01
4.472983699456989370e-01
4.467472132212182978e-01
4.461967367739030910e-01
4.450257521203971889e-01
4.438578457651784492e-01
4.426930096164832795e-01
4.415312356037213171e-01
4.403725156766731819e-01
4.385108042842446041e-01
4.366569769346065888e-01
4.348110002391643025e-01
4.329728409445123827e-01
4.311424659427893769e-01
4.293198422684705862e-01
4.270590283834821976e-01
4.248101409651517946e-01
4.225731171017819698e-01
4.203478942150907227e-01
4.181344100583365142e-01
4.154323220827327856e-01
4.127477272563235822e-01
4.100805123281951459e-01
4.074305647682318066e-01
4.047439166591060844e-01
4.020750175181000974e-01
3.994237500818677011e-01
3.967899978563755314e-01
3.936384258979409578e-01
3.905119334294595013e-01
3.874103209163297090e-01
3.843333904117873234e-01
3.775238814053991088e-01
3.708352584595100421e-01
3.642653754691850820e-01
3.578121246289571733e-01
3.514734353485817753e-01
3.455806617414269311e-01
3.397868982743770250e-01
3.340904813315053734e-01
3.284897752322677444e-01
3.256988603416133277e-01
3.229317121665779555e-01
3.201881283094665798e-01
3.180002639112239349e-01
3.158273845811396807e-01
3.136693876941038517e-01
3.046522132892179324e-01
2.958948849182917451e-01
2.937452713941808846e-01
2.916113142320347906e-01
2.894928993535094142e-01
2.873899134998718075e-01
2.854196255269292326e-01
2.834628807389615868e-01
2.815195860896425040e-01
2.796051247927589523e-01
2.777037177490279674e-01
2.758152759496097506e-01
2.630402196084415944e-01
2.508584899368230259e-01
2.479025068791799180e-01
2.449814607653353349e-01
2.420949386567525508e-01
2.392425324538035858e-01
2.376003425766012311e-01
2.359694605041154913e-01
2.343498083334918658e-01
2.327419162586793211e-01
2.311450914933449452e-01
2.295592577910177123e-01
2.239859040934322754e-01
2.185483094320248287e-01
2.132431668386993717e-01
1.992167426407025488e-01
1.958572645596034500e-01
1.925546541300972025e-01
1.893079484520469868e-01
1.861162007019914744e-01
1.848450396020237807e-01
1.835825955046229696e-01
1.823288088562063369e-01
1.810837315246686674e-01
1.798471918311135287e-01
1.786191312334964032e-01
1.718767031006829815e-01
1.653898613795282135e-01
1.638069423340292041e-01
1.622392425160680274e-01
1.606866156058495976e-01
1.591489166821933587e-01
1.580484762110422881e-01
1.569556809773690609e-01
1.558704778546377012e-01
1.547815395899859170e-01
1.537002457503473529e-01
1.526265426439209205e-01
1.498562845350064621e-01
1.471365564611193388e-01
1.444664377785054576e-01
1.339197421322562698e-01
1.314062956965437179e-01
1.289402892098722442e-01
1.265208272683009949e-01
1.241470312113189811e-01
1.195330037152798619e-01
1.150915049314853861e-01
1.108160851567262656e-01
1.067005320757188763e-01
9.834055619620467315e-02
9.064022958665501895e-02
8.354750210785540088e-02
7.701443023541819366e-02
7.099685304734748570e-02
6.415604841418560966e-02
5.798142585063507243e-02
5.240810848631535790e-02
4.737753755402634992e-02
4.283685709501892230e-02
3.854106199223119450e-02
3.468373749220778762e-02
3.122012708371830689e-02
2.811004273856406235e-02
2.531739858753625019e-02
2.280979219600626565e-02
2.055812858045604277e-02
1.853628260320307544e-02
1.822022890162207018e-02
1.790979081944981538e-02
1.760486860876385104e-02
1.730536433945462430e-02
1.701118173275620662e-02
1.650959262699834215e-02
1.602347384721878459e-02
1.555234834887898529e-02
1.509575374304621131e-02
1.465324166304448131e-02
1.376845626348392575e-02
1.293997006534580718e-02
1.216420031690171148e-02
1.143779200735474399e-02
1.075760410783996486e-02
9.736017871294909073e-03
8.818690199506462254e-03
7.994978992362386516e-03
7.255328433118127425e-03
6.591158106940727714e-03
5.994763437583607545e-03
5.459226286903566192e-03
4.978334679856474126e-03
4.546510723496145941e-03
4.158745883580442469e-03
3.810542867763061156e-03
3.497863441009388657e-03
3.217081567709630281e-03
2.964941336771127929e-03
2.738519181471289407e-03
2.535189955687080880e-03
2.352596472864702457e-03
2.188622154273177876e-03
2.041366469164320428e-03
1.909122881857604377e-03
1.790359049857698313e-03
1.683699043219456098e-03
1.587907304653334625e-03
1.501874307893496120e-03
1.424604200852934866e-03
1.355202536519341770e-03
1.292866143797422474e-03
1.236873845043001165e-03
1.186578074203207362e-03
1.141397365469366734e-03
1.100809606004757128e-03
1.064345977355391241e-03
1.031585515494012938e-03
1.002150226097040658e-03
9.757006984312552398e-04
9.519321669526775460e-04
9.305709749151240291e-04
9.113713989543641321e-04
8.941127978013582549e-04
8.785970520392349589e-04
8.646462651958689016e-04
8.521006996577787113e-04
8.408173076912264440e-04
8.306670231758386293e-04
8.215339677911351508e-04
8.133143356937149989e-04
8.059149013380017624e-04
7.992519517863693997e-04
7.932503192726592101e-04
7.878425083295789201e-04
7.829679126898554144e-04
7.785721121229478067e-04
7.746062410293217760e-04
7.710264214833693246e-04
7.677932541453067004e-04
7.648713611352741127e-04
7.622289755659357544e-04
7.598375712965230785e-04
7.576696391079877635e-04
7.557045022851167655e-04
7.539214241739801816e-04
7.523017900962320707e-04
7.508289065766167707e-04
7.494877857164217909e-04
7.482649707756430357e-04
7.471483798052799960e-04
7.461271651942637251e-04
7.451915875645015843e-04
7.443329025494836108e-04
7.435432591400308782e-04
7.428156084154376821e-04
7.421436215989941866e-04
7.415216164852763249e-04
7.409444913839094730e-04
7.404076658118937922e-04
7.399070272450329871e-04
7.394388833094429816e-04
7.389999188573631930e-04
7.385871574282693898e-04
7.381979266472684731e-04
7.378298271585285876e-04
7.374807047325906365e-04
7.371486252233051730e-04
7.368318520832657821e-04
7.365288261763539663e-04
7.362381476527115167e-04
7.359585596754384708e-04
7.356889338098320527e-04
7.354282569053201442e-04
7.351756193175862765e-04
7.349302043339685404e-04
7.346912786792003658e-04
7.344581839911222586e-04
7.342303291672678742e-04
7.340071834933524107e-04
7.337882704737812593e-04
7.335731622924585027e-04
7.333614748394999419e-04
7.331528632460373052e-04
7.329470178752035565e-04
7.327436607226943312e-04
7.325425421850637530e-04
7.323434381581814950e-04
7.321461474321247021e-04
7.319504893522166093e-04
7.317563017190228860e-04
7.315634389028930493e-04
7.313717701511261151e-04
7.311811780680852520e-04
7.309915572505880756e-04
7.308028126200853854e-04
7.306148473285742568e-04
7.304275957254726054e-04
7.302409929361238948e-04
7.300549951800191758e-04
7.298695329309248282e-04
7.296845483154717777e-04
7.294999963196642382e-04
7.293158328156332075e-04
7.291320256472384135e-04
7.289485461737897761e-04
7.287653665433821600e-04
7.285824610139727360e-04
7.283998062229448669e-04
7.282173811115902817e-04
7.280351667473247473e-04
7.278531461260083057e-04
7.276713039813116320e-04
7.274896266090456840e-04
7.273081017079074733e-04
7.271267182359966415e-04
7.269454662818476600e-04
7.267643369486132942e-04
7.265833222500928676e-04
7.264024150174107526e-04
7.262216088152534041e-04
7.260408978666925157e-04
7.258602769857105648e-04
7.256797415166409658e-04
7.254992872798172315e-04
7.253189105227884296e-04
7.251386078765388815e-04
7.249583763161893037e-04
7.247782131257311800e-04
7.245981158663704434e-04
7.244180823481182353e-04
7.242381106042929638e-04
7.240581988686340970e-04
7.238783455547629286e-04
7.236985492377474545e-04
7.235188086375570144e-04
7.233391226042122993e-04
7.231594901044572548e-04
7.229799102097972949e-04
7.228003820857626651e-04
7.226209049822731375e-04
7.224414782249894383e-04
7.222621012075510112e-04
7.220827733846099097e-04
7.219034942680317528e-04
7.217242635411606592e-04
7.215450807002127655e-04
7.213659453287738811e-04
7.211868571042302171e-04
7.210078157090546273e-04
7.208288209102328746e-04
7.206498724990499693e-04
7.204709702716837090e-04
7.202921140387535731e-04
7.201133036281893041e-04
7.199345389273068430e-04
7.197558197571260951e-04
7.195771459678838291e-04
7.193985174418534700e-04
7.192199340619950679e-04
7.190413957423532915e-04
7.188629024057651470e-04
7.186844539761504331e-04
7.185060503820520951e-04
7.183276915578087896e-04
7.181493774600732462e-04
7.179711080195936776e-04
7.177928831770617312e-04
7.176147028848772454e-04
7.174365670948430968e-04
7.172584757709672427e-04
7.170804288803346062e-04
7.169024263900296767e-04
7.167244682685856546e-04
7.165465544865071449e-04
7.163686850238626088e-04
7.161908598485608544e-04
7.160130789323565720e-04
7.158353422517256103e-04
7.156576497819896847e-04
7.154800015041685350e-04
7.153023974003991717e-04
7.151248374524562645e-04
7.149473216424878826e-04
7.147698499533127825e-04
7.145924223729743828e-04
7.144150388820376006e-04
7.142376994628396982e-04
7.140604041000610074e-04
7.138831527770410270e-04
7.137059454806006292e-04
7.135287821980113888e-04
7.133516629160605678e-04
7.131745876215430172e-04
7.129975563014825718e-04
7.128205689466472501e-04
7.126436255419266348e-04
7.124667260732757542e-04
7.122898705281834573e-04
7.121130588927357440e-04
7.119362911557425636e-04
7.117595673062379700e-04
7.115828873327310466e-04
7.114062512236144333e-04
7.112296589673593747e-04
7.110531105556730253e-04
7.108766059749367216e-04
7.107001452123557937e-04
7.105237282563915116e-04
7.103473550940847319e-04
7.101710257149383178e-04
7.099947401086018246e-04
7.098184982641873690e-04
7.096423001706485571e-04
7.094661458169661001e-04
7.092900351951797857e-04
7.091139682921987399e-04
7.089379450956735749e-04
7.087619655944143483e-04
7.085860297758066932e-04
7.084101376296057665e-04
7.082342891456870713e-04
7.080584843133847688e-04
7.078827231218608488e-04
7.077070055602873843e-04
7.075313316208291714e-04
7.073557012905965641e-04
7.071801145574106110e-04
7.070045714102186300e-04
7.068290718365434055e-04
7.066536158262428768e-04
7.064782033692852464e-04
7.063028344550980253e-04
7.061275090729311320e-04
7.059522272120391474e-04
7.057769888646429207e-04
7.056017940179410601e-04
7.054266426598331105e-04
7.052515347793308995e-04
7.050764703640242156e-04
7.049014494038220637e-04
7.047264718887410019e-04
7.045515378082570050e-04
7.043766471516679133e-04
7.042017999082735187e-04
7.040269960703263294e-04
7.038522356250762361e-04
7.036775185604692961e-04
7.035028448655563683e-04
7.033282145279709345e-04
7.031536275376558268e-04
7.029790838846601293e-04
7.028045835584934269e-04
7.026301265484876041e-04
7.024557128439754125e-04
7.022813424372322368e-04
7.021070153155467824e-04
7.019327314668999092e-04
7.017584908803744604e-04
7.015842935436386119e-04
7.014101394466628432e-04
7.012360285795239939e-04
7.010619609317600550e-04
7.008879364927318592e-04
7.007139552518005642e-04
7.005400172012626967e-04
7.003661223284400302e-04
7.001922706213456254e-04
7.000184620690907316e-04
6.998446966593750750e-04
6.996709743821956980e-04
6.994972952276544854e-04
6.993236591853166416e-04
6.991500662445698875e-04
6.989765163948025942e-04
6.988030096283309126e-04
6.986295459325087085e-04
6.984561252953796172e-04
6.982827477060818844e-04
6.981094131523470038e-04
6.979361216241966289e-04
6.977628731117575811e-04
6.975896676046214112e-04
6.974165050922020775e-04
6.972433855639149480e-04
6.970703090120948216e-04
6.968972754241278735e-04
6.967242847880870124e-04
6.965513370931380229e-04
6.963784323270426476e-04
6.962055704798474770e-04
6.960327515417042690e-04
6.958599755022298362e-04
6.956872423508650254e-04
6.955145520770512251e-04
6.953419046731427501e-04
6.951693001265565669e-04
6.949967384253956165e-04
6.948242195588524633e-04
6.946517435147194245e-04
6.944793102830673767e-04
6.943069198540727975e-04
6.941345722173785206e-04
6.939622673624513049e-04
6.937900052787587769e-04
6.936177859586741164e-04
6.934456093896456232e-04
6.932734755598062709e-04
6.931013844583747531e-04
6.929293360731735279e-04
6.927573303942989504e-04
6.925853674119513510e-04
6.924134471157989334e-04
6.922415694953352365e-04
6.920697345400536908e-04
6.918979422423464495e-04
6.917261925896932544e-04
6.915544855702554852e-04
6.913828211732796995e-04
6.912111993866181707e-04
6.910396202003915404e-04
6.908680836048247502e-04
6.906965895896116994e-04
6.905251381442716226e-04
6.903537292583244046e-04
6.901823629241807386e-04
6.900110391293513747e-04
6.898397578620275080e-04
6.896685191114818253e-04
6.894973228655971748e-04
6.893261691145187008e-04
6.891550578484949806e-04
6.889839890572461512e-04
6.888129627303170343e-04
6.886419788572537524e-04
6.884710374304856472e-04
6.883001384375543683e-04
6.881292818666806012e-04
6.879584677071633788e-04
6.877876959469157985e-04
6.876169665761072908e-04
6.874462795850109359e-04
6.872756349633720244e-04
6.871050327007612903e-04
6.869344727867508771e-04
6.867639552137889914e-04
6.865934799694482912e-04
6.864230470419783016e-04
6.862526564207050523e-04
6.860823080935710225e-04
6.859120020507705794e-04
6.857417382826004387e-04
6.855715167788316950e-04
6.854013375290607781e-04
6.852312005228856353e-04
6.850611057527732301e-04
6.848910532063270116e-04
6.847210428718258869e-04
6.845510747386220150e-04
6.843811487946881243e-04
6.842112650302424343e-04
6.840414234356060556e-04
6.838716240005752360e-04
6.837018667147726431e-04
6.835321515678217030e-04
6.833624785522079189e-04
6.831928476555657482e-04
6.830232588662028294e-04
6.828537121734979927e-04
6.826842075654538907e-04
6.825147450323124868e-04
6.823453245644196113e-04
6.821759461515963406e-04
6.820066097834910374e-04
6.818373154497528238e-04
6.816680631428863931e-04
6.814988528505561268e-04
6.813296845610991538e-04
6.811605582639204334e-04
6.809914739470523254e-04
6.808224316007614046e-04
6.806534312154167033e-04
6.804844727808651017e-04
6.803155562867805499e-04
6.801466817228377570e-04
6.799778490815598479e-04
6.798090583506421038e-04
6.796403095184503848e-04
6.794716025744161050e-04
6.793029375066007890e-04
6.791343143052957316e-04
6.789657329608936006e-04
6.787971934632665381e-04
6.786286958021138646e-04
6.784602399671360931e-04
6.782918259508747801e-04
6.781234537410559980e-04
6.779551233260740131e-04
6.777868346953865855e-04
6.776185878370852723e-04
6.774503827414847870e-04
6.772822193990021920e-04
6.771140977995342407e-04
6.769460179328061662e-04
6.767779797885439602e-04
6.766099833593076105e-04
6.764420286328534388e-04
6.762741155976047681e-04
6.761062442430452709e-04
6.759384145572962114e-04
6.757706265306963724e-04
6.756028801536863434e-04
6.754351754161879232e-04
6.752675123079520400e-04
6.750998908187299478e-04
6.749323109411003909e-04
6.747647726628496151e-04
6.745972759724302168e-04
6.744298208593514556e-04
6.742624073117641946e-04
6.740950353200311773e-04
6.739277048746166289e-04
6.737604159654676100e-04
6.735931685823600941e-04
6.734259627150710305e-04
6.732587983561973783e-04
6.730916754935559578e-04
6.729245941156274460e-04
6.727575542119476658e-04
6.725905557706966451e-04
6.724235987822607631e-04
6.722566832371284226e-04
6.720898091252711874e-04
6.719229764364907263e-04
6.717561851605891423e-04
6.715894352901816090e-04
6.714227268131153043e-04
6.712560597178994200e-04
6.710894339940957996e-04
6.709228496299138528e-04
6.707563066157638115e-04
6.705898049421572804e-04
6.704233445990909765e-04
6.702569255763918309e-04
6.700905478638872082e-04
6.699242114542104968e-04
6.697579163352393406e-04
6.695916624955112291e-04
6.694254499246139181e-04
6.692592786107857657e-04
6.690931485444610730e-04
6.689270597161750802e-04
6.687610121159492244e-04
6.685950057336353730e-04
6.684290405590863696e-04
6.682631165849539255e-04
6.680972337991453918e-04
6.679313921902270976e-04
6.677655917478123862e-04
6.675998324601686721e-04
6.674341143177543257e-04
6.672684373111277892e-04
6.671028014303353277e-04
6.669372066652539625e-04
6.667716530057616903e-04
6.666061404445285457e-04
6.664406689694918036e-04
6.662752385692459825e-04
6.661098492334303380e-04
6.659445009503415580e-04
6.657791937104613235e-04
6.656139275043714953e-04
6.654487023221431667e-04
6.652835181536786210e-04
6.651183749888805747e-04
6.649532728204373853e-04
6.647882116363164687e-04
6.646231914251403156e-04
6.644582121765740942e-04
6.642932738789433323e-04
6.641283765227533461e-04
6.639635200986094155e-04
6.637987045966072452e-04
6.636339300066740549e-04
6.634691963187379317e-04
6.633045035255050138e-04
6.631398516149725328e-04
6.629752405757913854e-04
6.628106703976523271e-04
6.626461410689097253e-04
6.624816525800925320e-04
6.623172049218294458e-04
6.621527980842406742e-04
6.619884320572780485e-04
6.618241068308948092e-04
6.616598223978155261e-04
6.614955787460668124e-04
6.613313758643277543e-04
6.611672137423148026e-04
6.610030923684112733e-04
6.608390117331694284e-04
6.606749718272410601e-04
6.605109726407708791e-04
6.603470141637363035e-04
6.601830963861148602e-04
6.600192193006492250e-04
6.598553828953958268e-04
6.596915871590619410e-04
6.595278320813889551e-04
6.593641176507894584e-04
6.592004438578391318e-04
6.590368106932129695e-04
6.588732181470801849e-04
6.587096662094424826e-04
6.585461548703028679e-04
6.583826841224215808e-04
6.582192539538849743e-04
6.580558643534281877e-04
6.578925153108183040e-04
6.577292068144962103e-04
6.575659388550610064e-04
6.574027114232111049e-04
6.572395245091398972e-04
6.570763781028740244e-04
6.569132721944411033e-04
6.567502067766195885e-04
6.565871818375249979e-04
6.564241973659205517e-04
6.562612533515987034e-04
6.560983497830292881e-04
6.559354866508346074e-04
6.557726639457359509e-04
6.556098816579508876e-04
6.554471397775309951e-04
6.552844382945286102e-04
6.551217772017400767e-04
6.549591564873104028e-04
6.547965761400307812e-04
6.546340361497188188e-04
6.544715365048727569e-04
6.543090771961383159e-04
6.541466582142597703e-04
6.539842795494793005e-04
6.538219411918728789e-04
6.536596431315175619e-04
6.534973853612272574e-04
6.533351678691768976e-04
6.531729906441848888e-04
6.530108536760945333e-04
6.528487569534322616e-04
6.526867004668673216e-04
6.525246842071667558e-04
6.523627081645968140e-04
6.522007723292582966e-04
6.520388766912525464e-04
6.518770212434117943e-04
6.517152059739399206e-04
6.515534308716831955e-04
6.513916959265100750e-04
6.512300011269756125e-04
6.510683464637718239e-04
6.509067319276888456e-04
6.507451575090169964e-04
6.505836231978816882e-04
6.504221289844088752e-04
6.502606748614484606e-04
6.500992608172333816e-04
6.499378868406379892e-04
6.497765529215554590e-04
6.496152590485694675e-04
6.494540052123952325e-04
6.492927914038454417e-04
6.491316176132345918e-04
6.489704838307124891e-04
6.488093900464299161e-04
6.486483362532540148e-04
6.484873224394472127e-04
6.483263485939113994e-04
6.481654147065647959e-04
6.480045207660192676e-04
6.478436667630130177e-04
6.476828526883819355e-04
6.475220785324642620e-04
6.473613442854343064e-04
6.472006499374668119e-04
6.470399954814473522e-04
6.468793809056669775e-04
6.467188061990550079e-04
6.465582713515550346e-04
6.463977763518070040e-04
6.462373211905721041e-04
6.460769058587086675e-04
6.459165303465793295e-04
6.457561946443824688e-04
6.455958987423172230e-04
6.454356426332868383e-04
6.452754263056115300e-04
6.451152497482481570e-04
6.449551129511648133e-04
6.447950159030298514e-04
6.446349585946273362e-04
6.444749410168385852e-04
6.443149631600496524e-04
6.441550250144833113e-04
6.439951265703634190e-04
6.438352678206102440e-04
6.436754487535732748e-04
6.435156693582366923e-04
6.433559296245935271e-04
6.431962295413402126e-04
6.430365690992836903e-04
6.428769482893273955e-04
6.427173671018817768e-04
6.425578255271940020e-04
6.423983235555115641e-04
6.422388611797728375e-04
6.420794383883559340e-04
6.419200551702721391e-04
6.417607115155396372e-04
6.416014074128828341e-04
6.414421428531314395e-04
6.412829178272116569e-04
6.411237323255572452e-04
6.409645863384398753e-04
6.408054798561312179e-04
6.406464128715868862e-04
6.404873853732140484e-04
6.403283973500513123e-04
6.401694487921414734e-04
6.400105396882368016e-04
6.398516700291899915e-04
6.396928398059494730e-04
6.395340490089729659e-04
6.393752976285559933e-04
6.392165856549946205e-04
6.390579130812619165e-04
6.388992798957934555e-04
6.387406860876554925e-04
6.385821316469152175e-04
6.384236165623527644e-04
6.382651408248435961e-04
6.381067044253586939e-04
6.379483073543793046e-04
6.377899496022251292e-04
6.376316311592160856e-04
6.374733520183425897e-04
6.373151121680693809e-04
6.371569115974894939e-04
6.369987502966946219e-04
6.368406282544931962e-04
6.366825454617826893e-04
6.365245019095568503e-04
6.363664975883206705e-04
6.362085324884172695e-04
6.360506066001910680e-04
6.358927199166499377e-04
6.357348724262868074e-04
6.355770641182219250e-04
6.354192949825717036e-04
6.352615650081722218e-04
6.351038741859435033e-04
6.349462225069016320e-04
6.347886099615749093e-04
6.346310365403308494e-04
6.344735022335376172e-04
6.343160070342204315e-04
6.341585509309007355e-04
6.340011339127256656e-04
6.338437559698362461e-04
6.336864170910960943e-04
6.335291172674480022e-04
6.333718564899299547e-04
6.332146347490942139e-04
6.330574520353318213e-04
6.329003083390349026e-04
6.327432036532460238e-04
6.325861379665151428e-04
6.324291112680160672e-04
6.322721235479145411e-04
6.321151747951016123e-04
6.319582650005425156e-04
6.318013941552978957e-04
6.316445622499428916e-04
6.314877692748926139e-04
6.313310152205629322e-04
6.311743000800136517e-04
6.310176238418231361e-04
6.308609864951922981e-04
6.307043880303108427e-04
6.305478284360977901e-04
6.303913077035402761e-04
6.302348258237213882e-04
6.300783827872395758e-04
6.299219785845340189e-04
6.297656132060440058e-04
6.296092866448466888e-04
6.294529988895486211e-04
6.292967499293774950e-04
6.291405397545476270e-04
6.289843683540049255e-04
6.288282357187597281e-04
6.286721418399165897e-04
6.285160867080973783e-04
6.283600703137649096e-04
6.282040926473825412e-04
6.280481537020440137e-04
6.278922534663850452e-04
6.277363919296589153e-04
6.275805690821049856e-04
6.274247849126967031e-04
6.272690394124659811e-04
6.271133325725397091e-04
6.269576643835633907e-04
6.268020348360230434e-04
6.266464439204056606e-04
6.264908916298226552e-04
6.263353779529369589e-04
6.261799028790297154e-04
6.260244663983633795e-04
6.258690684999391541e-04
6.257137091748113953e-04
6.255583884141287850e-04
6.254031062085600289e-04
6.252478625486149969e-04
6.250926574248038842e-04
6.249374908302554512e-04
6.247823627536606018e-04
6.246272731843271510e-04
6.244722221125415147e-04
6.243172095273323259e-04
6.241622354197760587e-04
6.240072997810435125e-04
6.238524026018262697e-04
6.236975438726578358e-04
6.235427235840721501e-04
6.233879417292146697e-04
6.232331982968043792e-04
6.230784932761757652e-04
6.229238266576395296e-04
6.227691984302509767e-04
6.226146085851091321e-04
6.224600571134064793e-04
6.223055440058579109e-04
6.221510692530199177e-04
6.219966328454503996e-04
6.218422347763115105e-04
6.216878750343506413e-04
6.215335536089279739e-04
6.213792704903788218e-04
6.212250256677858112e-04
6.210708191322694346e-04
6.209166508750442936e-04
6.207625208868481573e-04
6.206084291582612605e-04
6.204543756798648136e-04
6.203003604448376670e-04
6.201463834419552925e-04
6.199924446606045435e-04
6.198385440911441521e-04
6.196846817226839580e-04
6.195308575463666801e-04
6.193770715534287121e-04
6.192233237346305916e-04
6.190696140805759719e-04
6.189159425818693740e-04
6.187623092317066703e-04
6.186087140188911964e-04
6.184551569328359351e-04
6.183016379639236877e-04
6.181481571012912906e-04
6.179947143361033636e-04
6.178413096596178759e-04
6.176879430626185672e-04
6.175346145357324011e-04
6.173813240695868836e-04
6.172280716573950174e-04
6.170748572879876772e-04
6.169216809508044084e-04
6.167685426362515396e-04
6.166154423334929040e-04
6.164623800337152388e-04
6.163093557281980892e-04
6.161563694077480712e-04
6.160034210630151337e-04
6.158505106846504182e-04
6.156976382658835159e-04
6.155448037955731653e-04
6.153920072631848242e-04
6.152392486591488907e-04
6.150865279726559776e-04
6.149338451949146146e-04
6.147812003172259225e-04
6.146285933304193941e-04
6.144760242251681801e-04
6.143234929921465156e-04
6.141709996246009053e-04
6.140185441114173010e-04
6.138661264420879407e-04
6.137137466070666410e-04
6.135614045955704692e-04
6.134091003988303981e-04
6.132568340081687988e-04
6.131046054144378239e-04
6.129524146083339346e-04
6.128002615805542425e-04
6.126481463243622742e-04
6.124960688286715206e-04
6.123440290830000233e-04
6.121920270778254515e-04
6.120400628023917608e-04
6.118881362479511744e-04
6.117362474058480725e-04
6.115843962669569424e-04
6.114325828219975556e-04
6.112808070616900088e-04
6.111290689793145254e-04
6.109773685638121348e-04
6.108257058047266829e-04
6.106740806925595828e-04
6.105224932165816782e-04
6.103709433680666596e-04
6.102194311383801577e-04
6.100679565184197531e-04
6.099165194989279856e-04
6.097651200706479370e-04
6.096137582268764191e-04
6.094624339565821083e-04
6.093111472493345461e-04
6.091598980956588897e-04
6.090086864848524373e-04
6.088575124082104550e-04
6.087063758571203661e-04
6.085552768225019771e-04
6.084042152951205963e-04
6.082531912657428326e-04
6.081022047276816523e-04
6.079512556699332706e-04
6.078003440820931415e-04
6.076494699547097325e-04
6.074986332771069048e-04
6.073478340406018253e-04
6.071970722366027340e-04
6.070463478560525310e-04
6.068956608897390758e-04
6.067450113284518541e-04
6.065943991655205290e-04
6.064438243899686375e-04
6.062932869914173292e-04
6.061427869604385987e-04
6.059923242863827619e-04
6.058418989605883443e-04
6.056915109744852701e-04
6.055411603190383402e-04
6.053908469850589414e-04
6.052405709633587854e-04
6.050903322472843404e-04
6.049401308258862487e-04
6.047899666888116805e-04
6.046398398266556156e-04
6.044897502287950412e-04
6.043396978865898418e-04
6.041896827914913001e-04
6.040397049344864433e-04
6.038897643064094264e-04
6.037398608980949462e-04
6.035899947029060592e-04
6.034401657099202959e-04
6.032903739088104136e-04
6.031406192901951364e-04
6.029909018434772552e-04
6.028412215600385555e-04
6.026915784313511366e-04
6.025419724484246857e-04
6.023924036021160175e-04
6.022428718832825972e-04
6.020933772853037441e-04
6.019439197972840938e-04
6.017944994089220994e-04
6.016451161108596866e-04
6.014957698925262096e-04
6.013464607453244872e-04
6.011971886607478692e-04
6.010479536298281604e-04
6.008987556434450521e-04
6.007495946924786695e-04
6.006004707703247033e-04
6.004513838661150026e-04
6.003023339695732824e-04
6.001533210713646703e-04
6.000043451609447581e-04
5.998554062297377235e-04
5.997065042692581666e-04
5.995576392705600100e-04
5.994088112245453881e-04
5.992600201221171940e-04
5.991112659566873817e-04
5.989625487174150137e-04
5.988138683940489584e-04
5.986652249772779792e-04
5.985166184565833634e-04
5.983680488234108643e-04
5.982195160692955734e-04
5.980710201853142900e-04
5.979225611623913746e-04
5.977741389914522719e-04
5.976257536659251987e-04
5.974774051749959973e-04
5.973290935084394487e-04
5.971808186569668676e-04
5.970325806100857790e-04
5.968843793592631865e-04
5.967362148960554322e-04
5.965880872115609992e-04
5.964399962967271247e-04
5.962919421425013711e-04
5.961439247423288689e-04
5.959959440854216981e-04
5.958480001615801182e-04
5.957000929615385377e-04
5.955522224748307190e-04
5.954043886929444827e-04
5.952565916074570957e-04
5.951088312094893759e-04
5.949611074900105698e-04
5.948134204399912247e-04
5.946657700528923006e-04
5.945181563179529824e-04
5.943705792249986833e-04
5.942230387647865798e-04
5.940755349268764555e-04
5.939280677027774895e-04
5.937806370840878738e-04
5.936332430619500021e-04
5.934858856273558889e-04
5.933385647712983079e-04
5.931912804872542652e-04
5.930440327644899423e-04
5.928968215928559059e-04
5.927496469631443523e-04
5.926473224368847747e-04
