0.000000000000000000e+00
3.839124698420911158e-05
7.678249396841822316e-05
1.535649879368364463e-04
2.303474819052546830e-04
3.071299758736728927e-04
1.074954915557855151e-03
1.842779855242037464e-03
2.610604794926219777e-03
3.378429734610402090e-03
4.951054860374608235e-03
6.523679986138813947e-03
8.096305111903019658e-03
9.668930237667225369e-03
1.124155536343143108e-02
1.433269360288424304e-02
1.742383184233705501e-02
1.988934718626339526e-02
2.235486253018973551e-02
2.482037787411607577e-02
2.728589321804241602e-02
2.975140856196875627e-02
3.221692390589509652e-02
3.557153744930325462e-02
3.892615099271141271e-02
4.228076453611957081e-02
4.563537807952772890e-02
4.898999162293588699e-02
5.234460516634404509e-02
5.626852989896643370e-02
6.019245463158882231e-02
6.411637936421121786e-02
6.804030409683360647e-02
7.196422882945599508e-02
7.672395831838080271e-02
8.148368780730561034e-02
8.624341729623041797e-02
9.100314678515522560e-02
9.576287627408003322e-02
1.015971949212423620e-01
1.074315135684046907e-01
1.132658322155670194e-01
1.191001508627293481e-01
1.295100969414116066e-01
1.399200430200938650e-01
1.503299890987761234e-01
1.607399351774583818e-01
1.711498812561406402e-01
1.843248973241604638e-01
1.974999133921802874e-01
2.106749294602001110e-01
2.238499455282199346e-01
2.370249615962397582e-01
2.428551525960461754e-01
2.486853435958525926e-01
2.545155345956590098e-01
2.603457255954654270e-01
2.664020525106371440e-01
2.724583794258088609e-01
2.785147063409805779e-01
2.923064153145333299e-01
3.060981242880860820e-01
3.198898332616388340e-01
3.336815422351915861e-01
3.533451845784797429e-01
3.730088269217679553e-01
3.926724692650561677e-01
4.123361116083443800e-01
4.353569146411191970e-01
4.583777176738940140e-01
4.641329184320877044e-01
4.698881191902813947e-01
4.756433199484750851e-01
4.813985207066687755e-01
4.871537214648624659e-01
4.929701609619426272e-01
4.987866004590227886e-01
5.046030399561028945e-01
5.104194794531830004e-01
5.164478557071526810e-01
5.224762319611223615e-01
5.285046082150920421e-01
5.511053380282053826e-01
5.737060678413187231e-01
5.963067976544320636e-01
6.189075274675454041e-01
6.554184461881336077e-01
6.645461758682806863e-01
6.736739055484277650e-01
6.828016352285748436e-01
6.919293649087219222e-01
7.010570945888690009e-01
7.068587078295381909e-01
7.126603210702073810e-01
7.184619343108765710e-01
7.242635475515457610e-01
7.301520786123296691e-01
7.360406096731135772e-01
7.419291407338974853e-01
7.690329869191134815e-01
7.961368331043294777e-01
8.232406792895454739e-01
8.503445254747614701e-01
8.571204870210654692e-01
8.638964485673694682e-01
8.706724101136734673e-01
8.774483716599774663e-01
8.834331622774080905e-01
8.894179528948387148e-01
8.954027435122693390e-01
9.076530243025981992e-01
9.199033050929270594e-01
9.321535858832559196e-01
9.665134246902731263e-01
9.751033843920273725e-01
9.836933440937816187e-01
9.922833037955358648e-01
9.944307937209744264e-01
9.965782836464129879e-01
9.987257735718515494e-01
9.992626460532112453e-01
9.997995185345709412e-01
9.998219812823286867e-01
9.998444440300864322e-01
9.998893695256019232e-01
9.999342950211174141e-01
9.999792205166329051e-01
9.999882056157359811e-01
9.999971907148390571e-01
9.999977642561272972e-01
9.999983377974155374e-01
9.999994848799920177e-01
1.000000631962568498e+00
1.000001779045144978e+00
1.000013249870909560e+00
1.000024720696674141e+00
1.000139428954320842e+00
1.000254137211967542e+00
1.000368845469614243e+00
1.001515928046081028e+00
1.002663010622547812e+00
1.003810093199014597e+00
1.004957175775481382e+00
1.007401995393746752e+00
1.009846815012012122e+00
1.012291634630277493e+00
1.014736454248542863e+00
1.017181273866808233e+00
1.021122883661970793e+00
1.025064493457133352e+00
1.029006103252295912e+00
1.032947713047458471e+00
1.036889322842621031e+00
1.040830932637783590e+00
1.045743531864868681e+00
1.050656131091953771e+00
1.055568730319038862e+00
1.060481329546123952e+00
1.065393928773209042e+00
1.071426369496692788e+00
1.077458810220176533e+00
1.083491250943660278e+00
1.089523691667144023e+00
1.095679941253987932e+00
1.101836190840831842e+00
1.107992440427675751e+00
1.114148690014519660e+00
1.121569347791524285e+00
1.128990005568528909e+00
1.136410663345533534e+00
1.143831321122538158e+00
1.160467758738864541e+00
1.177104196355190924e+00
1.193740633971517306e+00
1.210377071587843689e+00
1.227013509204170072e+00
1.242751535748725766e+00
1.258489562293281461e+00
1.274227588837837155e+00
1.289965615382392849e+00
1.297908797871609288e+00
1.305851980360825726e+00
1.313795162850042164e+00
1.320178483434970351e+00
1.326561804019898538e+00
1.332945124604826725e+00
1.360102857778091368e+00
1.387260590951356010e+00
1.394050024244672281e+00
1.400839457537988553e+00
1.407628890831304824e+00
1.414418324124621096e+00
1.420824695061624787e+00
1.427231065998628479e+00
1.433637436935632170e+00
1.439992261573943999e+00
1.446347086212255828e+00
1.452701910850567657e+00
1.496872735103116803e+00
1.541043559355665948e+00
1.552086265418803235e+00
1.563128971481940521e+00
1.574171677545077808e+00
1.585214383608215094e+00
1.591631964724586012e+00
1.598049545840956931e+00
1.604467126957327849e+00
1.610882275608016334e+00
1.617297424258704819e+00
1.623712572909393304e+00
1.646616510840573921e+00
1.669520448771754539e+00
1.692424386702935157e+00
1.755850816672576364e+00
1.771707424164986611e+00
1.787564031657396857e+00
1.803420639149807103e+00
1.819277246642217349e+00
1.825668530298093506e+00
1.832059813953969662e+00
1.838451097609845819e+00
1.844841808562796226e+00
1.851232519515746633e+00
1.857623230468697040e+00
1.893515858794264206e+00
1.929408487119831372e+00
1.938381644201223164e+00
1.947354801282614956e+00
1.956327958364006747e+00
1.965301115445398539e+00
1.971776314215438530e+00
1.978251512985478522e+00
1.984726711755518513e+00
1.991269893070136021e+00
1.997813074384753529e+00
2.004356255699371037e+00
2.021454318049540788e+00
2.038552380399710540e+00
2.055650442749880291e+00
2.126442088897000371e+00
2.144140000433780280e+00
2.161837911970560189e+00
2.179535823507340098e+00
2.197233735044120007e+00
2.232629558117679824e+00
2.268025381191239642e+00
2.303421204264799460e+00
2.338817027338359278e+00
2.415157744609754520e+00
2.491498461881149762e+00
2.567839179152545004e+00
2.644179896423940246e+00
2.720520613695335488e+00
2.815684089478520225e+00
2.910847565261704961e+00
3.006011041044889698e+00
3.101174516828074434e+00
3.196337992611259171e+00
3.296337992611259260e+00
3.396337992611259349e+00
3.496337992611259438e+00
3.596337992611259526e+00
3.696337992611259615e+00
3.796337992611259704e+00
3.896337992611259793e+00
3.996337992611259882e+00
4.012990795735368543e+00
4.029643598859477649e+00
4.046296401983586755e+00
4.062949205107695860e+00
4.079602008231804966e+00
4.108702642162709751e+00
4.137803276093614535e+00
4.166903910024519320e+00
4.196004543955424104e+00
4.225105177886328889e+00
4.286176030215756327e+00
4.347246882545183766e+00
4.408317734874611205e+00
4.469388587204038643e+00
4.530459439533466082e+00
4.630459439533465726e+00
4.730459439533465371e+00
4.830459439533465016e+00
4.930459439533464661e+00
5.030459439533464305e+00
5.130459439533463950e+00
5.230459439533463595e+00
5.330459439533463240e+00
5.430459439533462884e+00
5.530459439533462529e+00
5.630459439533462174e+00
5.730459439533461818e+00
5.830459439533461463e+00
5.930459439533461108e+00
6.030459439533460753e+00
6.130459439533460397e+00
6.230459439533460042e+00
6.330459439533459687e+00
6.430459439533459332e+00
6.530459439533458976e+00
6.630459439533458621e+00
6.730459439533458266e+00
6.830459439533457910e+00
6.930459439533457555e+00
7.030459439533457200e+00
7.130459439533456845e+00
7.230459439533456489e+00
7.330459439533456134e+00
7.430459439533455779e+00
7.530459439533455424e+00
7.630459439533455068e+00
7.730459439533454713e+00
7.830459439533454358e+00
7.930459439533454002e+00
8.030459439533453647e+00
8.130459439533453292e+00
8.230459439533452937e+00
8.330459439533452581e+00
8.430459439533452226e+00
8.530459439533451871e+00
8.630459439533451516e+00
8.730459439533451160e+00
8.830459439533450805e+00
8.930459439533450450e+00
9.030459439533450094e+00
9.130459439533449739e+00
9.230459439533449384e+00
9.330459439533449029e+00
9.430459439533448673e+00
9.530459439533448318e+00
9.630459439533447963e+00
9.730459439533447608e+00
9.830459439533447252e+00
9.930459439533446897e+00
1.003045943953344654e+01
1.013045943953344619e+01
1.023045943953344583e+01
1.033045943953344548e+01
1.043045943953344512e+01
1.053045943953344477e+01
1.063045943953344441e+01
1.073045943953344405e+01
1.083045943953344370e+01
1.093045943953344334e+01
1.103045943953344299e+01
1.113045943953344263e+01
1.123045943953344228e+01
1.133045943953344192e+01
1.143045943953344157e+01
1.153045943953344121e+01
1.163045943953344086e+01
1.173045943953344050e+01
1.183045943953344015e+01
1.193045943953343979e+01
1.203045943953343944e+01
1.213045943953343908e+01
1.223045943953343873e+01
1.233045943953343837e+01
1.243045943953343802e+01
1.253045943953343766e+01
1.263045943953343730e+01
1.273045943953343695e+01
1.283045943953343659e+01
1.293045943953343624e+01
1.303045943953343588e+01
1.313045943953343553e+01
1.323045943953343517e+01
1.333045943953343482e+01
1.343045943953343446e+01
1.353045943953343411e+01
1.363045943953343375e+01
1.373045943953343340e+01
1.383045943953343304e+01
1.393045943953343269e+01
1.403045943953343233e+01
1.413045943953343198e+01
1.423045943953343162e+01
1.433045943953343127e+01
1.443045943953343091e+01
1.453045943953343055e+01
1.463045943953343020e+01
1.473045943953342984e+01
1.483045943953342949e+01
1.493045943953342913e+01
1.503045943953342878e+01
1.513045943953342842e+01
1.523045943953342807e+01
1.533045943953342771e+01
1.543045943953342736e+01
1.553045943953342700e+01
1.563045943953342665e+01
1.573045943953342629e+01
1.583045943953342594e+01
1.593045943953342558e+01
1.603045943953342700e+01
1.613045943953342842e+01
1.623045943953342984e+01
1.633045943953343127e+01
1.643045943953343269e+01
1.653045943953343411e+01
1.663045943953343553e+01
1.673045943953343695e+01
1.683045943953343837e+01
1.693045943953343979e+01
1.703045943953344121e+01
1.713045943953344263e+01
1.723045943953344405e+01
1.733045943953344548e+01
1.743045943953344690e+01
1.753045943953344832e+01
1.763045943953344974e+01
1.773045943953345116e+01
1.783045943953345258e+01
1.793045943953345400e+01
1.803045943953345542e+01
1.813045943953345684e+01
1.823045943953345827e+01
1.833045943953345969e+01
1.843045943953346111e+01
1.853045943953346253e+01
1.863045943953346395e+01
1.873045943953346537e+01
1.883045943953346679e+01
1.893045943953346821e+01
1.903045943953346963e+01
1.913045943953347106e+01
1.923045943953347248e+01
1.933045943953347390e+01
1.943045943953347532e+01
1.953045943953347674e+01
1.963045943953347816e+01
1.973045943953347958e+01
1.983045943953348100e+01
1.993045943953348242e+01
2.003045943953348385e+01
2.013045943953348527e+01
2.023045943953348669e+01
2.033045943953348811e+01
2.043045943953348953e+01
2.053045943953349095e+01
2.063045943953349237e+01
2.073045943953349379e+01
2.083045943953349521e+01
2.093045943953349664e+01
2.103045943953349806e+01
2.113045943953349948e+01
2.123045943953350090e+01
2.133045943953350232e+01
2.143045943953350374e+01
2.153045943953350516e+01
2.163045943953350658e+01
2.173045943953350800e+01
2.183045943953350942e+01
2.193045943953351085e+01
2.203045943953351227e+01
2.213045943953351369e+01
2.223045943953351511e+01
2.233045943953351653e+01
2.243045943953351795e+01
2.253045943953351937e+01
2.263045943953352079e+01
2.273045943953352221e+01
2.283045943953352364e+01
2.293045943953352506e+01
2.303045943953352648e+01
2.313045943953352790e+01
2.323045943953352932e+01
2.333045943953353074e+01
2.343045943953353216e+01
2.353045943953353358e+01
2.363045943953353500e+01
2.373045943953353643e+01
2.383045943953353785e+01
2.393045943953353927e+01
2.403045943953354069e+01
2.413045943953354211e+01
2.423045943953354353e+01
2.433045943953354495e+01
2.443045943953354637e+01
2.453045943953354779e+01
2.463045943953354922e+01
2.473045943953355064e+01
2.483045943953355206e+01
2.493045943953355348e+01
2.503045943953355490e+01
2.513045943953355632e+01
2.523045943953355774e+01
2.533045943953355916e+01
2.543045943953356058e+01
2.553045943953356200e+01
2.563045943953356343e+01
2.573045943953356485e+01
2.583045943953356627e+01
2.593045943953356769e+01
2.603045943953356911e+01
2.613045943953357053e+01
2.623045943953357195e+01
2.633045943953357337e+01
2.643045943953357479e+01
2.653045943953357622e+01
2.663045943953357764e+01
2.673045943953357906e+01
2.683045943953358048e+01
2.693045943953358190e+01
2.703045943953358332e+01
2.713045943953358474e+01
2.723045943953358616e+01
2.733045943953358758e+01
2.743045943953358901e+01
2.753045943953359043e+01
2.763045943953359185e+01
2.773045943953359327e+01
2.783045943953359469e+01
2.793045943953359611e+01
2.803045943953359753e+01
2.813045943953359895e+01
2.823045943953360037e+01
2.833045943953360180e+01
2.843045943953360322e+01
2.853045943953360464e+01
2.863045943953360606e+01
2.873045943953360748e+01
2.883045943953360890e+01
2.893045943953361032e+01
2.903045943953361174e+01
2.913045943953361316e+01
2.923045943953361459e+01
2.933045943953361601e+01
2.943045943953361743e+01
2.953045943953361885e+01
2.963045943953362027e+01
2.973045943953362169e+01
2.983045943953362311e+01
2.993045943953362453e+01
3.003045943953362595e+01
3.013045943953362737e+01
3.023045943953362880e+01
3.033045943953363022e+01
3.043045943953363164e+01
3.053045943953363306e+01
3.063045943953363448e+01
3.073045943953363590e+01
3.083045943953363732e+01
3.093045943953363874e+01
3.103045943953364016e+01
3.113045943953364159e+01
3.123045943953364301e+01
3.133045943953364443e+01
3.143045943953364585e+01
3.153045943953364727e+01
3.163045943953364869e+01
3.173045943953365011e+01
3.183045943953365153e+01
3.193045943953365295e+01
3.203045943953365082e+01
3.213045943953365224e+01
3.223045943953365366e+01
3.233045943953365509e+01
3.243045943953365651e+01
3.253045943953365793e+01
3.263045943953365935e+01
3.273045943953366077e+01
3.283045943953366219e+01
3.293045943953366361e+01
3.303045943953366503e+01
3.313045943953366645e+01
3.323045943953366788e+01
3.333045943953366930e+01
3.343045943953367072e+01
3.353045943953367214e+01
3.363045943953367356e+01
3.373045943953367498e+01
3.383045943953367640e+01
3.393045943953367782e+01
3.403045943953367924e+01
3.413045943953368067e+01
3.423045943953368209e+01
3.433045943953368351e+01
3.443045943953368493e+01
3.453045943953368635e+01
3.463045943953368777e+01
3.473045943953368919e+01
3.483045943953369061e+01
3.493045943953369203e+01
3.503045943953369346e+01
3.513045943953369488e+01
3.523045943953369630e+01
3.533045943953369772e+01
3.543045943953369914e+01
3.553045943953370056e+01
3.563045943953370198e+01
3.573045943953370340e+01
3.583045943953370482e+01
3.593045943953370625e+01
3.603045943953370767e+01
3.613045943953370909e+01
3.623045943953371051e+01
3.633045943953371193e+01
3.643045943953371335e+01
3.653045943953371477e+01
3.663045943953371619e+01
3.673045943953371761e+01
3.683045943953371903e+01
3.693045943953372046e+01
3.703045943953372188e+01
3.713045943953372330e+01
3.723045943953372472e+01
3.733045943953372614e+01
3.743045943953372756e+01
3.753045943953372898e+01
3.763045943953373040e+01
3.773045943953373182e+01
3.783045943953373325e+01
3.793045943953373467e+01
3.803045943953373609e+01
3.813045943953373751e+01
3.823045943953373893e+01
3.833045943953374035e+01
3.843045943953374177e+01
3.853045943953374319e+01
3.863045943953374461e+01
3.873045943953374604e+01
3.883045943953374746e+01
3.893045943953374888e+01
3.903045943953375030e+01
3.913045943953375172e+01
3.923045943953375314e+01
3.933045943953375456e+01
3.943045943953375598e+01
3.953045943953375740e+01
3.963045943953375883e+01
3.973045943953376025e+01
3.983045943953376167e+01
3.993045943953376309e+01
4.003045943953376451e+01
4.013045943953376593e+01
4.023045943953376735e+01
4.033045943953376877e+01
4.043045943953377019e+01
4.053045943953377162e+01
4.063045943953377304e+01
4.073045943953377446e+01
4.083045943953377588e+01
4.093045943953377730e+01
4.103045943953377872e+01
4.113045943953378014e+01
4.123045943953378156e+01
4.133045943953378298e+01
4.143045943953378440e+01
4.153045943953378583e+01
4.163045943953378725e+01
4.173045943953378867e+01
4.183045943953379009e+01
4.193045943953379151e+01
4.203045943953379293e+01
4.213045943953379435e+01
4.223045943953379577e+01
4.233045943953379719e+01
4.243045943953379862e+01
4.253045943953380004e+01
4.263045943953380146e+01
4.273045943953380288e+01
4.283045943953380430e+01
4.293045943953380572e+01
4.303045943953380714e+01
4.313045943953380856e+01
4.323045943953380998e+01
4.333045943953381141e+01
4.343045943953381283e+01
4.353045943953381425e+01
4.363045943953381567e+01
4.373045943953381709e+01
4.383045943953381851e+01
4.393045943953381993e+01
4.403045943953382135e+01
4.413045943953382277e+01
4.423045943953382420e+01
4.433045943953382562e+01
4.443045943953382704e+01
4.453045943953382846e+01
4.463045943953382988e+01
4.473045943953383130e+01
4.483045943953383272e+01
4.493045943953383414e+01
4.503045943953383556e+01
4.513045943953383698e+01
4.523045943953383841e+01
4.533045943953383983e+01
4.543045943953384125e+01
4.553045943953384267e+01
4.563045943953384409e+01
4.573045943953384551e+01
4.583045943953384693e+01
4.593045943953384835e+01
4.603045943953384977e+01
4.613045943953385120e+01
4.623045943953385262e+01
4.633045943953385404e+01
4.643045943953385546e+01
4.653045943953385688e+01
4.663045943953385830e+01
4.673045943953385972e+01
4.683045943953386114e+01
4.693045943953386256e+01
4.703045943953386399e+01
4.713045943953386541e+01
4.723045943953386683e+01
4.733045943953386825e+01
4.743045943953386967e+01
4.753045943953387109e+01
4.763045943953387251e+01
4.773045943953387393e+01
4.783045943953387535e+01
4.793045943953387678e+01
4.803045943953387820e+01
4.813045943953387962e+01
4.823045943953388104e+01
4.833045943953388246e+01
4.843045943953388388e+01
4.853045943953388530e+01
4.863045943953388672e+01
4.873045943953388814e+01
4.883045943953388957e+01
4.893045943953389099e+01
4.903045943953389241e+01
4.913045943953389383e+01
4.923045943953389525e+01
4.933045943953389667e+01
4.943045943953389809e+01
4.953045943953389951e+01
4.963045943953390093e+01
4.973045943953390235e+01
4.983045943953390378e+01
4.993045943953390520e+01
5.003045943953390662e+01
5.013045943953390804e+01
5.023045943953390946e+01
5.033045943953391088e+01
5.043045943953391230e+01
5.053045943953391372e+01
5.063045943953391514e+01
5.073045943953391657e+01
5.083045943953391799e+01
5.093045943953391941e+01
5.103045943953392083e+01
5.113045943953392225e+01
5.123045943953392367e+01
5.133045943953392509e+01
5.143045943953392651e+01
5.153045943953392793e+01
5.163045943953392936e+01
5.173045943953393078e+01
5.183045943953393220e+01
5.193045943953393362e+01
5.203045943953393504e+01
5.213045943953393646e+01
5.223045943953393788e+01
5.233045943953393930e+01
5.243045943953394072e+01
5.253045943953394215e+01
5.263045943953394357e+01
5.273045943953394499e+01
5.283045943953394641e+01
5.293045943953394783e+01
5.303045943953394925e+01
5.313045943953395067e+01
5.323045943953395209e+01
5.333045943953395351e+01
5.343045943953395494e+01
5.353045943953395636e+01
5.363045943953395778e+01
5.373045943953395920e+01
5.383045943953396062e+01
5.393045943953396204e+01
5.403045943953396346e+01
5.413045943953396488e+01
5.423045943953396630e+01
5.433045943953396772e+01
5.443045943953396915e+01
5.453045943953397057e+01
5.463045943953397199e+01
5.473045943953397341e+01
5.483045943953397483e+01
5.493045943953397625e+01
5.503045943953397767e+01
5.513045943953397909e+01
5.523045943953398051e+01
5.533045943953398194e+01
5.543045943953398336e+01
5.553045943953398478e+01
5.563045943953398620e+01
5.573045943953398762e+01
5.583045943953398904e+01
5.593045943953399046e+01
5.603045943953399188e+01
5.613045943953399330e+01
5.623045943953399473e+01
5.633045943953399615e+01
5.643045943953399757e+01
5.653045943953399899e+01
5.663045943953400041e+01
5.673045943953400183e+01
5.683045943953400325e+01
5.693045943953400467e+01
5.703045943953400609e+01
5.713045943953400752e+01
5.723045943953400894e+01
5.733045943953401036e+01
5.743045943953401178e+01
5.753045943953401320e+01
5.763045943953401462e+01
5.773045943953401604e+01
5.783045943953401746e+01
5.793045943953401888e+01
5.803045943953402031e+01
5.813045943953402173e+01
5.823045943953402315e+01
5.833045943953402457e+01
5.843045943953402599e+01
5.853045943953402741e+01
5.863045943953402883e+01
5.873045943953403025e+01
5.883045943953403167e+01
5.893045943953403309e+01
5.903045943953403452e+01
5.913045943953403594e+01
5.923045943953403736e+01
5.933045943953403878e+01
5.943045943953404020e+01
5.953045943953404162e+01
5.963045943953404304e+01
5.973045943953404446e+01
5.983045943953404588e+01
5.993045943953404731e+01
6.003045943953404873e+01
6.013045943953405015e+01
6.023045943953405157e+01
6.033045943953405299e+01
6.043045943953405441e+01
6.053045943953405583e+01
6.063045943953405725e+01
6.073045943953405867e+01
6.083045943953406010e+01
6.093045943953406152e+01
6.103045943953406294e+01
6.113045943953406436e+01
6.123045943953406578e+01
6.133045943953406720e+01
6.143045943953406862e+01
6.153045943953407004e+01
6.163045943953407146e+01
6.173045943953407289e+01
6.183045943953407431e+01
6.193045943953407573e+01
6.203045943953407715e+01
6.213045943953407857e+01
6.223045943953407999e+01
6.233045943953408141e+01
6.243045943953408283e+01
6.253045943953408425e+01
6.263045943953408567e+01
6.273045943953408710e+01
6.283045943953408852e+01
6.293045943953408994e+01
6.303045943953409136e+01
6.313045943953409278e+01
6.323045943953409420e+01
6.333045943953409562e+01
6.343045943953409704e+01
6.353045943953409846e+01
6.363045943953409989e+01
6.373045943953410131e+01
6.383045943953410273e+01
6.393045943953410415e+01
6.403045943953409846e+01
6.413045943953409278e+01
6.423045943953408710e+01
6.433045943953408141e+01
6.443045943953407573e+01
6.453045943953407004e+01
6.463045943953406436e+01
6.473045943953405867e+01
6.483045943953405299e+01
6.493045943953404731e+01
6.503045943953404162e+01
6.513045943953403594e+01
6.523045943953403025e+01
6.533045943953402457e+01
6.543045943953401888e+01
6.553045943953401320e+01
6.563045943953400752e+01
6.573045943953400183e+01
6.583045943953399615e+01
6.593045943953399046e+01
6.603045943953398478e+01
6.613045943953397909e+01
6.623045943953397341e+01
6.633045943953396772e+01
6.643045943953396204e+01
6.653045943953395636e+01
6.663045943953395067e+01
6.673045943953394499e+01
6.683045943953393930e+01
6.693045943953393362e+01
6.703045943953392793e+01
6.713045943953392225e+01
6.723045943953391657e+01
6.733045943953391088e+01
6.743045943953390520e+01
6.753045943953389951e+01
6.763045943953389383e+01
6.773045943953388814e+01
6.783045943953388246e+01
6.793045943953387678e+01
6.803045943953387109e+01
6.813045943953386541e+01
6.823045943953385972e+01
6.833045943953385404e+01
6.843045943953384835e+01
6.853045943953384267e+01
6.863045943953383698e+01
6.873045943953383130e+01
6.883045943953382562e+01
6.893045943953381993e+01
6.903045943953381425e+01
6.913045943953380856e+01
6.923045943953380288e+01
6.933045943953379719e+01
6.943045943953379151e+01
6.953045943953378583e+01
6.963045943953378014e+01
6.973045943953377446e+01
6.983045943953376877e+01
6.993045943953376309e+01
7.003045943953375740e+01
7.013045943953375172e+01
7.023045943953374604e+01
7.033045943953374035e+01
7.043045943953373467e+01
7.053045943953372898e+01
7.063045943953372330e+01
7.073045943953371761e+01
7.083045943953371193e+01
7.093045943953370625e+01
7.103045943953370056e+01
7.113045943953369488e+01
7.123045943953368919e+01
7.133045943953368351e+01
7.143045943953367782e+01
7.153045943953367214e+01
7.163045943953366645e+01
7.173045943953366077e+01
7.183045943953365509e+01
7.193045943953364940e+01
7.203045943953364372e+01
7.213045943953363803e+01
7.223045943953363235e+01
7.233045943953362666e+01
7.243045943953362098e+01
7.253045943953361530e+01
7.263045943953360961e+01
7.273045943953360393e+01
7.283045943953359824e+01
7.293045943953359256e+01
7.303045943953358687e+01
7.313045943953358119e+01
7.323045943953357551e+01
7.333045943953356982e+01
7.343045943953356414e+01
7.353045943953355845e+01
7.363045943953355277e+01
7.373045943953354708e+01
7.383045943953354140e+01
7.393045943953353571e+01
7.403045943953353003e+01
7.413045943953352435e+01
7.423045943953351866e+01
7.433045943953351298e+01
7.443045943953350729e+01
7.453045943953350161e+01
7.463045943953349592e+01
7.473045943953349024e+01
7.483045943953348456e+01
7.493045943953347887e+01
7.503045943953347319e+01
7.513045943953346750e+01
7.523045943953346182e+01
7.533045943953345613e+01
7.543045943953345045e+01
7.553045943953344477e+01
7.563045943953343908e+01
7.573045943953343340e+01
7.583045943953342771e+01
7.593045943953342203e+01
7.603045943953341634e+01
7.613045943953341066e+01
7.623045943953340498e+01
7.633045943953339929e+01
7.643045943953339361e+01
7.653045943953338792e+01
7.663045943953338224e+01
7.673045943953337655e+01
7.683045943953337087e+01
7.693045943953336518e+01
7.703045943953335950e+01
7.713045943953335382e+01
7.723045943953334813e+01
7.733045943953334245e+01
7.743045943953333676e+01
7.753045943953333108e+01
7.763045943953332539e+01
7.773045943953331971e+01
7.783045943953331403e+01
7.793045943953330834e+01
7.803045943953330266e+01
7.813045943953329697e+01
7.823045943953329129e+01
7.833045943953328560e+01
7.843045943953327992e+01
7.853045943953327424e+01
7.863045943953326855e+01
7.873045943953326287e+01
7.883045943953325718e+01
7.893045943953325150e+01
7.903045943953324581e+01
7.913045943953324013e+01
7.923045943953323444e+01
7.933045943953322876e+01
7.943045943953322308e+01
7.953045943953321739e+01
7.963045943953321171e+01
7.973045943953320602e+01
7.983045943953320034e+01
7.993045943953319465e+01
8.003045943953318897e+01
8.013045943953318329e+01
8.023045943953317760e+01
8.033045943953317192e+01
8.043045943953316623e+01
8.053045943953316055e+01
8.063045943953315486e+01
8.073045943953314918e+01
8.083045943953314350e+01
8.093045943953313781e+01
8.103045943953313213e+01
8.113045943953312644e+01
8.123045943953312076e+01
8.133045943953311507e+01
8.143045943953310939e+01
8.153045943953310370e+01
8.163045943953309802e+01
8.173045943953309234e+01
8.183045943953308665e+01
8.193045943953308097e+01
8.203045943953307528e+01
8.213045943953306960e+01
8.223045943953306391e+01
8.233045943953305823e+01
8.243045943953305255e+01
8.253045943953304686e+01
8.263045943953304118e+01
8.273045943953303549e+01
8.283045943953302981e+01
8.293045943953302412e+01
8.303045943953301844e+01
8.313045943953301276e+01
8.323045943953300707e+01
8.333045943953300139e+01
8.343045943953299570e+01
8.353045943953299002e+01
8.363045943953298433e+01
8.373045943953297865e+01
8.383045943953297297e+01
8.393045943953296728e+01
8.403045943953296160e+01
8.413045943953295591e+01
8.423045943953295023e+01
8.433045943953294454e+01
8.443045943953293886e+01
8.453045943953293317e+01
8.463045943953292749e+01
8.473045943953292181e+01
8.483045943953291612e+01
8.493045943953291044e+01
8.503045943953290475e+01
8.513045943953289907e+01
8.523045943953289338e+01
8.533045943953288770e+01
8.543045943953288202e+01
8.553045943953287633e+01
8.563045943953287065e+01
8.573045943953286496e+01
8.583045943953285928e+01
8.593045943953285359e+01
8.603045943953284791e+01
8.613045943953284223e+01
8.623045943953283654e+01
8.633045943953283086e+01
8.643045943953282517e+01
8.653045943953281949e+01
8.663045943953281380e+01
8.673045943953280812e+01
8.683045943953280243e+01
8.693045943953279675e+01
8.703045943953279107e+01
8.713045943953278538e+01
8.723045943953277970e+01
8.733045943953277401e+01
8.743045943953276833e+01
8.753045943953276264e+01
8.763045943953275696e+01
8.773045943953275128e+01
8.783045943953274559e+01
8.793045943953273991e+01
8.803045943953273422e+01
8.813045943953272854e+01
8.823045943953272285e+01
8.833045943953271717e+01
8.843045943953271149e+01
8.853045943953270580e+01
8.863045943953270012e+01
8.873045943953269443e+01
8.883045943953268875e+01
8.893045943953268306e+01
8.903045943953267738e+01
8.913045943953267169e+01
8.923045943953266601e+01
8.933045943953266033e+01
8.943045943953265464e+01
8.953045943953264896e+01
8.963045943953264327e+01
8.973045943953263759e+01
8.983045943953263190e+01
8.993045943953262622e+01
9.003045943953262054e+01
9.013045943953261485e+01
9.023045943953260917e+01
9.033045943953260348e+01
9.043045943953259780e+01
9.053045943953259211e+01
9.063045943953258643e+01
9.073045943953258075e+01
9.083045943953257506e+01
9.093045943953256938e+01
9.103045943953256369e+01
9.113045943953255801e+01
9.123045943953255232e+01
9.133045943953254664e+01
9.143045943953254096e+01
9.153045943953253527e+01
9.163045943953252959e+01
9.173045943953252390e+01
9.183045943953251822e+01
9.193045943953251253e+01
9.203045943953250685e+01
9.213045943953250116e+01
9.223045943953249548e+01
9.233045943953248980e+01
9.243045943953248411e+01
9.253045943953247843e+01
9.263045943953247274e+01
9.273045943953246706e+01
9.283045943953246137e+01
9.293045943953245569e+01
9.303045943953245001e+01
9.313045943953244432e+01
9.323045943953243864e+01
9.333045943953243295e+01
9.343045943953242727e+01
9.353045943953242158e+01
9.363045943953241590e+01
9.373045943953241022e+01
9.383045943953240453e+01
9.393045943953239885e+01
9.403045943953239316e+01
9.413045943953238748e+01
9.423045943953238179e+01
9.433045943953237611e+01
9.443045943953237042e+01
9.453045943953236474e+01
9.463045943953235906e+01
9.473045943953235337e+01
9.483045943953234769e+01
9.493045943953234200e+01
9.503045943953233632e+01
9.513045943953233063e+01
9.523045943953232495e+01
9.533045943953231927e+01
9.543045943953231358e+01
9.553045943953230790e+01
9.563045943953230221e+01
9.573045943953229653e+01
9.583045943953229084e+01
9.593045943953228516e+01
9.603045943953227948e+01
9.613045943953227379e+01
9.623045943953226811e+01
9.633045943953226242e+01
9.643045943953225674e+01
9.653045943953225105e+01
9.663045943953224537e+01
9.673045943953223968e+01
9.683045943953223400e+01
9.693045943953222832e+01
9.703045943953222263e+01
9.713045943953221695e+01
9.723045943953221126e+01
9.733045943953220558e+01
9.743045943953219989e+01
9.753045943953219421e+01
9.763045943953218853e+01
9.773045943953218284e+01
9.783045943953217716e+01
9.793045943953217147e+01
9.803045943953216579e+01
9.813045943953216010e+01
9.823045943953215442e+01
9.833045943953214874e+01
9.843045943953214305e+01
9.853045943953213737e+01
9.863045943953213168e+01
9.873045943953212600e+01
9.883045943953212031e+01
9.893045943953211463e+01
9.903045943953210895e+01
9.913045943953210326e+01
9.923045943953209758e+01
9.933045943953209189e+01
9.943045943953208621e+01
9.953045943953208052e+01
9.963045943953207484e+01
9.973045943953206915e+01
9.983045943953206347e+01
9.993045943953205779e+01
1.000000000000000000e+02
