0.000000000000000000e+00
2.065330318384849224e-10
8.233358685877465568e-10
3.284055316463039980e-09
9.011258117876479781e-09
1.962119263416258509e-08
7.272632978352852992e-07
3.601541237854783440e-06
1.002571492886089839e-05
2.126366143766075600e-05
6.404188088322650195e-05
1.402409990275600043e-04
2.567306175242534561e-04
4.190574691392815907e-04
6.315689420449870431e-04
1.207668106328208240e-03
2.006236160517768565e-03
2.807963947699981550e-03
3.756568958522638058e-03
4.850658681369499764e-03
6.087299114773662805e-03
7.462419160439611766e-03
8.971188354216456246e-03
1.122890445013852330e-02
1.370943847260986878e-02
1.639762449397522831e-02
1.927815811246439900e-02
2.233592281049884970e-02
2.555619673437251049e-02
2.951021375771246610e-02
3.364557967101373948e-02
3.794192704851721831e-02
4.238019801360506933e-02
4.694262784981886871e-02
5.261986488101254300e-02
5.842846879523357767e-02
6.434381832143476476e-02
7.034358298525034137e-02
7.640755362083540003e-02
8.390163859809759983e-02
9.143495479834065631e-02
9.898112034053363484e-02
1.065170903210241049e-01
1.198760910225913912e-01
1.330454746801290611e-01
1.459528110360565623e-01
1.585423920964842415e-01
1.707732864111908277e-01
1.856936555155903057e-01
1.999544694565648928e-01
2.135352169432250535e-01
2.264289993040887183e-01
2.386390659454176444e-01
2.438266784854478397e-01
2.488837588165268844e-01
2.538118082990763469e-01
2.586124583030994240e-01
2.634664558660863021e-01
2.681869747146070626e-01
2.727761980538188080e-01
2.827482993998390870e-01
2.920795965326027366e-01
3.007984996297455305e-01
3.089342512993926149e-01
3.195822924254225206e-01
3.291853595011532962e-01
3.378221680651645187e-01
3.455672177446555415e-01
3.535954583039750410e-01
3.606014357018037519e-01
3.622045777610272688e-01
3.637512151775802449e-01
3.652427864796815582e-01
3.666806321709116800e-01
3.680660617310103078e-01
3.694143007465640616e-01
3.707116299518607438e-01
3.719593159249247050e-01
3.731586000632064470e-01
3.743519077704744458e-01
3.754958340343960144e-01
3.765916623226855942e-01
3.802915124161039273e-01
3.833955044193914086e-01
3.859594108742540608e-01
3.880345748698894037e-01
3.904719683370462824e-01
3.909216415013278545e-01
3.913125550782995954e-01
3.916470417931981474e-01
3.919273678766749258e-01
3.921557224704408373e-01
3.922748105110594463e-01
3.923742689634207026e-01
3.924546082199122932e-01
3.925163246208637768e-01
3.925604596827612092e-01
3.925863984570653331e-01
3.925946219329783937e-01
3.924163181132572786e-01
3.919153712713450144e-01
3.911293052662857539e-01
3.900918601795208551e-01
3.897968457108944018e-01
3.894884244341607626e-01
3.891670525562875849e-01
3.888331392965150846e-01
3.885281167183039508e-01
3.882138813990692605e-01
3.878906952466789626e-01
3.872024424882812288e-01
3.864798237366230405e-01
3.857248276765798400e-01
3.834489873497589629e-01
3.828472985557681563e-01
3.822335075913638192e-01
3.816081352385432002e-01
3.814500409477435405e-01
3.812912620930321572e-01
3.811318060282765097e-01
3.810918370831113955e-01
3.810518263950653517e-01
3.810501514027261338e-01
3.810484763375314721e-01
3.810451260614482472e-01
3.810417754940109702e-01
3.810384246352873094e-01
3.810377544227691038e-01
3.810370841986031598e-01
3.810370414164753750e-01
3.810369986343000726e-01
3.810369130698547102e-01
3.810368275052194442e-01
3.810367419403937195e-01
3.810358862712390215e-01
3.810350305813073324e-01
3.810264724360677979e-01
3.810179113873678469e-01
3.810093466170865195e-01
3.809233281765900259e-01
3.808361063047990824e-01
3.807470191902522783e-01
3.806554841796833677e-01
3.804499548552326971e-01
3.802270789016313213e-01
3.799839773322182812e-01
3.797185812933132065e-01
3.794295270535634756e-01
3.789117536746232640e-01
3.783291730472245762e-01
3.776822827049944320e-01
3.769729634928449258e-01
3.762038374945995134e-01
3.753779375544644692e-01
3.742741423067462159e-01
3.730938854814745964e-01
3.718436686312244777e-01
3.705297608098768736e-01
3.691581044230877739e-01
3.674029277545537431e-01
3.655785639631584649e-01
3.636936727729880303e-01
3.617560821745067767e-01
3.597316980746271264e-01
3.576664828988738165e-01
3.555664595837171871e-01
3.534370185813036636e-01
3.508379041632058160e-01
3.482104860653661982e-01
3.455612672532973884e-01
3.428959185350998751e-01
3.368863510227331215e-01
3.308643581786749333e-01
3.248622689164540334e-01
3.189041794323296819e-01
3.130070743977232395e-01
3.074954426208093561e-01
3.020565003593999598e-01
2.966953117482044044e-01
2.914151678510656374e-01
2.887817333784487017e-01
2.861696857140682559e-01
2.835791620365168408e-01
2.815130157297500713e-01
2.794608540746525982e-01
2.774226907154504485e-01
2.689075841761720542e-01
2.606440331425949331e-01
2.586170016758503887e-01
2.566052985036554324e-01
2.546089184382070991e-01
2.526277707913479609e-01
2.507722718089672731e-01
2.489301719353421982e-01
2.471013947190086046e-01
2.453004159384465366e-01
2.435123890586274042e-01
2.417372345260577204e-01
2.297477772691629561e-01
2.183488017638498535e-01
2.155880487303717952e-01
2.128619517112052828e-01
2.101702046246562428e-01
2.075123938520950784e-01
2.059831831795614909e-01
2.044651973945784129e-01
2.029583625529685353e-01
2.014631641188742162e-01
1.999789482532252916e-01
1.985056354743457985e-01
1.933329834787077817e-01
1.882948063213774614e-01
1.833876626023005219e-01
1.704568728343723305e-01
1.673687449381336123e-01
1.643365377589649234e-01
1.613592370200915560e-01
1.584358808372317851e-01
1.572725949881494667e-01
1.561178451775857845e-01
1.549715733292856834e-01
1.538338205831158712e-01
1.527044223110672061e-01
1.515833175275201894e-01
1.454381602997913137e-01
1.395421941566770130e-01
1.381059733267064882e-01
1.366845754261856449e-01
1.352778136407020992e-01
1.338855348359007102e-01
1.328897614329124788e-01
1.319014077534583218e-01
1.309204157447508843e-01
1.299365468824725811e-01
1.289600844576323235e-01
1.279909733265247040e-01
1.254928156456268096e-01
1.230435167492005127e-01
1.206421277836409872e-01
1.111905737531714844e-01
1.089458493384074106e-01
1.067466026442668442e-01
1.045919033347171706e-01
1.024808703334022797e-01
9.838629196740165950e-02
9.445602499442744271e-02
9.068348768190744036e-02
8.706237107565611977e-02
7.973978923245911288e-02
7.303639613224946481e-02
6.690018070052845822e-02
6.128352375765468846e-02
5.614259255139010529e-02
5.033950688733136031e-02
4.514265709235400909e-02
4.048882440122229115e-02
3.632139057095754020e-02
3.258960627758213102e-02
2.908785696230970635e-02
2.596990748636233623e-02
2.319367348554106020e-02
2.072163430336883966e-02
1.852046420228384629e-02
1.656051243245514407e-02
1.481542437378238590e-02
1.326156050705274564e-02
1.301987862966482064e-02
1.278283982712746791e-02
1.255033198766434058e-02
1.232226473481511791e-02
1.209856217857161950e-02
1.171787798739899744e-02
1.134984875764053630e-02
1.099404579653812629e-02
1.065005871514457941e-02
1.031749787118462977e-02
9.655064893503616241e-03
9.037976540005047271e-03
8.463124179272847256e-03
7.927615086717973783e-03
7.428758378327070776e-03
6.684546445668242305e-03
6.021893054339903621e-03
5.431862706882692980e-03
4.906498581795443875e-03
4.438711757218587878e-03
4.022187931011700877e-03
3.651305256771058064e-03
3.321059088348516340e-03
3.026993779079445446e-03
2.765142105969476197e-03
2.531976956138043324e-03
2.324354871057707564e-03
2.139468905218437373e-03
1.974819699490292565e-03
1.828188578872812870e-03
1.697603459042247359e-03
1.581306313695805430e-03
1.477729248817372196e-03
1.385476346973733668e-03
1.303306069820254348e-03
1.230113525831347775e-03
1.164914513065180585e-03
1.106832252259830731e-03
1.055086163679390572e-03
1.008981559681539335e-03
9.679000108294194462e-04
9.312907815532594840e-04
8.986634428404205411e-04
8.695813707074034893e-04
8.436558729093970128e-04
8.205408898731776689e-04
7.999282870369947476e-04
7.815437036765418349e-04
7.651428703993763940e-04
7.505083143987458525e-04
7.374464116324173880e-04
7.257847652429207227e-04
7.153698802765553035e-04
7.060650951576151555e-04
6.977487361876660464e-04
6.903124720530003132e-04
6.836598497093735903e-04
6.777049923990110603e-04
6.723714406446224109e-04
6.675911196016004728e-04
6.633034192211939616e-04
6.594543754933299704e-04
6.559959417875746131e-04
6.528853401121805736e-04
6.500844833546168483e-04
6.475594608078157587e-04
6.452800801654037495e-04
6.432194597981954988e-04
6.413536657377077966e-04
6.396613884366224127e-04
6.381236549638194967e-04
6.367235727709575710e-04
6.354461015678769531e-04
6.342778502122358320e-04
6.332068958656721005e-04
6.322226229792781826e-04
6.313155799381921099e-04
6.304773514282279367e-04
6.297004447980582677e-04
6.289781888815368024e-04
6.283046439147724075e-04
6.276745213320779251e-04
6.270831123573059268e-04
6.265262244256107702e-04
6.260001245768658960e-04
6.255014890564422484e-04
6.250273584427954148e-04
6.245750976957478023e-04
6.241423605857781979e-04
6.237270580238951775e-04
6.233273298644040382e-04
6.229415197997595615e-04
6.225681530084173441e-04
6.222059162537791439e-04
6.218536401654462713e-04
6.215102834634818850e-04
6.211749189126210702e-04
6.208467208167180390e-04
6.205249538845312692e-04
6.202089633164669822e-04
6.198981659783920749e-04
6.195920425433138964e-04
6.192901304947900920e-04
6.189920178975712953e-04
6.186973378513449659e-04
6.184057635526705662e-04
6.181170038984153950e-04
6.178307995713094294e-04
6.175469195547497953e-04
6.172651580276488888e-04
6.169853314442908659e-04
6.167072763640563983e-04
6.164308473056104992e-04
6.161559146083928854e-04
6.158823627952050069e-04
6.156100887604576931e-04
6.153390002876609659e-04
6.150690151420257516e-04
6.148000602037382439e-04
6.145320703559000244e-04
6.142649874141660558e-04
6.139987593253657533e-04
6.137333396408902689e-04
6.134686869487803460e-04
6.132047642630018489e-04
6.129415386384527275e-04
6.126789807004125524e-04
6.124170637523104798e-04
6.121557638738965058e-04
6.118950597405006277e-04
6.116349323114295610e-04
6.113753645363588290e-04
6.111163411131608110e-04
6.108578482887297564e-04
6.105998736890366719e-04
6.103424061551736670e-04
6.100854356469070146e-04
6.098289531000711727e-04
6.095729503159119655e-04
6.093174198678820604e-04
6.090623550189687083e-04
6.088077496472672767e-04
6.085535981791211036e-04
6.082998955293627674e-04
6.080466370480717368e-04
6.077938184731886649e-04
6.075414358883437192e-04
6.072894856853144549e-04
6.070379645306012715e-04
6.067868693356634610e-04
6.065361972304178376e-04
6.062859455396393425e-04
6.060361117619479047e-04
6.057866935510979305e-04
6.055376886993171521e-04
6.052890951224713803e-04
6.050409108468537186e-04
6.047931339974212941e-04
6.045457627873201305e-04
6.042987955085577564e-04
6.040522305236964819e-04
6.038060662584569718e-04
6.035603011951307410e-04
6.033149338667145129e-04
6.030699628516863163e-04
6.028253867693527399e-04
6.025812042757061962e-04
6.023374140597342972e-04
6.020940148401335290e-04
6.018510053623817978e-04
6.016083843961311404e-04
6.013661507328850377e-04
6.011243031839294320e-04
6.008828405784900168e-04
6.006417617620898874e-04
6.004010655950867354e-04
6.001607509513693121e-04
5.999208167171954896e-04
5.996812617901576062e-04
5.994420850782597020e-04
5.992032854990946098e-04
5.989648619791113592e-04
5.987268134529607523e-04
5.984891388629128223e-04
5.982518371583368496e-04
5.980149072941793589e-04
5.977783482327846034e-04
5.975421589433033490e-04
5.973063383997788238e-04
5.970708855808449849e-04
5.968357994700100371e-04
5.966010790556853811e-04
5.963667233309270311e-04
5.961327312931332311e-04
5.958991019438316262e-04
5.956658342885403756e-04
5.954329273366558298e-04
5.952003801013360873e-04
5.949681915993882374e-04
5.947363608511665534e-04
5.945048868804835886e-04
5.942737687145315710e-04
5.940430053838116056e-04
5.938125959220697057e-04
5.935825393662380297e-04
5.933528347563817550e-04
5.931234811356512647e-04
5.928944775502389963e-04
5.926658230493396518e-04
5.924375166851143099e-04
5.922095575126571417e-04
5.919819445899659202e-04
5.917546769779133973e-04
5.915277537402220415e-04
5.913011739434409454e-04
5.910749366569235984e-04
5.908490409528075046e-04
5.906234859059956424e-04
5.903982705941385753e-04
5.901733940976179723e-04
5.899488554995313203e-04
5.897246538856767452e-04
5.895007883445394599e-04
5.892772579672788617e-04
5.890540618477150886e-04
5.888311990823194781e-04
5.886086687702000390e-04
5.883864700130901756e-04
5.881646019153391469e-04
5.879430635839038265e-04
5.877218541283376436e-04
5.875009726607798499e-04
5.872804182959457612e-04
5.870601901511189515e-04
5.868402873461422541e-04
5.866207090034088710e-04
5.864014542478534825e-04
5.861825222069430314e-04
5.859639120106697845e-04
5.857456227915423331e-04
5.855276536845780040e-04
5.853100038272949449e-04
5.850926723597037757e-04
5.848756584243004330e-04
5.846589611660581469e-04
5.844425797324199600e-04
5.842265132732916803e-04
5.840107609410339663e-04
5.837953218904532197e-04
5.835801952787960560e-04
5.833653802657423658e-04
5.831508760133982672e-04
5.829366816862875406e-04
5.827227964513441482e-04
5.825092194779068122e-04
5.822959499377111008e-04
5.820829870048824890e-04
5.818703298559287692e-04
5.816579776697335460e-04
5.814459296275487554e-04
5.812341849129887012e-04
5.810227427120222493e-04
5.808116022129661054e-04
5.806007626064783097e-04
5.803902230855509728e-04
5.801799828455038791e-04
5.799700410839774391e-04
5.797603970009266184e-04
5.795510497986135646e-04
5.793419986815991508e-04
5.791332428567388555e-04
5.789247815331750651e-04
5.787166139223317608e-04
5.785087392379061706e-04
5.783011566958624807e-04
5.780938655144252222e-04
5.778868649140737413e-04
5.776801541175350437e-04
5.774737323497767475e-04
5.772675988380010113e-04
5.770617528116379208e-04
5.768561935023389835e-04
5.766509201439709489e-04
5.764459319726094114e-04
5.762412282265318717e-04
5.760368081462116652e-04
5.758326709743121071e-04
5.756288159556791203e-04
5.754252423373363559e-04
5.752219493684774957e-04
5.750189363004597470e-04
5.748162023867978794e-04
5.746137468831590206e-04
5.744115690473561514e-04
5.742096681393412750e-04
5.740080434211989116e-04
5.738066941571404612e-04
5.736056196134983482e-04
5.734048190587196251e-04
5.732042917633596840e-04
5.730040370000757510e-04
5.728040540436214658e-04
5.726043421708403762e-04
5.724049006606599750e-04
5.722057287940860619e-04
5.720068258541959137e-04
5.718081911261331876e-04
5.716098238971013086e-04
5.714117234563575055e-04
5.712138890952078241e-04
5.710163201070001882e-04
5.708190157871173521e-04
5.706219754329728893e-04
5.704251983440046872e-04
5.702286838216700680e-04
5.700324311694381996e-04
5.698364396927853249e-04
5.696407086991880399e-04
5.694452374981191735e-04
5.692500254010405235e-04
5.690550717213977610e-04
5.688603757746140332e-04
5.686659368780847598e-04
5.684717543511719944e-04
5.682778275151980285e-04
5.680841556934405120e-04
5.678907382111264904e-04
5.676975743954267668e-04
5.675046635754500473e-04
5.673120050822376284e-04
5.671195982487580844e-04
5.669274424099011956e-04
5.667355369024715522e-04
5.665438810651837829e-04
5.663524742386576768e-04
5.661613157654125450e-04
5.659704049898610411e-04
5.657797412583034143e-04
5.655893239189227397e-04
5.653991523217797134e-04
5.652092258188066900e-04
5.650195437638020441e-04
5.648301055124252922e-04
5.646409104221911286e-04
5.644519578524643307e-04
5.642632471644546625e-04
5.640747777212113453e-04
5.638865488876172033e-04
5.636985600303841097e-04
5.635108105180474574e-04
5.633232997209607377e-04
5.631360270112904451e-04
5.629489917630111978e-04
5.627621933518984739e-04
5.625756311555254671e-04
5.623893045532573406e-04
5.622032129262469983e-04
5.620173556574278211e-04
5.618317321315097635e-04
5.616463417349743664e-04
5.614611838560692276e-04
5.612762578848029061e-04
5.610915632129402598e-04
5.609070992339962661e-04
5.607228653432319012e-04
5.605388609376490451e-04
5.603550854159848431e-04
5.601715381787070441e-04
5.599882186280092300e-04
5.598051261678053947e-04
5.596222602037250653e-04
5.594396201431086398e-04
5.592572053950020747e-04
5.590750153701525482e-04
5.588930494810016294e-04
5.587113071416821347e-04
5.585297877680129230e-04
5.583484907774947763e-04
5.581674155893038940e-04
5.579865616242877732e-04
5.578059283049604383e-04
5.576255150554978871e-04
5.574453213017331035e-04
5.572653464711508535e-04
5.570855899928831316e-04
5.569060512977042814e-04
5.567267298180263342e-04
5.565476249878945634e-04
5.563687362429822801e-04
5.561900630205863887e-04
5.560116047596222900e-04
5.558333609006199790e-04
5.556553308857182984e-04
5.554775141586620110e-04
5.552999101647950776e-04
5.551225183510566461e-04
5.549453381659764971e-04
5.547683690596711412e-04
5.545916104838391567e-04
5.544150618917557689e-04
5.542387227382685128e-04
5.540625924797925716e-04
5.538866705743074152e-04
5.537109564813510543e-04
5.535354496620155948e-04
5.533601495789430098e-04
5.531850556963205856e-04
5.530101674798763682e-04
5.528354843968749351e-04
5.526610059161127329e-04
5.524867315079135238e-04
5.523126606441244825e-04
5.521387927981109920e-04
5.519651274447528490e-04
5.517916640604401436e-04
5.516184021230682724e-04
5.514453411120331678e-04
5.512724805082269610e-04
5.510998197940352719e-04
5.509273584533316793e-04
5.507550959714734929e-04
5.505830318352970907e-04
5.504111655331142333e-04
5.502394965547077266e-04
5.500680243913273022e-04
5.498967485356848466e-04
5.497256684819500647e-04
5.495547837257470100e-04
5.493840937641490977e-04
5.492135980956755264e-04
5.490432962202863995e-04
5.488731876393794723e-04
5.487032718557850568e-04
5.485335483737625514e-04
5.483640166989959966e-04
5.481946763385899543e-04
5.480255268010658220e-04
5.478565675963563029e-04
5.476877982358024791e-04
5.475192182321497996e-04
5.473508270995442859e-04
5.471826243535276527e-04
5.470146095110331886e-04
5.468467820903823943e-04
5.466791416112809715e-04
5.465116875948143778e-04
5.463444195634438146e-04
5.461773370410025414e-04
5.460104395526917554e-04
5.458437266250763635e-04
5.456771977860815125e-04
5.455108525649881440e-04
5.453446904924296335e-04
5.451787111003875618e-04
5.450129139221877037e-04
5.448472984924960160e-04
5.446818643473158193e-04
5.445166110239827014e-04
5.443515380611602898e-04
5.441866449988374318e-04
5.440219313783242923e-04
5.438573967422482332e-04
5.436930406345505612e-04
5.435288626004814317e-04
5.433648621865971385e-04
5.432010389407563190e-04
5.430373924121159428e-04
5.428739221511269747e-04
5.427106277095317729e-04
5.425475086403592096e-04
5.423845644979215274e-04
5.422217948378108693e-04
5.420591992168949423e-04
5.418967771933135480e-04
5.417345283264752209e-04
5.415724521770532178e-04
5.414105483069819391e-04
5.412488162794534602e-04
5.410872556589137357e-04
5.409258660110582637e-04
5.407646469028290492e-04
5.406035979024116775e-04
5.404427185792310849e-04
5.402820085039477648e-04
5.401214672484544064e-04
5.399610943858723167e-04
5.398008894905477343e-04
5.396408521380491189e-04
5.394809819051620556e-04
5.393212783698871950e-04
5.391617411114354823e-04
5.390023697102257726e-04
5.388431637478803852e-04
5.386841228072223936e-04
5.385252464722716133e-04
5.383665343282414582e-04
5.382079859615352541e-04
5.380496009597429859e-04
5.378913789116378285e-04
5.377333194071726771e-04
5.375754220374763526e-04
5.374176863948503489e-04
5.372601120727655806e-04
5.371026986658598889e-04
5.369454457699333796e-04
5.367883529819450624e-04
5.366314199000103572e-04
5.364746461233970819e-04
5.363180312525227429e-04
5.361615748889504143e-04
5.360052766353860278e-04
5.358491360956744694e-04
5.356931528747968692e-04
5.355373265788669146e-04
5.353816568151278151e-04
5.352261431919488324e-04
5.350707853188223532e-04
5.349155828063602031e-04
5.347605352662905022e-04
5.346056423114550630e-04
5.344509035558053789e-04
5.342963186143991549e-04
5.341418871033973802e-04
5.339876086400621594e-04
5.338334828427524848e-04
5.336795093309213084e-04
5.335256877251119646e-04
5.333720176469557844e-04
5.332184987191684097e-04
5.330651305655469737e-04
5.329119128109668490e-04
5.327588450813780692e-04
5.326059270038029439e-04
5.324531582063321555e-04
5.323005383181226994e-04
5.321480669693937635e-04
5.319957437914242353e-04
5.318435684165494486e-04
5.316915404781582567e-04
5.315396596106898878e-04
5.313879254496310179e-04
5.312363376315126264e-04
5.310848957939067437e-04
5.309335995754229818e-04
5.307824486157070162e-04
5.306314425554367912e-04
5.304805810363193760e-04
5.303298637010879285e-04
5.301792901934987683e-04
5.300288601583289915e-04
5.298785732413730009e-04
5.297284290894395788e-04
5.295784273503488515e-04
5.294285676729294701e-04
5.292788497070157914e-04
5.291292731034449512e-04
5.289798375140538278e-04
5.288305425916758982e-04
5.286813879901391781e-04
5.285323733642624273e-04
5.283834983698529808e-04
5.282347626637033883e-04
5.280861659035892457e-04
5.279377077482648581e-04
5.277893878574617219e-04
5.276412058918853809e-04
5.274931615132129326e-04
5.273452543840896666e-04
5.271974841681263549e-04
5.270498505298963242e-04
5.269023531349336124e-04
5.267549916497289578e-04
5.266077657417277385e-04
5.264606750793270453e-04
5.263137193318725374e-04
5.261668981696563828e-04
5.260202112639138965e-04
5.258736582868211561e-04
5.257272389114925077e-04
5.255809528119770964e-04
5.254347996632568064e-04
5.252887791412435507e-04
5.251428909227761265e-04
5.249971346856180474e-04
5.248515101084542901e-04
5.247060168708884758e-04
5.245606546534412442e-04
5.244154231375471086e-04
5.242703220055517461e-04
5.241253509407087447e-04
5.239805096271780852e-04
5.238357977500227806e-04
5.236912149952067073e-04
5.235467610495915698e-04
5.234024356009344065e-04
5.232582383378852047e-04
5.231141689499840819e-04
5.229702271276589001e-04
5.228264125622223389e-04
5.226827249458698352e-04
5.225391639716765475e-04
5.223957293335954044e-04
5.222524207264537437e-04
5.221092378459517942e-04
5.219661803886592065e-04
5.218232480520128844e-04
5.216804405343140579e-04
5.215377575347266564e-04
5.213951987532747072e-04
5.212527638908388654e-04
5.211104526491550050e-04
5.209682647308108575e-04
5.208261998392446027e-04
5.206842576787413992e-04
5.205424379544316494e-04
5.204007403722876388e-04
5.202591646391222348e-04
5.201177104625856343e-04
5.199763775511631950e-04
5.198351656141730502e-04
5.196940743617637238e-04
5.195531035049114196e-04
5.194122527554182866e-04
5.192715218259092748e-04
5.191309104298304005e-04
5.189904182814459276e-04
5.188500450958357648e-04
5.187097905888935151e-04
5.185696544773243065e-04
5.184296364786421902e-04
5.182897363111677556e-04
5.181499536940256364e-04
5.180102883471426672e-04
5.178707399912451737e-04
5.177313083478568036e-04
5.175919931392962501e-04
5.174527940886747583e-04
5.173137109198938481e-04
5.171747433576431461e-04
5.170358911273982170e-04
5.168971539554178532e-04
5.167585315687424482e-04
5.166200236951911783e-04
5.164816300633599420e-04
5.163433504026191919e-04
5.162051844431115493e-04
5.160671319157499612e-04
5.159291925522145562e-04
5.157913660849509094e-04
5.156536522471681996e-04
5.155160507728368240e-04
5.153785613966863381e-04
5.152411838542023115e-04
5.151039178816251354e-04
5.149667632159477459e-04
5.148297195949130215e-04
5.146927867570119403e-04
5.145559644414810863e-04
5.144192523883009144e-04
5.142826503381931489e-04
5.141461580326189395e-04
5.140097752137766937e-04
5.138735016245996913e-04
5.137373370087544577e-04
5.136012811106379456e-04
5.134653336753761252e-04
5.133294944488215987e-04
5.131937631775513242e-04
5.130581396088644466e-04
5.129226234907801295e-04
5.127872145720362542e-04
5.126519126020868174e-04
5.125167173310996548e-04
5.123816285099547056e-04
5.122466458902414114e-04
5.121117692242577396e-04
5.119769982650070397e-04
5.118423327661966336e-04
5.117077724822354304e-04
5.115733171682319749e-04
5.114389665799926044e-04
5.113047204740191719e-04
5.111705786075072030e-04
5.110365407383439442e-04
5.109026066251059778e-04
5.107687760270578125e-04
5.106350487041491724e-04
5.105014244170141303e-04
5.103679029269679633e-04
5.102344839960054178e-04
5.101011673867988667e-04
5.099679528626966827e-04
5.098348401877212874e-04
5.097018291265667652e-04
5.095689194445965874e-04
5.094361109078428523e-04
5.093034032830033586e-04
5.091707963374403042e-04
5.090382898391776836e-04
5.089058835568997709e-04
5.087735772599494928e-04
5.086413707183257181e-04
5.085092637026822826e-04
5.083772559843252777e-04
5.082453473352118584e-04
5.081135375279477494e-04
5.079818263357858358e-04
5.078502135326239944e-04
5.077186988930035760e-04
5.075872821921072371e-04
5.074559632057566629e-04
5.073247417104113748e-04
5.071936174831669954e-04
5.070625903017528637e-04
5.069316599445306253e-04
5.068008261904919558e-04
5.066700888192573679e-04
5.065394476110736096e-04
5.064089023468129050e-04
5.062784528079699187e-04
5.061480987766606718e-04
5.060178400356208066e-04
5.058876763682033104e-04
5.057576075583773223e-04
5.056276333907257486e-04
5.054977536504438526e-04
5.053679681233375206e-04
5.052382765958212014e-04
5.051086788549164971e-04
5.049791746882502114e-04
5.048497638840526150e-04
5.047204462311553853e-04
5.045912215189903060e-04
5.044620895375873148e-04
5.043330500775733112e-04
5.042041029301695546e-04
5.040752478871902541e-04
5.039464847410412684e-04
5.038178132847178281e-04
5.036892333118034521e-04
5.035607446164675621e-04
5.034323469934640733e-04
5.033040402381299848e-04
5.031758241463829941e-04
5.030476985147206304e-04
5.029196631402180857e-04
5.027917178205263717e-04
5.026638623538713440e-04
5.025360965390514257e-04
5.024084201754359805e-04
5.022808330629643372e-04
5.021533350021432961e-04
5.020259257940456110e-04
5.018986052403085797e-04
5.017713731431325264e-04
5.016442293052789580e-04
5.015171735300693722e-04
5.013902056213825464e-04
5.012633253836543210e-04
5.011365326218749977e-04
5.010098271415882546e-04
5.008832087488890869e-04
5.007566772504226139e-04
5.006302324533823444e-04
5.005038741655085501e-04
5.003776021950865315e-04
5.002514163509455330e-04
5.001253164424565752e-04
4.999993022795313699e-04
4.998733736726202609e-04
4.997475304327113560e-04
4.996217723713282507e-04
4.994960993005288351e-04
4.993705110329037765e-04
4.992450073815748925e-04
4.991195881601935254e-04
4.989942531829392406e-04
4.988690022645180921e-04
4.987438352201612130e-04
4.986187518656231893e-04
4.984937520171805417e-04
4.983688354916306421e-04
4.982440021062894357e-04
4.981192516789905746e-04
4.979945840280831405e-04
4.978699989724314282e-04
4.977454963314122344e-04
4.976210759249143165e-04
4.974967375733360068e-04
4.973724810975841282e-04
4.972483063190731275e-04
4.971242130597227976e-04
4.970002011419569774e-04
4.968762703887023586e-04
4.967524206233865343e-04
4.966286516699372402e-04
4.965049633527804027e-04
4.963813554968387297e-04
4.962578279275306264e-04
4.961343804707682437e-04
4.960110129529565022e-04
4.958877252009912494e-04
4.957645170422586090e-04
4.956413883046324872e-04
4.955183388164737055e-04
4.953953684066286995e-04
4.952724769044278925e-04
4.951496641396846117e-04
4.950269299426933532e-04
4.949042741442284806e-04
4.947816965755428165e-04
4.946591970683664489e-04
4.945367754549052138e-04
4.944144315678391773e-04
4.942921652403215512e-04
4.941699763059769586e-04
4.940478645989004576e-04
4.939258299536558074e-04
4.938038722052744914e-04
4.936819911892539837e-04
4.935601867415567723e-04
4.934384586986087333e-04
4.933168068972978298e-04
4.931952311749732447e-04
4.930737313694429948e-04
4.929523073189737148e-04
4.928309588622882716e-04
4.927096858385655474e-04
4.925884880874384884e-04
4.924673654489928037e-04
4.923463177637658807e-04
4.922253448727451595e-04
4.921044466173670482e-04
4.919836228395158386e-04
4.918628733815220803e-04
4.917421980861610628e-04
4.916215967966522729e-04
4.915010693566572268e-04
4.913806156102789278e-04
4.912602354020603485e-04
4.911399285769828043e-04
4.910196949804653032e-04
4.908995344583627022e-04
4.907794468569648405e-04
4.906594320229951296e-04
4.905394898036095777e-04
4.904196200463946213e-04
4.902998225993670167e-04
4.901800973109716715e-04
4.900604440300813198e-04
4.899408626059947869e-04
4.898213528884352548e-04
4.897019147275501541e-04
4.895825479739088866e-04
4.894632524785025003e-04
4.893440280927416298e-04
4.892248746684558450e-04
4.891057920578921340e-04
4.889867801137141434e-04
4.888678386890002274e-04
4.887489676372429055e-04
4.886301668123473442e-04
4.885114360686304905e-04
4.883927752608192277e-04
4.882741842440498341e-04
4.881556628738668445e-04
4.880372110062212608e-04
4.879188284974695223e-04
4.878005152043726929e-04
4.876822709840951051e-04
4.875640956942033305e-04
4.874459891926647705e-04
4.873279513378465174e-04
4.872099819885144329e-04
4.870920810038317393e-04
4.869742482433582053e-04
4.868564835670485748e-04
4.867387868352515906e-04
4.866211579087090190e-04
4.865035966485543482e-04
4.863861029163115963e-04
4.862686765738943894e-04
4.861513174836044979e-04
4.860340255081311320e-04
4.859168005105496402e-04
4.857996423543201546e-04
4.856825509032869945e-04
4.855655260216771478e-04
4.854485675740990254e-04
4.853316754255417552e-04
4.852148494413737736e-04
4.850980894873422287e-04
4.849813954295713000e-04
4.848647671345613307e-04
4.847482044691877440e-04
4.846317073007001212e-04
4.845152754967208463e-04
4.843989089252441851e-04
4.842826074546351459e-04
4.841663709536283959e-04
4.840501992913272310e-04
4.839340923372024918e-04
4.838180499610915874e-04
4.837020720331971406e-04
4.835861584240864455e-04
4.834703090046898414e-04
4.833545236463001162e-04
4.832388022205713683e-04
4.831231445995175970e-04
4.830075506555120521e-04
4.828920202612858241e-04
4.827765532899274108e-04
4.826611496148811996e-04
4.825458091099465454e-04
4.824305316492768494e-04
4.823153171073782581e-04
4.822001653591090667e-04
4.820850762796783642e-04
4.819700497446451656e-04
4.818550856299173824e-04
4.817401838117505754e-04
4.816253441667474669e-04
4.815105665718564230e-04
4.813958509043705859e-04
4.812811970419272238e-04
4.811666048625063211e-04
4.810520742444296025e-04
4.809376050663598831e-04
4.808231972072998209e-04
4.807088505465910498e-04
4.805945649639128785e-04
4.804803403392815856e-04
4.803661765530494983e-04
4.802520734859040707e-04
4.801380310188666910e-04
4.800240490332918146e-04
4.799101274108658792e-04
4.797962660336066551e-04
4.796824647838621603e-04
4.795687235443094141e-04
4.794550421979537863e-04
4.793414206281280216e-04
4.792278587184912639e-04
4.791143563530280260e-04
4.790009134160472682e-04
4.788875297921816395e-04
4.787742053663862304e-04
4.786609400239380313e-04
4.785477336504346309e-04
4.784345861317934037e-04
4.783214973542507503e-04
4.782084672043610137e-04
4.780954955689956120e-04
4.779825823353420623e-04
4.778697273909031677e-04
4.777569306234958789e-04
4.776441919212507520e-04
4.775315111726107561e-04
4.774188882663304599e-04
4.773063230914751103e-04
4.771938155374198191e-04
4.770813654938485331e-04
4.769689728507532211e-04
4.768566374984329519e-04
4.767443593274929732e-04
4.766321382288440066e-04
4.765199740937011092e-04
4.764078668135829147e-04
4.762958162803108747e-04
4.762179291064291332e-04
