0.000000000000000000e+00
1.004304201897420140e-03
2.007217544811264187e-03
4.010262743171622880e-03
6.007746494128792143e-03
7.999671861129509579e-03
2.761393778130036974e-02
4.667621930419316861e-02
6.519056810219892029e-02
8.316160354338970884e-02
1.291072390713141893e-01
1.712308896014013981e-01
2.096691415991616125e-01
2.445720289663829983e-01
2.760998390048851614e-01
3.190236427873268665e-01
3.547598194758277979e-01
3.839594170453293209e-01
4.072606410193388982e-01
4.252756395916946763e-01
4.385836520410943962e-01
4.415812314104577974e-01
4.442549837117652500e-01
4.466164835488076190e-01
4.470523152992008087e-01
4.474762003765153096e-01
4.478882277410226598e-01
4.482884859133033917e-01
4.484453137690274649e-01
4.485686020956360931e-01
4.485734786764927762e-01
4.485783534097170233e-01
4.485797237260843451e-01
4.485802374463758735e-01
4.485807485046587328e-01
4.485778552321235124e-01
4.485714329041791681e-01
4.485650106683384819e-01
4.485007933752427345e-01
4.484365852910736083e-01
4.483723864145103821e-01
4.477309037834678040e-01
4.470903404562840411e-01
4.464506951209800678e-01
4.458119664619751843e-01
4.394748090130014551e-01
4.332278858989255244e-01
4.270699123817919274e-01
4.209996218720301608e-01
4.150157658517734105e-01
3.727303686596876720e-01
3.347612498494202948e-01
3.006677744198241742e-01
2.700543443247231390e-01
2.425657424472067447e-01
2.178830021996008004e-01
1.957197176418190021e-01
1.758187169201157196e-01
1.579490788330074058e-01
1.419034534009174786e-01
1.274956557184633854e-01
1.145585055921130302e-01
1.029418876374777192e-01
9.251100939891471198e-02
8.314483727332759588e-02
7.473469208354689697e-02
6.718298800850955321e-02
6.040210023618525909e-02
5.431334820005370018e-02
4.884608260109024602e-02
4.393686562137373575e-02
3.952873481685766771e-02
3.557054214780703411e-02
3.201636047727136197e-02
2.882495065083940516e-02
2.595928297387992828e-02
2.338610753368100884e-02
2.107556838067664931e-02
1.900085709187295316e-02
1.713790169656155549e-02
1.546508735473789593e-02
1.396300554708771249e-02
1.261422886624205021e-02
1.140310879606794107e-02
1.031559413250610069e-02
9.339067938983116463e-03
8.462201144493589761e-03
7.674821085562496398e-03
6.967793466701004135e-03
6.332916369671730793e-03
5.762825081689108668e-03
5.250906638219101329e-03
4.791223088766887774e-03
4.378442595259201056e-03
4.007777563514343389e-03
3.674929089902033257e-03
3.376037078574195896e-03
3.107635450446887340e-03
2.866611924196161686e-03
2.650171902582544939e-03
2.455806045055373543e-03
2.281261150362398019e-03
2.124514011298005156e-03
1.983747938210961292e-03
1.857331580956556993e-03
1.743799992309049904e-03
1.641838314248368494e-03
1.550265577604308673e-03
1.468021327657149586e-03
1.394153368900913695e-03
1.327806697938078810e-03
1.268213585923561211e-03
1.214684669886558280e-03
1.166600953338547703e-03
1.123406623691061874e-03
1.084602602770165861e-03
1.049740755665434701e-03
1.018418690711392479e-03
9.902750902583974234e-04
9.649855180539333201e-04
9.422586545842980780e-04
9.218329166927277272e-04
9.034734222490589748e-04
8.869692646498884142e-04
8.721315740320525253e-04
8.587899410549309142e-04
8.467913671701480767e-04
8.359987947818003917e-04
8.262891356658876117e-04
8.175518612451469422e-04
8.096877254012092764e-04
8.026076119881345346e-04
7.962315008799912379e-04
7.904875395615865814e-04
7.853112094628765310e-04
7.806445773871827044e-04
7.764356233458488037e-04
7.726376370003825182e-04
7.692086757094179555e-04
7.661110778925219519e-04
7.633085169398661071e-04
7.607736962709480853e-04
7.584792375887320541e-04
7.564005625528759814e-04
7.545156303586538198e-04
7.528046521309166884e-04
7.512498606209900035e-04
7.498353037527083357e-04
7.485466591782572246e-04
7.473710677782089730e-04
7.462969841721335713e-04
7.453140425016598113e-04
7.444129359256880388e-04
7.435853084268626663e-04
7.428236576715374411e-04
7.421212477939628576e-04
7.414720310907980862e-04
7.408705777156299188e-04
7.403120125561872327e-04
7.397919585604369229e-04
7.393064858527173371e-04
7.388520660483746888e-04
7.384255312358030876e-04
7.380240371490475034e-04
7.376450301028419747e-04
7.372862173057016192e-04
7.369455402059487932e-04
7.366211505608181737e-04
7.363113889504406670e-04
7.360147654869255871e-04
7.357299424942816916e-04
7.354557189578290197e-04
7.351910165623210154e-04
7.349348671564709997e-04
7.346864014981512600e-04
7.344448391494302853e-04
7.342094794039749498e-04
7.339796931413434221e-04
7.337549155134804376e-04
7.335346393783865942e-04
7.333184094046330806e-04
7.331058167781831286e-04
7.328964944499842364e-04
7.326901128690888922e-04
7.324863761516937433e-04
7.322850186415682692e-04
7.320858018218820516e-04
7.318885115425335756e-04
7.316929555307456062e-04
7.314989611559888057e-04
7.313063734232505813e-04
7.311150531713176727e-04
7.309248754551318740e-04
7.307357280934092831e-04
7.305475103646416179e-04
7.303601318362108871e-04
7.301734992205996229e-04
7.299875499941295334e-04
7.298022219189996595e-04
7.296174735883533252e-04
7.294332387600005203e-04
7.292494619125412672e-04
7.290661000490975896e-04
7.288831109460369110e-04
7.287004637489272662e-04
7.285181311625439811e-04
7.283360865971868874e-04
7.281543054626074193e-04
7.279727654365215819e-04
7.277914463962299697e-04
7.276103302500409181e-04
7.274294007488213117e-04
7.272486433039890719e-04
7.270680448196974177e-04
7.268875935406709935e-04
7.267072789151023246e-04
7.265270914714135921e-04
7.263470227075829013e-04
7.261670649917925484e-04
7.259872114732495970e-04
7.258074560021445442e-04
7.256277930578126272e-04
7.254482176842549099e-04
7.252687254322708358e-04
7.250893123075173542e-04
7.249099747238945150e-04
7.247307094617064325e-04
7.245515136301108102e-04
7.243723846334164081e-04
7.241933201408353197e-04
7.240143180593342246e-04
7.238353765092686793e-04
7.236564938025137833e-04
7.234776684228369763e-04
7.232988990082819206e-04
7.231201843353579064e-04
7.229415233048489464e-04
7.227629149290783032e-04
7.225843583204775294e-04
7.224058526813268788e-04
7.222273972945481534e-04
7.220489915154393963e-04
7.218706347642588408e-04
7.216923265195666079e-04
7.215140663122510773e-04
7.213358538424883898e-04
7.211576886298684541e-04
7.209795702744637835e-04
7.208014984677915378e-04
7.206234729056770630e-04
7.204454933642619923e-04
7.202675596443421742e-04
7.200896715510266303e-04
7.199118289030984486e-04
7.197340315350079804e-04
7.195562793399146910e-04
7.193785721468990953e-04
7.192009098119304640e-04
7.190232922222537229e-04
7.188457192655138680e-04
7.186681908589398699e-04
7.184907069286964763e-04
7.183132674018463714e-04
7.181358722098197308e-04
7.179585212892465639e-04
7.177812145988872895e-04
7.176039520723806030e-04
7.174267336524923393e-04
7.172495592934485667e-04
7.170724289487658519e-04
7.168953425836174526e-04
7.167183001663385939e-04
7.165413016651972803e-04
7.163643470498238163e-04
7.161874362915770500e-04
7.160105693713723126e-04
7.158337462582555237e-04
7.156569669247918146e-04
7.154802313482067598e-04
7.153035395045223609e-04
7.151268913752383341e-04
7.149502869430343329e-04
7.147737261902030589e-04
7.145972090993798218e-04
7.144207356537490795e-04
7.142443058417716683e-04
7.140679196445537391e-04
7.138915770448121334e-04
7.137152780276107738e-04
7.135390225766443436e-04
7.133628106789803710e-04
7.131866423221919476e-04
7.130105174933578770e-04
7.128344361795527348e-04
7.126583983679990898e-04
7.124824040497366616e-04
7.123064532099922198e-04
7.121305458349546551e-04
7.119546819123705314e-04
7.117788614285636140e-04
7.116030843725109278e-04
7.114273507334658610e-04
7.112516605001510846e-04
7.110760136611684896e-04
7.109004102051311343e-04
7.107248501239673503e-04
7.105493334043262721e-04
7.103738600335967853e-04
7.101984300004551571e-04
7.100230432921394606e-04
7.098476998982922040e-04
7.096723998087540878e-04
7.094971430128240364e-04
7.093219294996401872e-04
7.091467592583055495e-04
7.089716322810638493e-04
7.087965485550677246e-04
7.086215080681338872e-04
7.084465108092723217e-04
7.082715567660517828e-04
7.080966459283575317e-04
7.079217782862461334e-04
7.077469538292291244e-04
7.075721725466444607e-04
7.073974344277793574e-04
7.072227394649962607e-04
7.070480876456403628e-04
7.068734789576928490e-04
7.066989133902950009e-04
7.065243909311479543e-04
7.063499115702357410e-04
7.061754752977041560e-04
7.060010821031541825e-04
7.058267319760088863e-04
7.056524249056352798e-04
7.054781608844489351e-04
7.053039398998799375e-04
7.051297619399858000e-04
7.049556269939694954e-04
7.047815350495975368e-04
7.046074860969033958e-04
7.044334801260794879e-04
7.042595171267736339e-04
7.040855970884550867e-04
7.039117200005355277e-04
7.037378858554605614e-04
7.035640946407102549e-04
7.033903463443863567e-04
7.032166409557313045e-04
7.030429784625530278e-04
7.028693588549181749e-04
7.026957821230510369e-04
7.025222482566325028e-04
7.023487572451640260e-04
7.021753090780899226e-04
7.020019037478782403e-04
7.018285412420462339e-04
7.016552215487306720e-04
7.014819446572041328e-04
7.013087105553088068e-04
7.011355192331388811e-04
7.009623706809451011e-04
7.007892648884363283e-04
7.006162018451425307e-04
7.004431815405355631e-04
7.002702039671041814e-04
7.000972691123980582e-04
6.999243769645849701e-04
6.997515275129655762e-04
6.995787207454134005e-04
6.994059566520478919e-04
6.992332352231448410e-04
6.990605564484395637e-04
6.988879203174881575e-04
6.987153268197895820e-04
6.985427759478510246e-04
6.983702676892541419e-04
6.981978020321963092e-04
6.980253789660050738e-04
6.978529984785843176e-04
6.976806605600783173e-04
6.975083652007871499e-04
6.973361123904711764e-04
6.971639021187133823e-04
6.969917343750382062e-04
6.968196091519721341e-04
6.966475264371270720e-04
6.964754862187299937e-04
6.963034884861350098e-04
6.961315332272756005e-04
6.959596204323210879e-04
6.957877500915950761e-04
6.956159221948835132e-04
6.954441367317949719e-04
6.952723936918803454e-04
6.951006930676839005e-04
6.949290348468486599e-04
6.947574190176305457e-04
6.945858455694097974e-04
6.944143144901502532e-04
6.942428257700449792e-04
6.940713793994415402e-04
6.938999753681514716e-04
6.937286136658086079e-04
6.935572942819898633e-04
6.933860172092578275e-04
6.932147824352860978e-04
6.930435899483597612e-04
6.928724397378850782e-04
6.927013317918554857e-04
6.925302661004882274e-04
6.923592426541551543e-04
6.921882614426924131e-04
6.920173224557599678e-04
6.918464256829601026e-04
6.916755711168736222e-04
6.915047587452048065e-04
6.913339885562672571e-04
6.911632605394940143e-04
6.909925746829076801e-04
6.908219309767495674e-04
6.906513294114155965e-04
6.904807699767670677e-04
6.903102526624889899e-04
6.901397774582094516e-04
6.899693443565277969e-04
6.897989533451785553e-04
6.896286044125042765e-04
6.894582975479635880e-04
6.892880327396091241e-04
6.891178099777062671e-04
6.889476292526742476e-04
6.887774905543994110e-04
6.886073938725925702e-04
6.884373391969071838e-04
6.882673265199611362e-04
6.880973558295186638e-04
6.879274271139515897e-04
6.877575403627441287e-04
6.875876955639788389e-04
6.874178927079447384e-04
6.872481317850849102e-04
6.870784127853107447e-04
6.869087356983579916e-04
6.867391005139060218e-04
6.865695072245906090e-04
6.863999558182066725e-04
6.862304462831540081e-04
6.860609786089436101e-04
6.858915527836866597e-04
6.857221687976966778e-04
6.855528266414400579e-04
6.853835263048532354e-04
6.852142677776970050e-04
6.850450510496764334e-04
6.848758761134456172e-04
6.847067429568290745e-04
6.845376515682556574e-04
6.843686019372619478e-04
6.841995940519888337e-04
6.840306279027733635e-04
6.838617034801056744e-04
6.836928207739467050e-04
6.835239797740830540e-04
6.833551804702447247e-04
6.831864228551040282e-04
6.830177069165156234e-04
6.828490326429369857e-04
6.826804000239303921e-04
6.825118090476656792e-04
6.823432597045040729e-04
6.821747519849591292e-04
6.820062858790165066e-04
6.818378613764880655e-04
6.816694784671290712e-04
6.815011371436299412e-04
6.813328373938754750e-04
6.811645792063512287e-04
6.809963625706453921e-04
6.808281874749571834e-04
6.806600539096715726e-04
6.804919618653252093e-04
6.803239113319287969e-04
6.801559022993190241e-04
6.799879347572767435e-04
6.798200086985101533e-04
6.796521241109338687e-04
6.794842809830621772e-04
6.793164793045087472e-04
6.791487190635018536e-04
6.789810002504503188e-04
6.788133228559141029e-04
6.786456868699284120e-04
6.784780922823554139e-04
6.783105390830008975e-04
6.781430272645908421e-04
6.779755568150698953e-04
6.778081277229807506e-04
6.776407399779625553e-04
6.774733935682727493e-04
6.773060884843435736e-04
6.771388247167585157e-04
6.769716022555773930e-04
6.768044210906870931e-04
6.766372812119186668e-04
6.764701826120163080e-04
6.763031252789541547e-04
6.761361092013030896e-04
6.759691343687281723e-04
6.758022007695153573e-04
6.756353083941207382e-04
6.754684572331511126e-04
6.753016472766904758e-04
6.751348785146509771e-04
6.749681509368887127e-04
6.748014645361655487e-04
6.746348193004855472e-04
6.744682152184476717e-04
6.743016522797425690e-04
6.741351304726850334e-04
6.739686497877546856e-04
6.738022102155815252e-04
6.736358117462740505e-04
6.734694543697691306e-04
6.733031380759479066e-04
6.731368628575902426e-04
6.729706287027297992e-04
6.728044355999936209e-04
6.726382835390976164e-04
6.724721725083855281e-04
6.723061024983606124e-04
6.721400734996758539e-04
6.719740855024640370e-04
6.718081384966869676e-04
6.716422324722506150e-04
6.714763674219529493e-04
6.713105433338571217e-04
6.711447601966178235e-04
6.709790179999766593e-04
6.709332246383065135e-04
