0.000000000000000000e+00
1.004303247136713231e-03
2.007215638280012305e-03
4.010258955160432570e-03
6.007740849354395972e-03
7.999664384217024596e-03
2.761391331790887319e-02
4.667618021689579760e-02
6.519051666462574723e-02
8.316154194155700452e-02
1.291071602545212083e-01
1.712308073075201331e-01
2.096690680170968657e-01
2.445719748276125316e-01
2.760998136806296910e-01
3.190236783082822103e-01
3.547599313152166034e-01
3.839596168406373411e-01
4.072609370852113275e-01
4.252760373915167591e-01
4.385841546151907355e-01
4.415817640042749570e-01
4.442555463632166801e-01
4.466170762566106789e-01
4.470529140148323810e-01
4.474768050981549061e-01
4.478888384665666300e-01
4.482891026403688084e-01
4.484459331586935771e-01
4.485692231476842706e-01
4.485740998043422634e-01
4.485789746058800875e-01
4.485803449417274935e-01
4.485808586700086309e-01
4.485813723776818640e-01
4.485788807380005627e-01
4.485724613523195958e-01
4.485660391337293884e-01
4.485018220131081201e-01
4.484376141013566852e-01
4.483734153971544734e-01
4.477319344866043660e-01
4.470913728742539339e-01
4.464517292481368638e-01
4.458130022926850566e-01
4.394758615721359729e-01
4.332289546367910638e-01
4.270709967609079283e-01
4.210007213668931492e-01
4.150168799486244064e-01
3.727315771040566883e-01
3.347625287679034667e-01
3.006691038114909231e-01
2.700557075184517597e-01
2.425671256303255641e-01
2.178843940081628128e-01
1.957211088045750780e-01
1.758200999497198103e-01
1.579504477584429967e-01
1.419048035359598836e-01
1.274969834616145881e-01
1.145598082539915491e-01
1.029431632921449374e-01
9.251225675604936305e-02
8.314605556854098856e-02
7.473588098446770633e-02
6.718414753456143640e-02
6.040323069024029767e-02
5.431445011037357856e-02
4.884715667216652651e-02
4.393791269245575504e-02
3.952975582711068525e-02
3.557153810717916809e-02
3.201733244226712127e-02
2.882589970450131697e-02
2.596021020937194432e-02
2.338701404094675057e-02
2.107645523571592336e-02
1.900172534824098522e-02
1.713875237874894208e-02
1.546592145313584188e-02
1.396382401428396605e-02
1.261503261442827734e-02
1.140389869537027090e-02
1.031637101007737076e-02
9.339832578718714612e-03
8.462954287253054639e-03
7.675563429796573162e-03
6.968525669399090565e-03
6.333639047557750555e-03
5.763538812605251659e-03
5.251611962646594162e-03
4.791920511441415988e-03
4.379132586845810651e-03
4.008460562312850944e-03
3.675605503559254816e-03
3.376707285783852371e-03
3.108299802621845853e-03
2.867270747100953473e-03
2.650825497916849995e-03
2.456454691981469797e-03
2.281905106971514417e-03
2.125153516012137818e-03
1.984383211118053315e-03
1.857962825077524643e-03
1.744427394797329160e-03
1.642462047524503345e-03
1.550885800421880796e-03
1.468638186104871506e-03
1.394766997342902683e-03
1.328417219894120847e-03
1.268821114891796869e-03
1.215289310111209321e-03
1.167202800525327230e-03
1.124005765672948624e-03
1.085199120126223438e-03
1.050334722295323585e-03
1.019010174368172993e-03
9.908641530421513719e-04
9.655722168686544813e-04
9.428430415604037310e-04
9.224150395774519898e-04
9.040533247668798783e-04
8.875469868350423014e-04
8.727071525426777264e-04
8.593634094430256318e-04
8.473627561416043497e-04
8.365681324409736516e-04
8.268564477353495005e-04
8.181171712677572875e-04
8.102510549258400314e-04
8.031689807401804111e-04
7.967909269178424141e-04
7.910450394201538676e-04
7.858667982851804453e-04
7.811982690449499308e-04
7.769874305499870808e-04
7.731875714021453757e-04
7.697567479930071807e-04
7.666572978598241691e-04
7.638528935267184126e-04
7.613162377520968187e-04
7.590199515682930116e-04
7.569394560228476145e-04
7.550527097541083303e-04
7.533399233795274675e-04
7.517833291882409109e-04
7.503669746831606027e-04
7.490765371332042295e-04
7.478991570700286445e-04
7.468232887956174947e-04
7.458385661625806544e-04
7.449356820668402452e-04
7.441062802517968335e-04
7.433428581661858173e-04
7.426386797463412461e-04
7.419876971089489582e-04
7.413844802439628580e-04
7.408241538903551646e-04
7.403023408608781254e-04
7.398151111569786992e-04
7.393589362823268065e-04
7.389306482238419552e-04
7.385274026233740923e-04
7.381466457119031802e-04
7.377860846218638104e-04
7.374436607324755212e-04
7.371175257382128624e-04
7.368060201622109910e-04
7.365076540648225539e-04
7.362210897230593966e-04
7.359451260795689875e-04
7.356786847803609142e-04
7.354207976389714498e-04
7.351705953813367309e-04
7.349272975405311869e-04
7.346902033838976966e-04
7.344586837670960110e-04
7.342321738203726189e-04
7.340101663820277310e-04
7.337922061027451516e-04
7.335778841522443789e-04
7.333668334667224490e-04
7.331587244818342551e-04
7.329532613016073598e-04
7.327501782587554158e-04
7.325492368264021129e-04
7.323502228453160866e-04
7.321529440344207509e-04
7.319572277556402875e-04
7.317629190070978028e-04
7.315698786213348150e-04
7.313779816476082126e-04
7.311871158994578956e-04
7.309971806506596276e-04
7.308080854644050843e-04
7.306197370484740711e-04
7.304320728761545898e-04
7.302450307064738480e-04
7.300585691305734072e-04
7.298726219029420207e-04
7.296871334992056360e-04
7.295020609201737817e-04
7.293173619398548744e-04
7.291330057020311596e-04
7.289489649099058699e-04
7.287652129722069607e-04
7.285817252971936789e-04
7.283984795611887211e-04
7.282154556401993373e-04
7.280326354413332174e-04
7.278500027143426860e-04
7.276675428696087336e-04
7.274852428103173625e-04
7.273030907802908356e-04
7.271210762268767594e-04
7.269391896777047633e-04
7.267574226300072384e-04
7.265757674512637009e-04
7.263942172900174658e-04
7.262127659958305184e-04
7.260314080474400498e-04
7.258501384882791105e-04
7.256689528686037418e-04
7.254878471935521022e-04
7.253068178765259425e-04
7.251258616973503763e-04
7.249449757647215623e-04
7.247641574825023280e-04
7.245834045194730379e-04
7.244027147821815440e-04
7.242220863905757429e-04
7.240415176561340246e-04
7.238610070622368770e-04
7.236805532465488168e-04
7.235001549852082287e-04
7.233198111786353756e-04
7.231395208387957334e-04
7.229592830777693564e-04
7.227790970974897703e-04
7.225989621805367115e-04
7.224188776818708194e-04
7.222388430214163931e-04
7.220588576774035223e-04
7.218789211803930492e-04
7.216990332303306133e-04
7.215191933464253516e-04
7.213394011283899305e-04
7.211596562674203693e-04
7.209799584589805408e-04
7.208003074789186932e-04
7.206207031277439036e-04
7.204411452102630264e-04
7.202616335449530793e-04
7.200821679659569338e-04
7.199027483662169980e-04
7.197233745744518801e-04
7.195440464462888935e-04
7.193647638686643999e-04
7.191855267288754750e-04
7.190063349438675705e-04
7.188271884395272277e-04
7.186480871426240711e-04
7.184690309842896869e-04
7.182900199008552785e-04
7.181110538508678936e-04
7.179321327676129946e-04
7.177532565935207474e-04
7.175744252825146195e-04
7.173956387877680274e-04
7.172168970741756976e-04
7.170382001097976845e-04
7.168595478626127275e-04
7.166809403019567702e-04
7.165023773988922397e-04
7.163238591341238070e-04
7.161453854763474109e-04
7.159669563977962004e-04
7.157885718753949919e-04
7.156102318848262152e-04
7.154319364073122474e-04
7.152536854252602820e-04
7.150754789206750566e-04
7.148973168758997968e-04
7.147191992738242744e-04
7.145411261027001830e-04
7.143630973432851024e-04
7.141851129779660601e-04
7.140071729915079555e-04
7.138292773672672009e-04
7.136514260920351783e-04
7.134736191531143622e-04
7.132958565372965682e-04
7.131181382313653717e-04
7.129404642222504987e-04
7.127628345007824178e-04
7.125852490518419296e-04
7.124077078612884358e-04
7.122302109165716457e-04
7.120527582036775957e-04
7.118753497113087907e-04
7.116979854284484356e-04
7.115206653435340563e-04
7.113433894448767609e-04
7.111661577207981739e-04
7.109889701630186772e-04
7.108118267578418699e-04
7.106347274923288833e-04
7.104576723548597806e-04
7.102806613323362070e-04
7.101036944141272348e-04
7.099267715898043571e-04
7.097498928483818954e-04
7.095730581787087219e-04
7.093962675695974964e-04
7.092195210130839951e-04
7.090428184959772723e-04
7.088661600057668275e-04
7.086895455311676339e-04
7.085129750594135363e-04
7.083364485801166852e-04
7.081599660830656309e-04
7.079835275574882826e-04
7.078071329924341985e-04
7.076307823769010033e-04
7.074544757030443859e-04
7.072782129578664969e-04
7.071019941290229358e-04
7.069258192053608399e-04
7.067496881742474108e-04
7.065736010253946542e-04
7.063975577486810006e-04
7.062215583334248903e-04
7.060456027687619669e-04
7.058696910437701946e-04
7.056938231506594723e-04
7.055179990765184702e-04
7.053422188090794406e-04
7.051664823372525131e-04
7.049907896484708088e-04
7.048151407324973992e-04
7.046395355792577694e-04
7.044639741781183895e-04
7.042884565182621747e-04
7.041129825888126255e-04
7.039375523820099985e-04
7.037621658849938129e-04
7.035868230855427249e-04
7.034115239726061123e-04
7.032362685336605726e-04
7.030610567585028961e-04
7.028858886370910938e-04
7.027107641588257883e-04
7.025356833129231798e-04
7.023606460885401621e-04
7.021856524779405192e-04
7.020107024683017172e-04
7.018357960474381910e-04
7.016609332043309772e-04
7.014861139264920182e-04
7.013113382037458599e-04
7.011366060260787025e-04
7.009619173829195748e-04
7.007872722635140588e-04
7.006126706570478882e-04
7.004381125558057719e-04
7.002635979469992202e-04
7.000891268184744349e-04
6.999146991592417261e-04
6.997403149568448034e-04
6.995659742011352093e-04
6.993916768821247312e-04
6.992174229892695030e-04
6.990432125118424284e-04
6.988690454390574305e-04
6.986949217632183002e-04
6.985208414715692905e-04
6.983468045519877201e-04
6.981728109935113292e-04
6.979988607837155946e-04
6.978249539124775375e-04
6.976510903698340989e-04
6.974772701452678671e-04
6.973034932280790677e-04
6.971297596075081869e-04
6.969560692758785311e-04
6.967824222204664457e-04
6.966088184291794987e-04
6.964352578910829690e-04
6.962617405937834500e-04
6.960882665271831164e-04
6.959148356813437374e-04
6.957414480457744643e-04
6.955681036098018688e-04
6.953948023626936505e-04
6.952215442967920895e-04
6.950483293994054066e-04
6.948751576584713107e-04
6.947020290630821857e-04
6.945289436008758501e-04
6.943559012617794152e-04
6.941829020358792615e-04
6.940099459127111034e-04
6.938370328816277502e-04
6.936641629319237898e-04
6.934913360559604757e-04
6.933185522410777960e-04
6.931458114752432750e-04
6.929731137475767270e-04
6.928004590457464366e-04
6.926278473597048853e-04
6.924552786795631736e-04
6.922827529948826029e-04
6.921102702950430877e-04
6.919378305693656703e-04
6.917654338102306863e-04
6.915930800050092402e-04
6.914207691416992142e-04
6.912485012094473106e-04
6.910762761959526055e-04
6.909040940911925169e-04
6.907319548853027569e-04
6.905598585678709728e-04
6.903878051283028833e-04
6.902157945559463104e-04
6.900438268432007799e-04
6.898719019774688386e-04
6.897000199467781837e-04
6.895281807403022978e-04
6.893563843457711565e-04
6.891846307531868977e-04
6.890129199527100616e-04
6.888412519339537745e-04
6.886696266863507514e-04
6.884980441992747269e-04
6.883265044651444174e-04
6.881550074713937027e-04
6.879835532060797707e-04
6.878121416584036425e-04
6.876407728161253261e-04
6.874694466692724383e-04
6.872981632080293717e-04
6.871269224220353817e-04
6.869557243007492044e-04
6.867845688335715709e-04
6.866134560129396290e-04
6.864423858263187005e-04
6.862713582617956803e-04
6.861003733085984779e-04
6.859294309545175671e-04
6.857585311896050679e-04
6.855876740040702010e-04
6.854168593875779175e-04
6.852460873296130827e-04
6.850753578196028823e-04
6.849046708500033291e-04
6.847340264083107532e-04
6.845634244826420819e-04
6.843928650622515706e-04
6.842223481349603764e-04
6.840518736908453388e-04
6.838814417201400731e-04
6.837110522125350092e-04
6.835407051575414670e-04
6.833704005446127614e-04
6.832001383662237703e-04
6.830299186099020488e-04
6.828597412637939061e-04
6.826896063171802691e-04
6.825195137579127607e-04
6.823494635760929405e-04
6.821794557619786014e-04
6.820094903052860858e-04
6.818395671955525175e-04
6.816696864222576658e-04
6.814998479778949488e-04
6.813300518500230380e-04
6.811602980268177329e-04
6.809905864975869571e-04
6.808209172502121490e-04
6.806512902748194796e-04
6.804817055616913532e-04
6.803121631005693741e-04
6.801426628810169038e-04
6.799732048925398410e-04
6.798037891276502518e-04
6.796344155739378161e-04
6.794650842196077152e-04
6.792957950539944357e-04
6.791265480650096652e-04
6.789573432428041861e-04
6.787881805776843636e-04
6.786190600594176059e-04
6.784499816775931870e-04
6.782809454217429181e-04
6.781119512843978387e-04
6.779429992531782034e-04
6.777740893163185752e-04
6.776052214631802205e-04
6.774363956817048595e-04
6.772676119620675604e-04
6.770988702945989748e-04
6.769301706690918812e-04
6.767615130751615743e-04
6.765928975023659947e-04
6.764243239432543965e-04
6.762557923854782592e-04
6.760873028173013111e-04
6.759188552281110559e-04
6.757504496058794633e-04
6.755820859408061046e-04
6.754137642232455919e-04
6.752454844430162912e-04
6.750772465897589758e-04
6.749090506530577155e-04
6.747408966254805213e-04
6.745727844947093385e-04
6.744047142490371691e-04
6.742366858778780798e-04
6.740686993692337472e-04
6.739007547133282457e-04
6.737328519005403651e-04
6.735649909207131912e-04
6.733971717635140602e-04
6.732293944185526293e-04
6.730616588784153406e-04
6.728939651308148227e-04
6.727263131640733506e-04
6.725587029676312291e-04
6.723911345295199501e-04
6.722236078399879827e-04
6.720561228894379692e-04
6.718886796677384738e-04
6.717212781645823120e-04
6.715539183696050528e-04
6.713866002754117872e-04
6.712193238697455010e-04
6.710520891409577429e-04
6.708848960785147300e-04
6.708387019179508359e-04
