0.000000000000000000e+00
1.004303971613888747e-03
2.007217084158663054e-03
4.010261829669919779e-03
6.007745135470806547e-03
7.999670064978007741e-03
2.761393202528091353e-02
4.667621032184169488e-02
6.519055659797146074e-02
8.316159019314853240e-02
1.291072238959330154e-01
1.712308768125103409e-01
2.096691349076005573e-01
2.445720316137423578e-01
2.760998537965385635e-01
3.190236812345932371e-01
3.547598860684526567e-01
3.839595150605569773e-01
4.072607726904076686e-01
4.252758062616729950e-01
4.385838543018383273e-01
4.415814437974299733e-01
4.442552062089792919e-01
4.466167161283237652e-01
4.470525498908243800e-01
4.474764369785906859e-01
4.478884663518087339e-01
4.482887265309739577e-01
4.484455553529607674e-01
4.485688441619485323e-01
4.485737207681367855e-01
4.485785955220182308e-01
4.485799658443643811e-01
4.485804795673258849e-01
4.485809928972459004e-01
4.485782212531342905e-01
4.485717989304747189e-01
4.485653766999187497e-01
4.485011594596599038e-01
4.484369514283095270e-01
4.483727526045467315e-01
4.477312705005084270e-01
4.470907076985126682e-01
4.464510628865844821e-01
4.458123347491474431e-01
4.394751824173030452e-01
4.332282642439958531e-01
4.270702954952360630e-01
4.210000095853417279e-01
4.150161580002587614e-01
3.727307892124635536e-01
3.347616911731735034e-01
3.006682301364833609e-01
2.700548091344497359e-01
2.425662119747387102e-01
2.178834728607643434e-01
1.957201865276025632e-01
1.758191816961890974e-01
1.579495376527142447e-01
1.419039048300420047e-01
1.274960986702756705e-01
1.145589392713769472e-01
1.029423114922692895e-01
9.251142307923947150e-02
8.314524059565103764e-02
7.473508500046203984e-02
6.718337058286258379e-02
6.040247261906480508e-02
5.431371061212506707e-02
4.884643531682068829e-02
4.393720895575319030e-02
3.952906911426995462e-02
3.557086777275059175e-02
3.201667780666830193e-02
2.882526006770488869e-02
2.595958486215458813e-02
2.338640227405479333e-02
2.107585634725561013e-02
1.900113864956035070e-02
1.713817719904222117e-02
1.546535714296994393e-02
1.396326994821909043e-02
1.261448819288082425e-02
1.140336334584549430e-02
1.031584418788094974e-02
9.339313767240856046e-03
8.462442997904910322e-03
7.675059201667050815e-03
6.968028068689750311e-03
6.333147666844709568e-03
5.763053269969268047e-03
5.251131900705952558e-03
4.791445596316509271e-03
4.378662507079446320e-03
4.007995027766102225e-03
3.675144244299106099e-03
3.376250050975809422e-03
3.107846359438094352e-03
2.866820879652427680e-03
2.650379006215702882e-03
2.456011390938872118e-03
2.281464825434372738e-03
2.124716095841234706e-03
1.983948506309186118e-03
1.857530700926804910e-03
1.743997727110345192e-03
1.642034721867821926e-03
1.550460711419377434e-03
1.468215236775863167e-03
1.394346098480780255e-03
1.327998289484371526e-03
1.268404077567857838e-03
1.214874096646472628e-03
1.166789347359586081e-03
1.123594014471548420e-03
1.084789017370173725e-03
1.049926218900644644e-03
1.018603225332778781e-03
9.904587171186141070e-04
9.651682562612437510e-04
9.424405216448602379e-04
9.220139286420032032e-04
9.036535937730870438e-04
8.871486091971254005e-04
8.723101039189894634e-04
8.589676675568246825e-04
8.469683006084096103e-04
8.361749446061263582e-04
8.264645105280520780e-04
8.177264690668367610e-04
8.098615734363530253e-04
8.027807068801102270e-04
7.964038487141112494e-04
7.906591459132283114e-04
7.854820794415998900e-04
7.808147156771533997e-04
7.766050342428610243e-04
7.728063244457548898e-04
7.693766433210137571e-04
7.662783289931306011e-04
7.634750545626956203e-04
7.609395232281590147e-04
7.586443564682692322e-04
7.565649757380832558e-04
7.546793400467284758e-04
7.529676603494802863e-04
7.514121692432132156e-04
7.499969145111144665e-04
7.487075736773157611e-04
7.475312875058236824e-04
7.464565105101171952e-04
7.454728767352852359e-04
7.445710792523925958e-04
7.437427619641814565e-04
7.429804224643306266e-04
7.422773248209988285e-04
7.416274212707495324e-04
7.410252819125321376e-04
7.404660315844080031e-04
7.399452931892004474e-04
7.394591368102188976e-04
7.390040340255272155e-04
7.385768168896432884e-04
7.381746411058336468e-04
7.377949529608734654e-04
7.374354596378796672e-04
7.370941025621058221e-04
7.367690334698350505e-04
7.364585929221708358e-04
7.361612910139434538e-04
7.358757900534705458e-04
7.356008890118244338e-04
7.353355095608216443e-04
7.350786835374283849e-04
7.348295416888513207e-04
7.345873035674748471e-04
7.343512684581718743e-04
7.341208072325160726e-04
7.338953550352011416e-04
7.336744047176436447e-04
7.334575009424348533e-04
7.332442348901057130e-04
7.330342395066706020e-04
7.328271852366988323e-04
7.326227761923141376e-04
7.324207467135836636e-04
7.322208582803122791e-04
7.320228967393378749e-04
7.318266698151002858e-04
7.316320048745385621e-04
7.314387469203347718e-04
7.312467567891775067e-04
7.310559095340965702e-04
7.308660929720662896e-04
7.306772063799897013e-04
7.304891593238662393e-04
7.303018585145360864e-04
7.301152414273110163e-04
7.299292458232984953e-04
7.297438302949942534e-04
7.295589285990926364e-04
7.293744852131714808e-04
7.291904571395648122e-04
7.290068021538297213e-04
7.288234894009127784e-04
7.286404915850550144e-04
7.284577821160177378e-04
7.282753364030384712e-04
7.280931321233519420e-04
7.279111491538097769e-04
7.277293694023033270e-04
7.275477766193104651e-04
7.273663562158862303e-04
7.271850950958436187e-04
7.270039815035894953e-04
7.268230048870173623e-04
7.266421557742675083e-04
7.264614256630520838e-04
7.262808069213018500e-04
7.261002926979849125e-04
7.259198768430648449e-04
7.257395538356600437e-04
7.255593187195650325e-04
7.253791670453801953e-04
7.251990948185720954e-04
7.250190984528575525e-04
7.248391747283633056e-04
7.246593207540753204e-04
7.244795339341371246e-04
7.242998119375985066e-04
7.241201526712694788e-04
7.239405542553519661e-04
7.237610150015715569e-04
7.235815333935488895e-04
7.234021080691840780e-04
7.232227378048451411e-04
7.230434215011773136e-04
7.228641581703671402e-04
7.226849469247114072e-04
7.225057869663574451e-04
7.223266775780954338e-04
7.221476181150934207e-04
7.219686079974810527e-04
7.217896467036907316e-04
7.216107337644844192e-04
7.214318688799485927e-04
7.212530515695259265e-04
7.210742814331495051e-04
7.208955581622114800e-04
7.207168814523967930e-04
7.205382510797324769e-04
7.203596668449033583e-04
7.201811285529002805e-04
7.200026360223873946e-04
7.198241890876944885e-04
7.196457876418970020e-04
7.194674315139340699e-04
7.192891205596413894e-04
7.191108546661432142e-04
7.189326337209487987e-04
7.187544576411761992e-04
7.185763263528813097e-04
7.183982397830123226e-04
7.182201978628824281e-04
7.180422005290048671e-04
7.178642477400565746e-04
7.176863394295382274e-04
7.175084755400838211e-04
7.173306560258011378e-04
7.171528808400725197e-04
7.169751499479620456e-04
7.167974633176972792e-04
7.166198209174328175e-04
7.164422227166837142e-04
7.162646686866925910e-04
7.160871588082925966e-04
7.159096930503921737e-04
7.157322713854265663e-04
7.155548937905034960e-04
7.153775602415118244e-04
7.152002707198429560e-04
7.150230252080694250e-04
7.148458236883713929e-04
7.146686661432694607e-04
7.144915525558324021e-04
7.143144829144395212e-04
7.141374572000602512e-04
7.139604753952821965e-04
7.137835374850518607e-04
7.136066434529317630e-04
7.134297932858807943e-04
7.132529869713665534e-04
7.130762244963544366e-04
7.128995058478058283e-04
7.127228310128281554e-04
7.125461999823791718e-04
7.123696127415499050e-04
7.121930692764003338e-04
7.120165695745605790e-04
7.118401136222219164e-04
7.116637014082540348e-04
7.114873329218043959e-04
7.113110081514835642e-04
7.111347270857798063e-04
7.109584897131915803e-04
7.107822960255662280e-04
7.106061460094171417e-04
7.104300396520046206e-04
7.102539769418892476e-04
7.100779578661768230e-04
7.099019824144027361e-04
7.097260505763024110e-04
7.095501623410628827e-04
7.093743176977090979e-04
7.091985166352306582e-04
7.090227591457891072e-04
7.088470452164026417e-04
7.086713748347597125e-04
7.084957479897548366e-04
7.083201646688252551e-04
7.081446248617493267e-04
7.079691285584786657e-04
7.077936757484135696e-04
7.076182664207786950e-04
7.074429005647477411e-04
7.072675781726027065e-04
7.070922992315538001e-04
7.069170637294545966e-04
7.067418716553311268e-04
7.065667229967539887e-04
7.063916177435998782e-04
7.062165558859105066e-04
7.060415374131757266e-04
7.058665623147058468e-04
7.056916305797549058e-04
7.055167422006578112e-04
7.053418971647106408e-04
7.051670954598434054e-04
7.049923370751443692e-04
7.048176219982495074e-04
7.046429502190860398e-04
7.044683217277419732e-04
7.042937365137549735e-04
7.041191945664814281e-04
7.039446958752204782e-04
7.037702404323376059e-04
7.035958282251787623e-04
7.034214592417192781e-04
7.032471334710868821e-04
7.030728509009592916e-04
7.028986115212976617e-04
7.027244153222218749e-04
7.025502622933028820e-04
7.023761524239303554e-04
7.022020857034357456e-04
7.020280621242076281e-04
7.018540816736295760e-04
7.016801443397119396e-04
7.015062501116133475e-04
7.013323989770463198e-04
7.011585909259994420e-04
7.009848259486198101e-04
7.008111040345064557e-04
7.006374251730781077e-04
7.004637893536941893e-04
7.002901965687635503e-04
7.001166468057032658e-04
6.999431400525553447e-04
6.997696762985061714e-04
6.995962555313004665e-04
6.994228777409526197e-04
6.992495429176345551e-04
6.990762510509721927e-04
6.989030021304110411e-04
6.987297961453380621e-04
6.985566330881807541e-04
6.983835129463885011e-04
6.982104357080332361e-04
6.980374013623288822e-04
6.978644098970507347e-04
6.976914613022380113e-04
6.975185555680880065e-04
6.973456926842519022e-04
6.971728726402020952e-04
6.970000954253514599e-04
6.968273610321470100e-04
6.966546694480691380e-04
6.964820206612195924e-04
6.963094146608390760e-04
6.961368514347334585e-04
6.959643309729665692e-04
6.957918532657598803e-04
6.956194183027909197e-04
6.954470260735575631e-04
6.952746765674994644e-04
6.951023697770820691e-04
6.949301056898168861e-04
6.947578842938354794e-04
6.945857055784050065e-04
6.944135695313614779e-04
6.942414761427935510e-04
6.940694254029468758e-04
6.938974173015246757e-04
6.937254518280504137e-04
6.935535289719905235e-04
6.933816487258286651e-04
6.932098110771076809e-04
6.930380160139880830e-04
6.928662635257639172e-04
6.926945536003012265e-04
6.925228862277133879e-04
6.923512613982701208e-04
6.921796791016998022e-04
6.920081393275524578e-04
6.918366420653201086e-04
6.916651873075053882e-04
6.914937750416817134e-04
6.913224052560389783e-04
6.911510779398976831e-04
6.909797930811541200e-04
6.908085506699459524e-04
6.906373506965668603e-04
6.904661931507712416e-04
6.902950780221343841e-04
6.901240053001745462e-04
6.899529749774130100e-04
6.897819870414537667e-04
6.896110414805160923e-04
6.894401382839469416e-04
6.892692774396724223e-04
6.890984589378548091e-04
6.889276827688118514e-04
6.887569489223227754e-04
6.885862573879894316e-04
6.884156081553556659e-04
6.882450012169609747e-04
6.880744365604405744e-04
6.879039141740425807e-04
6.877334340471405114e-04
6.875629961676902897e-04
6.873926005258783681e-04
6.872222471120465652e-04
6.870519359159995860e-04
6.868816669273646513e-04
6.867114401357117363e-04
6.865412555335989857e-04
6.863711131086919735e-04
6.862010128492679805e-04
6.860309547447268706e-04
6.858609387830541656e-04
6.856909649544609296e-04
6.855210332493128335e-04
6.853511436574397358e-04
6.851812961684944445e-04
6.850114907720728473e-04
6.848417274607514118e-04
6.846720062222265034e-04
6.845023270448041342e-04
6.843326899179106226e-04
6.841630948295611978e-04
6.839935417699909929e-04
6.838240307295895314e-04
6.836545616982119336e-04
6.834851346655368117e-04
6.833157496211855319e-04
6.831464065577532102e-04
6.829771054629662445e-04
6.828078463251601371e-04
6.826386291337866851e-04
6.824694538768912586e-04
6.823003205447332768e-04
6.821312291277258988e-04
6.819621796157493985e-04
6.817931719985078666e-04
6.816242062656483651e-04
6.814552824097842246e-04
6.812864004186725258e-04
6.811175602806772856e-04
6.809487619852767556e-04
6.807800055205459047e-04
6.806112908767678960e-04
6.804426180443797411e-04
6.802739870132869758e-04
6.801053977732190612e-04
6.799368503138486465e-04
6.797683446278074935e-04
6.795998807028824987e-04
6.794314585274671692e-04
6.792630780910655607e-04
6.790947393817819153e-04
6.789264423899235741e-04
6.787581871059516180e-04
6.785899735197958686e-04
6.784218016212116998e-04
6.782536713998972393e-04
6.780855828485023553e-04
6.779175359548446269e-04
6.777495307073456423e-04
6.775815670955358033e-04
6.774136451075487338e-04
6.772457647337158443e-04
6.770779259645217426e-04
6.769101287899212957e-04
6.767423731996950308e-04
6.765746591835666629e-04
6.764069867342043831e-04
6.762393558394555861e-04
6.760717664877710252e-04
6.759042186687065808e-04
6.757367123704253672e-04
6.755692475832829726e-04
6.754018242977870984e-04
6.752344425039178734e-04
6.750671021914808698e-04
6.748998033502256067e-04
6.747325459728381646e-04
6.745653300471961874e-04
6.743981555617786176e-04
6.742310225061674649e-04
6.740639308685553339e-04
6.738968806393214484e-04
6.737298718089971454e-04
6.735629043675871652e-04
6.733959783049224502e-04
6.732290936107777814e-04
6.730622502778572372e-04
6.728954482940687105e-04
6.727286876479197670e-04
6.725619683290181118e-04
6.723952903255854064e-04
6.722286536280246182e-04
6.720620582268908285e-04
6.718955041122133889e-04
6.717289912738485039e-04
6.715625197015961077e-04
6.713960893881784934e-04
6.712297003215333697e-04
6.710633524901968164e-04
6.708970458838021261e-04
6.708510966053762370e-04
