0.000000000000000000e+00
1.004303651293036873e-03
2.007216444436003226e-03
4.010260558793912918e-03
6.007743241872556123e-03
7.999667557058115150e-03
2.761392382969133155e-02
4.667619724535582160e-02
6.519053941771152383e-02
8.316156965700717552e-02
1.291071978045375546e-01
1.712308498837878667e-01
2.096691113405699247e-01
2.445720151181818292e-01
2.760998476247172317e-01
3.190236967147231928e-01
3.547599286412088659e-01
3.839595888663740464e-01
4.072608807394198505e-01
4.252759505903833115e-01
4.385840361157117839e-01
4.415816363768541586e-01
4.442554095797001668e-01
4.466169303025025461e-01
4.470527662260128654e-01
4.474766554746612557e-01
4.478886870085347915e-01
4.482889493480322618e-01
4.484457791327227105e-01
4.485690685363082908e-01
4.485739451697905444e-01
4.485788199481535177e-01
4.485801902774855798e-01
4.485807040033239490e-01
4.485812177085545249e-01
4.485785903512412576e-01
4.485721683677911797e-01
4.485657461432958071e-01
4.485015289636338776e-01
4.484373209928613768e-01
4.483731222296577501e-01
4.477316407301746848e-01
4.470910785308532809e-01
4.464514343197225621e-01
4.458127067812102107e-01
4.394755603365135266e-01
4.332286478675582142e-01
4.270706846443488858e-01
4.210004040851215157e-01
4.150165576796640554e-01
3.727312226855546418e-01
3.347621504641105084e-01
3.006687085390380987e-01
2.700553010356521733e-01
2.425667127015724844e-01
2.178839785467970858e-01
1.957206939969999560e-01
1.758196883630229468e-01
1.579500414336268421e-01
1.419044040685927266e-01
1.274965920714968559e-01
1.145594258452417302e-01
1.029427905049337955e-01
9.251189401106202359e-02
8.314570310511221196e-02
7.473553889321880861e-02
6.718381578526387565e-02
6.040290915554057810e-02
5.431413858593368144e-02
4.884685489370486910e-02
4.393762035011128386e-02
3.952947257749914872e-02
3.557126358346303363e-02
3.201706626251895477e-02
2.882564147860428375e-02
2.595995954466867248e-02
2.338677054682041651e-02
2.107621852726252951e-02
1.900149504917073018e-02
1.713852812363570594e-02
1.546570288911777204e-02
1.396361080230361720e-02
1.261482443008873043e-02
1.140369522947261988e-02
1.031617196889574040e-02
9.339637684060795447e-03
8.462763276347044089e-03
7.675376055039375214e-03
6.968341697995233085e-03
6.333458261073988092e-03
5.763361006461803146e-03
5.251436945562609933e-03
4.791748104849305641e-03
4.378962624286578294e-03
4.008292888822408140e-03
3.675439975053856629e-03
3.376543768451231546e-03
3.108138172323280084e-03
2.867110888788383573e-03
2.650667305068199649e-03
2.456298066056534796e-03
2.281749956890090185e-03
2.124999757655528405e-03
1.984230766854618890e-03
1.857811623312738891e-03
1.744277369548042798e-03
1.642313138016471361e-03
1.550737950711833209e-03
1.468491344725362125e-03
1.394621116969203822e-03
1.328272257032489826e-03
1.268677029588229175e-03
1.215146065679735153e-03
1.167060363294892579e-03
1.123864104751923308e-03
1.085058207183572238e-03
1.050194531357490730e-03
1.018870681630755807e-03
9.907253366954577815e-04
9.654340569362718184e-04
9.427055197499427993e-04
9.222781391426595338e-04
9.039170303803563920e-04
8.874112844708347513e-04
8.725720293653767279e-04
8.592288537124740527e-04
8.472287571211127664e-04
8.364346803110179638e-04
8.267235335160294431e-04
8.179847867475010300e-04
8.101191925958850818e-04
8.030376337344264162e-04
7.966600889576626668e-04
7.909147047637783527e-04
7.857369616812909024e-04
7.810689256901573365e-04
7.768585760498794091e-04
7.730592017356222251e-04
7.696288594796349891e-04
7.665298871299664439e-04
7.637259575157799183e-04
7.611897736283292646e-04
7.588939567361435018e-04
7.568139281023250880e-04
7.549276465613419728e-04
7.532153229093151766e-04
7.516591895981201976e-04
7.502432942788696572e-04
7.489533143554159486e-04
7.477763904822486585e-04
7.467009770731483989e-04
7.457167080824588781e-04
7.448142764986640267e-04
7.439853261493663706e-04
7.432223545598871809e-04
7.425186257362078115e-04
7.418680918583418077e-04
7.412653229738169194e-04
7.407054438739408891e-04
7.401840774190324070e-04
7.396972936537665484e-04
7.392415641210918183e-04
7.388137208436152152e-04
7.384109194956063908e-04
7.380306063374936481e-04
7.376704885284585209e-04
7.373285074720106877e-04
7.370028148846826830e-04
7.366917513096379140e-04
7.363938268254134828e-04
7.361077037255302734e-04
7.358321809676224637e-04
7.355661802113038850e-04
7.353087332824596563e-04
7.350589709182337459e-04
7.348161126618733266e-04
7.345794577899542347e-04
7.343483771665156945e-04
7.341223059294088972e-04
7.339007369238365183e-04
7.336832148067461232e-04
7.334693307535428749e-04
7.332587177055841779e-04
7.330510461032088958e-04
7.328460200546965068e-04
7.326433738966209655e-04
7.324428691056107535e-04
7.322442915256170736e-04
7.320474488784536058e-04
7.318521685286702525e-04
7.316582954767754735e-04
7.314656905574785407e-04
7.312742288220068802e-04
7.310837980856920359e-04
7.308942976239394358e-04
7.307056370014238357e-04
7.305177229274779438e-04
7.303304928764509790e-04
7.301438846084357028e-04
7.299578567152955385e-04
7.297723429526686021e-04
7.295872877971786323e-04
7.294026482504191444e-04
7.292183820871900226e-04
7.290344584518625593e-04
7.288508500481727641e-04
7.286675302853758401e-04
7.284844745722277070e-04
7.283016605855124979e-04
7.281190682016634459e-04
7.279366793281813724e-04
7.277544777151820268e-04
7.275724487733819601e-04
7.273905794062784490e-04
7.272088578579820458e-04
7.270272735761090224e-04
7.268458170885382661e-04
7.266644798927360304e-04
7.264832543564000815e-04
7.263021336282781066e-04
7.261211115581242114e-04
7.259401826248571910e-04
7.257593418720811830e-04
7.255785848502145337e-04
7.253979075645485995e-04
7.252173064286320404e-04
7.250367782224293985e-04
7.248563200547704062e-04
7.246759293296462607e-04
7.244956037159600579e-04
7.243153411203781533e-04
7.241351396629633688e-04
7.239549976553047916e-04
7.237749135808900286e-04
7.235948860774888726e-04
7.234149139213407560e-04
7.232349960129654714e-04
7.230551313644257476e-04
7.228753190878962898e-04
7.226955583854041904e-04
7.225158485396206923e-04
7.223361889055967492e-04
7.221565789033450224e-04
7.219770180111835306e-04
7.217975057597592016e-04
7.216180418490786069e-04
7.214386257984512808e-04
7.212592572076843237e-04
7.210799357680575637e-04
7.209006611751291992e-04
7.207214332048238062e-04
7.205422516577250549e-04
7.203631163387182960e-04
7.201840270663598022e-04
7.200049836748723510e-04
7.198259860572544036e-04
7.196470340423179179e-04
7.194681274857790037e-04
7.192892662746534944e-04
7.191104502963280212e-04
7.189316794678210021e-04
7.187529537150906447e-04
7.185742729649817083e-04
7.183956371487031914e-04
7.182170462026625166e-04
7.180385000854618092e-04
7.178599987304770625e-04
7.176815420802250701e-04
7.175031300887063862e-04
7.173247627091828985e-04
7.171464399066205652e-04
7.169681616491500225e-04
7.167899279048241690e-04
7.166117386430544091e-04
7.164335938349790638e-04
7.162554934613567974e-04
7.160774374909733208e-04
7.158994258961467842e-04
7.157214586538791995e-04
7.155435357399395156e-04
7.153656571356214501e-04
7.151878228234020193e-04
7.150100327853595780e-04
7.148322870039119448e-04
7.146545854620246774e-04
7.144769281480027037e-04
7.142993150426929418e-04
7.141217461285668784e-04
7.139442213904658493e-04
7.137667408118328945e-04
7.135893043795305197e-04
7.134119120809297209e-04
7.132345639028960394e-04
7.130572598322875355e-04
7.128799998561088534e-04
7.127027839652440213e-04
7.125256121446622024e-04
7.123484843803076913e-04
7.121714006597052241e-04
7.119943609689281154e-04
7.118173652967488014e-04
7.116404136322195505e-04
7.114635059638506386e-04
7.112866422800279836e-04
7.111098225691474782e-04
7.109330468229829551e-04
7.107563150279261593e-04
7.105796271711221392e-04
7.104029832410269606e-04
7.102263832246281374e-04
7.100498271113647817e-04
7.098733148908771247e-04
7.096968465522524548e-04
7.095204220844134784e-04
7.093440414762476652e-04
7.091677047198432669e-04
7.089914118020974832e-04
7.088151627105838395e-04
7.086389574340925526e-04
7.084627959599430107e-04
7.082866782778174039e-04
7.081106043775728040e-04
7.079345742485097619e-04
7.077585878797515613e-04
7.075826452603699865e-04
7.074067463825734186e-04
7.072308912334518286e-04
7.070550798007444078e-04
7.068793120733729953e-04
7.067035880387906614e-04
7.065279076867788006e-04
7.063522710072844737e-04
7.061766779896982201e-04
7.060011286232290842e-04
7.058256228970292978e-04
7.056501608033611270e-04
7.054747423294008453e-04
7.052993674629635381e-04
7.051240361930343620e-04
7.049487485071320898e-04
7.047735043950883148e-04
7.045983038468974771e-04
7.044231468519979297e-04
7.042480333996453375e-04
7.040729634790371437e-04
7.038979370824664057e-04
7.037229541971597039e-04
7.035480148109779855e-04
7.033731189129459804e-04
7.031982664906249623e-04
7.030234575338804599e-04
7.028486920327391141e-04
7.026739699766728882e-04
7.024992913549710574e-04
7.023246561568640247e-04
7.021500643746678323e-04
7.019755159956470080e-04
7.018010110076980607e-04
7.016265493998771622e-04
7.014521311597800637e-04
7.012777562773010254e-04
7.011034247424933596e-04
7.009291365448579777e-04
7.007548916737129947e-04
7.005806901183177617e-04
7.004065318710085957e-04
7.002324169190838514e-04
7.000583452504720219e-04
6.998843168542574680e-04
6.997103317180685756e-04
6.995363898318253002e-04
6.993624911856068669e-04
6.991886357689407498e-04
6.990148235711726027e-04
6.988410545815890986e-04
6.986673287925460702e-04
6.984936461913739646e-04
6.983200067660322828e-04
6.981464105056325994e-04
6.979728573978345252e-04
6.977993474325833861e-04
6.976258805999834521e-04
6.974524568895884352e-04
6.972790762907707688e-04
6.971057387928436891e-04
6.969324443881825442e-04
6.967591930641493314e-04
6.965859848087335845e-04
6.964128196110740913e-04
6.962396974588614708e-04
6.960666183420658772e-04
6.958935822508164086e-04
6.957205891746927979e-04
6.955476391030937164e-04
6.953747320253595050e-04
6.952018679338839435e-04
6.950290468160609048e-04
6.948562686599094127e-04
6.946835334545957939e-04
6.945108411878411336e-04
6.943381918496403056e-04
6.941655854301469111e-04
6.939930219189669207e-04
6.938205013055252432e-04
6.936480235791885659e-04
6.934755887323697503e-04
6.933031967524940029e-04
6.931308476276100547e-04
6.929585413469110120e-04
6.927862778981484261e-04
6.926140572713425413e-04
6.924418794566710280e-04
6.922697444437655523e-04
6.920976522220775862e-04
6.919256027810000544e-04
6.917535961129647921e-04
6.915816322054281224e-04
6.914097110464684833e-04
6.912378326253060864e-04
6.910659969297225152e-04
6.908942039497629507e-04
6.907224536756294579e-04
6.905507460969797237e-04
6.903790812032909157e-04
6.902074589839824132e-04
6.900358794315051333e-04
6.898643425333464071e-04
6.896928482776142717e-04
6.895213966535553929e-04
6.893499876489822542e-04
6.891786212539643226e-04
6.890072974587284913e-04
6.888360162529573840e-04
6.886647776261549479e-04
6.884935815677668000e-04
6.883224280702620722e-04
6.881513171211597543e-04
6.879802487085972650e-04
6.878092228218477249e-04
6.876382394487540834e-04
6.874672985794106359e-04
6.872964002040679110e-04
6.871255443124348787e-04
6.869547308940410733e-04
6.867839599383584580e-04
6.866132314378751381e-04
6.864425453801405695e-04
6.862719017533218781e-04
6.861013005467190727e-04
6.859307417482050266e-04
6.857602253478984299e-04
6.855897513360745309e-04
6.854193197024674531e-04
6.852489304366329685e-04
6.850785835280691696e-04
6.849082789692825931e-04
6.847380167478537031e-04
6.845677968519791158e-04
6.843976192709854030e-04
6.842274839927754704e-04
6.840573910074927277e-04
6.838873403054361675e-04
6.837173318763656088e-04
6.835473657098630612e-04
6.833774417954522045e-04
6.832075601256585489e-04
6.830377206880932413e-04
6.828679234709821716e-04
6.826981684636785827e-04
6.825284556541150877e-04
6.823587850324598159e-04
6.821891565890359378e-04
6.820195703136286425e-04
6.818500261958455270e-04
6.816805242252367255e-04
6.815110643943458543e-04
6.813416466908152856e-04
6.811722711028998572e-04
6.810029376199791583e-04
6.808336462300161596e-04
6.806643969232030597e-04
6.804951896898872067e-04
6.803260245198791602e-04
6.801569014028122128e-04
6.799878203282621941e-04
6.798187812887920194e-04
6.796497842720739847e-04
6.794808292663925267e-04
6.793119162611535805e-04
6.791430452443496073e-04
6.789742162061976338e-04
6.788054291370687523e-04
6.786366840267987841e-04
6.784679808650469343e-04
6.782993196414150534e-04
6.781307003484838376e-04
6.779621229739569164e-04
6.777935875061474576e-04
6.776250939344877428e-04
6.774566422470002652e-04
6.772882324339259043e-04
6.771198644856601468e-04
6.769515383920637506e-04
6.767832541428218333e-04
6.766150117275617241e-04
6.764468111388829844e-04
6.762786523645193844e-04
6.761105353928133655e-04
6.759424602132232300e-04
6.757744268138013953e-04
6.756064351848130268e-04
6.754384853166771384e-04
6.752705771992799670e-04
6.751027108223320002e-04
6.749348861754866967e-04
6.747671032513616156e-04
6.745993620377212100e-04
6.744316625229367611e-04
6.742640046964928089e-04
6.740963885464713694e-04
6.739288140631617859e-04
6.737612812370070330e-04
6.735937900579182843e-04
6.734263405156317231e-04
6.732589325998262868e-04
6.730915663031380742e-04
6.729242416133617878e-04
6.727569585188974402e-04
6.725897170092561342e-04
6.724225170725489425e-04
6.722553586990898198e-04
6.720882418793451595e-04
6.719211666032512886e-04
6.717541328605698692e-04
6.715871406410053174e-04
6.714201899372122719e-04
6.712532807370154677e-04
6.710864130288440822e-04
6.709195868022349140e-04
6.708734939791396014e-04
