0.000000000000000000e+00
1.004302648312213912e-03
2.007214443149001222e-03
4.010256575034716262e-03
6.007737294269575694e-03
7.999659664175420501e-03
2.761389749134010238e-02
4.667615424762815851e-02
6.519048148393503939e-02
8.316149844851625228e-02
1.291070985284357986e-01
1.712307330893565738e-01
2.096689864660968017e-01
2.445718905506885366e-01
2.760997307647124477e-01
3.190236045600802761e-01
3.547598738422461095e-01
3.839595812403146513e-01
4.072609276311782711e-01
4.252760572078729262e-01
4.385842058365977958e-01
4.415818244138332571e-01
4.442556160471529680e-01
4.466171552846803783e-01
4.470529949187119767e-01
4.474768878798871530e-01
4.478889231280741567e-01
4.482891891834559495e-01
4.484460204548906814e-01
4.485693110450436616e-01
4.485741877255059462e-01
4.485790625508473406e-01
4.485804328933871155e-01
4.485809466241772459e-01
4.485814603343595275e-01
4.485791308452841131e-01
4.485727181087698634e-01
4.485662958972240211e-01
4.485020788470343578e-01
4.484378710056924899e-01
4.483736723718780848e-01
4.477321921640038394e-01
4.470916312521470148e-01
4.464519883243461829e-01
4.458132620650377964e-01
4.394761281874738357e-01
4.332292278830393584e-01
4.270712764306217601e-01
4.210010072571686579e-01
4.150171718610119465e-01
3.727319083186612647e-01
3.347628900290053333e-01
3.006694873351767883e-01
2.700561067882781829e-01
2.425675352196798307e-01
2.178848094257164469e-01
1.957215263598741928e-01
1.758205166364933680e-01
1.579508611533835816e-01
1.419052117110388422e-01
1.274973849082250976e-01
1.145602018174168568e-01
1.029435481150348664e-01
9.251263222974885625e-02
8.314642129125633663e-02
7.473623672538208529e-02
6.718449320312069872e-02
6.040356630992774201e-02
5.431477579637697395e-02
4.884747261241630112e-02
4.393821913157871378e-02
3.953005305290158145e-02
3.557182643924340637e-02
3.201761222253218103e-02
2.882617128933390171e-02
2.596047396307174168e-02
2.338727033041803835e-02
2.107670442614426043e-02
1.900196779962539523e-02
1.713898844315989156e-02
1.546615147258710750e-02
1.396404831912151888e-02
1.261525152215284620e-02
1.140411250982188013e-02
1.031658002092014810e-02
9.340037061173232097e-03
8.463154502030991941e-03
7.675759623199223010e-03
6.968718073546908628e-03
6.333827880723197704e-03
5.763724279625419625e-03
5.251794255395895138e-03
4.792099809347743523e-03
4.379309057436392080e-03
4.008634361778342162e-03
3.675776777326670002e-03
3.376876169090645141e-03
3.108466421084939754e-03
2.867435217275773104e-03
2.650987927842456127e-03
2.456615181708825604e-03
2.282063749072631154e-03
2.125310396068512669e-03
1.984538408187310442e-03
1.858116412137456692e-03
1.744579439167308430e-03
1.642612611264927889e-03
1.551034940710245991e-03
1.468785955589915152e-03
1.394913444477471984e-03
1.328562389247263473e-03
1.268965047440841556e-03
1.215432043514687527e-03
1.167344369377596282e-03
1.124146201741414502e-03
1.085338452572057449e-03
1.050472977878573466e-03
1.019147377638154883e-03
9.910003265139882833e-04
9.657073811868087908e-04
9.429772156500167320e-04
9.225482407842769883e-04
9.041855689865613754e-04
8.876782886324560782e-04
8.728375252647531390e-04
8.594928653157522152e-04
8.474913063634855999e-04
8.366957872710243434e-04
8.269832165721773942e-04
8.182430627223128772e-04
8.103760768883143135e-04
8.032931404414486807e-04
7.969142309858724856e-04
7.911674939317665366e-04
7.859884088135235579e-04
7.813190407030208605e-04
7.771073680305172742e-04
7.733066790141347128e-04
7.698750296951777919e-04
7.667747572912404731e-04
7.639695340125815266e-04
7.614320623780134909e-04
7.591349631767788531e-04
7.570536572344398760e-04
7.551661029873641198e-04
7.534525108689510333e-04
7.518951130006495650e-04
7.504779567326280623e-04
7.491867191946997720e-04
7.480085407918607128e-04
7.469318757107863780e-04
7.459463576991311011e-04
7.450426795573020450e-04
7.442124849417888289e-04
7.434482712222589135e-04
7.427433022631230869e-04
7.420915301156534756e-04
7.414875247103184727e-04
7.409264107320034628e-04
7.404038109442878960e-04
7.399157953039203284e-04
7.394588352739425892e-04
7.390297628043512477e-04
7.386257335034431210e-04
7.382441935717099727e-04
7.378828501138866552e-04
7.375396444840273983e-04
7.372127283537459157e-04
7.369004422254119653e-04
7.366012961405160034e-04
7.363139523589382887e-04
7.360372098077667957e-04
7.357699901188797294e-04
7.355113250929790113e-04
7.352603454443448457e-04
7.350162706954657286e-04
7.347784001040699427e-04
7.345461045170850745e-04
7.343188190568253728e-04
7.340960365543865249e-04
7.338773016539065731e-04
7.336622055191580581e-04
7.334503810809341355e-04
7.332414987699786965e-04
7.330352626858551010e-04
7.328314071572179659e-04
7.326296936535001397e-04
7.324299080121124839e-04
7.322318579489232393e-04
7.320353708230757173e-04
7.318402916301602196e-04
7.316464812004111907e-04
7.314538145809827089e-04
7.312621795834969374e-04
7.310714754799795207e-04
7.308816118320241289e-04
7.306924953457303792e-04
7.305040634932315983e-04
7.303162540323914279e-04
7.301290255535593113e-04
7.299423118099640506e-04
7.297560572761266828e-04
7.295702189519818939e-04
7.293847546106474282e-04
7.291996333952387470e-04
7.290148280083494359e-04
7.288303118581022488e-04
7.286460603521802875e-04
7.284620511663676169e-04
7.282782641761685258e-04
7.280946812882224369e-04
7.279112862518438741e-04
7.277280644770050839e-04
7.275450028665088028e-04
7.273620896638173386e-04
7.271793143159394849e-04
7.269966673501845975e-04
7.268141402634830089e-04
7.266317254230269217e-04
7.264494159770871909e-04
7.262672057749650512e-04
7.260850892951499535e-04
7.259030615808366406e-04
7.257211181820524956e-04
7.255392551037158008e-04
7.253574687590158034e-04
7.251757559275727027e-04
7.249941137178835980e-04
7.248125395336181120e-04
7.246310310433686083e-04
7.244495861534994922e-04
7.242682029837797667e-04
7.240868798455126149e-04
7.239056152219066785e-04
7.237244077504579893e-04
7.235432562071390490e-04
7.233621594922069482e-04
7.231811166174665923e-04
7.230001266948389831e-04
7.228191889261009794e-04
7.226383025936772763e-04
7.224574670523747737e-04
7.222766817219660905e-04
7.220959460805300703e-04
7.219152596584782608e-04
7.217346221556503747e-04
7.215540330910806674e-04
7.213734920643170064e-04
7.211929987664069839e-04
7.210125528926481561e-04
7.208321542187535709e-04
7.206518025450994909e-04
7.204714976763532336e-04
7.202912394308501115e-04
7.201110276425912908e-04
7.199308622044175900e-04
7.197507429448804332e-04
7.195706697194484067e-04
7.193906424149150826e-04
7.192106609184155570e-04
7.190307251467636593e-04
7.188508350257170193e-04
7.186709904819083266e-04
7.184911914463310402e-04
7.183114378551770434e-04
7.181317296668940711e-04
7.179520668146034375e-04
7.177724492405791832e-04
7.175928768986035043e-04
7.174133497416907649e-04
7.172338677346051534e-04
7.170544308452792221e-04
7.168750390415566187e-04
7.166956922926362439e-04
7.165163905694427226e-04
7.163371338525822800e-04
7.161579221105880081e-04
7.159787553155380147e-04
7.157996334442176881e-04
7.156205564721502968e-04
7.154415243804296319e-04
7.152625371513354931e-04
7.150835947667390441e-04
7.149046972088462506e-04
7.147258444604106002e-04
7.145470365095854494e-04
7.143682733369665066e-04
7.141895549247869509e-04
7.140108812576722534e-04
7.138322523188210750e-04
7.136536680948962113e-04
7.134751285730737188e-04
7.132966337400118394e-04
7.131181835823584064e-04
7.129397780869066448e-04
7.127614172443895533e-04
7.125831010395263865e-04
7.124048294580235651e-04
7.122266024871911532e-04
7.120484201128590620e-04
7.118702823236009933e-04
7.116921891082747097e-04
7.115141404551840552e-04
7.113361363525056965e-04
7.111581767884244320e-04
7.109802617545637159e-04
7.108023912370665769e-04
7.106245652228411654e-04
7.104467837001293088e-04
7.102690466556762020e-04
7.100913540787229814e-04
7.099137059587154810e-04
7.097361022845357498e-04
7.095585430448978935e-04
7.093810282284786130e-04
7.092035578272172991e-04
7.090261318277624354e-04
7.088487502174514081e-04
7.086714129848612799e-04
7.084941201170698788e-04
7.083168716035621783e-04
7.081396674340016120e-04
7.079625075974837079e-04
7.077853920829240168e-04
7.076083208791846381e-04
7.074312939783253089e-04
7.072543113671880431e-04
7.070773730332768686e-04
7.069004789653013376e-04
7.067236291504729604e-04
7.065468235783773244e-04
7.063700622387682855e-04
7.061933451208321196e-04
7.060166722135707883e-04
7.058400435059277063e-04
7.056634589900164954e-04
7.054869186527666647e-04
7.053104224817590036e-04
7.051339704657668154e-04
7.049575625920685056e-04
7.047811988503001855e-04
7.046048792302636327e-04
7.044286037211940207e-04
7.042523723121403654e-04
7.040761849920920516e-04
7.039000417531940347e-04
7.037239425824265643e-04
7.035478874674175927e-04
7.033718763969803219e-04
7.031959093584367422e-04
7.030199863414574426e-04
7.028441073358770519e-04
7.026682723309648961e-04
7.024924813158043603e-04
7.023167342794185480e-04
7.021410312139757248e-04
7.019653721064952803e-04
7.017897569446410536e-04
7.016141857172586644e-04
7.014386584117055564e-04
7.012631750176811585e-04
7.010877355250478551e-04
7.009123399231043539e-04
7.007369882009637473e-04
7.005616803476784121e-04
7.003864163554378644e-04
7.002111962112959713e-04
7.000360199029492065e-04
6.998608874192722464e-04
6.996857987476558195e-04
6.995107538778255925e-04
6.993357527996706211e-04
6.991607955025171519e-04
6.989858819755060326e-04
6.988110122077179380e-04
6.986361861913622249e-04
6.984614039135258285e-04
6.982866653619366646e-04
6.981119705254975986e-04
6.979373193916311264e-04
6.977627119500895859e-04
6.975881481907870779e-04
6.974136281030769539e-04
6.972391516761272754e-04
6.970647188990464725e-04
6.968903297640634178e-04
6.967159842582975725e-04
6.965416823695078606e-04
6.963674240866249030e-04
6.961932093971027460e-04
6.960190382907195314e-04
6.958449107574145136e-04
6.956708267865679323e-04
6.954967863673750623e-04
6.953227894889715474e-04
6.951488361436055589e-04
6.949749263184291925e-04
6.948010600012316214e-04
6.946272371809714390e-04
6.944534578451342418e-04
6.942797219835233251e-04
6.941060295861034221e-04
6.939323806422814439e-04
6.937587751412793366e-04
6.935852130722600659e-04
6.934116944274913187e-04
6.932382191941572833e-04
6.930647873600777071e-04
6.928913989142385056e-04
6.927180538441567170e-04
6.925447521396614408e-04
6.923714937907423468e-04
6.921982787868322584e-04
6.920251071171808774e-04
6.918519787709779493e-04
6.916788937405104597e-04
6.915058520129944725e-04
6.913328535762803097e-04
6.911598984193816422e-04
6.909869865298465166e-04
6.908141178975294025e-04
6.906412925124449063e-04
6.904685103640527399e-04
6.902957714416288427e-04
6.901230757343902820e-04
6.899504232346433423e-04
6.897778139296360713e-04
6.896052478072491488e-04
6.894327248565236760e-04
6.892602450650384908e-04
6.890878084226738668e-04
6.889154149194692388e-04
6.887430645449104478e-04
6.885707572883007551e-04
6.883984931388837910e-04
6.882262720889848135e-04
6.880540941258841796e-04
6.878819592374927098e-04
6.877098674128787189e-04
6.875378186396524866e-04
6.873658129077192232e-04
6.871938502071435169e-04
6.870219305274372296e-04
6.868500538579301855e-04
6.866782201878934453e-04
6.865064295096713490e-04
6.863346818105755870e-04
6.861629770785475542e-04
6.859913153026828874e-04
6.858196964706227659e-04
6.856481205722975538e-04
6.854765875977966673e-04
6.853050975366582059e-04
6.851336503782388824e-04
6.849622461118361032e-04
6.847908847298137241e-04
6.846195662195150942e-04
6.844482905689115325e-04
6.842770577671262143e-04
6.841058678018308936e-04
6.839347206629811963e-04
6.837636163406913669e-04
6.835925548245258511e-04
6.834215361038677074e-04
6.832505601680410141e-04
6.830796270094288171e-04
6.829087366154061242e-04
6.827378889739743953e-04
6.825670840742838023e-04
6.823963219040369991e-04
6.822256024532148732e-04
6.820549257119560638e-04
6.818842916698512543e-04
6.817137003163098495e-04
6.815431516406830325e-04
6.813726456353724975e-04
6.812021822877850196e-04
6.810317615859518741e-04
6.808613835190502296e-04
6.806910480748139649e-04
6.805207552432484706e-04
6.803505050145173226e-04
6.801802973782371167e-04
6.800101323238438205e-04
6.798400098407150717e-04
6.796699299212716466e-04
6.794998925529518704e-04
6.793298977238167256e-04
6.791599454230707027e-04
6.789900356384780383e-04
6.788201683600692763e-04
6.786503435780326041e-04
6.784805612820104213e-04
6.783108214614652588e-04
6.781411241058012086e-04
6.779714692074580206e-04
6.778018567539052450e-04
6.776322867332340051e-04
6.774627591346755713e-04
6.772932739460247546e-04
6.771238311573370356e-04
6.769544307588249961e-04
6.767850727401573821e-04
6.766157570908225283e-04
6.764464838002510897e-04
6.762772528609020065e-04
6.761080642602757288e-04
6.759389179864935208e-04
6.757698140288133240e-04
6.756007523750606324e-04
6.754317330153156466e-04
6.752627559398155597e-04
6.750938211382544879e-04
6.749249286001476542e-04
6.747560783149518428e-04
6.745872702751446424e-04
6.744185044682580532e-04
6.742497808824428297e-04
6.740810995069838017e-04
6.739124603297370376e-04
6.737438633408072411e-04
6.735753085304561081e-04
6.734067958884036673e-04
6.732383254041911626e-04
6.730698970673019413e-04
6.729015108702322400e-04
6.727331668005450674e-04
6.725648648464209933e-04
6.723966049971717360e-04
6.722283872406832877e-04
6.720602115670855055e-04
6.718920779666643717e-04
6.717239864291652852e-04
6.715559369441559444e-04
6.713879295011456090e-04
6.712199640926495977e-04
6.710520407062621441e-04
6.708841593301930915e-04
6.707163199537807211e-04
6.706699472519882591e-04
