0.000000000000000000e+00
1.040438020698561438e-03
2.080876041397122875e-03
4.161752082794245751e-03
6.242628124191369060e-03
8.323504165588491502e-03
2.913226457955971765e-02
4.994102499353094554e-02
7.074978540750218037e-02
9.155854582147340825e-02
1.478652791373532005e-01
2.041720124532329650e-01
2.604787457691127295e-01
3.167854790849924940e-01
3.730922124008722585e-01
4.611176216927956317e-01
5.491430309847189495e-01
6.371684402766423228e-01
7.251938495685656960e-01
8.132192588604890693e-01
9.012446681524124426e-01
9.262446681524124648e-01
9.512446681524124870e-01
9.762446681524125092e-01
9.812446681524125136e-01
9.862446681524125180e-01
9.912446681524125225e-01
9.962446681524125269e-01
9.982446681524125287e-01
9.998415509588202132e-01
9.999047386697019757e-01
9.999679263805837381e-01
9.999856907242694604e-01
9.999923507060919370e-01
9.999990106879144136e-01
1.000012330651559367e+00
1.000025650615204320e+00
1.000038970578849273e+00
1.000172170215297918e+00
1.000305369851746562e+00
1.000438569488195206e+00
1.001770565852682093e+00
1.003102562217168980e+00
1.004434558581655867e+00
1.005766554946142755e+00
1.019086518591012291e+00
1.032406482235881828e+00
1.045726445880751365e+00
1.059046409525620902e+00
1.072366373170490439e+00
1.172366373170490528e+00
1.272366373170490617e+00
1.372366373170490705e+00
1.472366373170490794e+00
1.572366373170490883e+00
1.672366373170490972e+00
1.772366373170491061e+00
1.872366373170491149e+00
1.972366373170491238e+00
2.072366373170491105e+00
2.172366373170491194e+00
2.272366373170491283e+00
2.372366373170491372e+00
2.472366373170491460e+00
2.572366373170491549e+00
2.672366373170491638e+00
2.772366373170491727e+00
2.872366373170491816e+00
2.972366373170491904e+00
3.072366373170491993e+00
3.172366373170492082e+00
3.272366373170492171e+00
3.372366373170492260e+00
3.472366373170492349e+00
3.572366373170492437e+00
3.672366373170492526e+00
3.772366373170492615e+00
3.872366373170492704e+00
3.972366373170492793e+00
4.072366373170492437e+00
4.172366373170492082e+00
4.272366373170491727e+00
4.372366373170491372e+00
4.472366373170491016e+00
4.572366373170490661e+00
4.672366373170490306e+00
4.772366373170489950e+00
4.872366373170489595e+00
4.972366373170489240e+00
5.072366373170488885e+00
5.172366373170488529e+00
5.272366373170488174e+00
5.372366373170487819e+00
5.472366373170487464e+00
5.572366373170487108e+00
5.672366373170486753e+00
5.772366373170486398e+00
5.872366373170486042e+00
5.972366373170485687e+00
6.072366373170485332e+00
6.172366373170484977e+00
6.272366373170484621e+00
6.372366373170484266e+00
6.472366373170483911e+00
6.572366373170483556e+00
6.672366373170483200e+00
6.772366373170482845e+00
6.872366373170482490e+00
6.972366373170482134e+00
7.072366373170481779e+00
7.172366373170481424e+00
7.272366373170481069e+00
7.372366373170480713e+00
7.472366373170480358e+00
7.572366373170480003e+00
7.672366373170479648e+00
7.772366373170479292e+00
7.872366373170478937e+00
7.972366373170478582e+00
8.072366373170478226e+00
8.172366373170477871e+00
8.272366373170477516e+00
8.372366373170477161e+00
8.472366373170476805e+00
8.572366373170476450e+00
8.672366373170476095e+00
8.772366373170475740e+00
8.872366373170475384e+00
8.972366373170475029e+00
9.072366373170474674e+00
9.172366373170474318e+00
9.272366373170473963e+00
9.372366373170473608e+00
9.472366373170473253e+00
9.572366373170472897e+00
9.672366373170472542e+00
9.772366373170472187e+00
9.872366373170471832e+00
9.972366373170471476e+00
1.007236637317047112e+01
1.017236637317047077e+01
1.027236637317047041e+01
1.037236637317047006e+01
1.047236637317046970e+01
1.057236637317046934e+01
1.067236637317046899e+01
1.077236637317046863e+01
1.087236637317046828e+01
1.097236637317046792e+01
1.107236637317046757e+01
1.117236637317046721e+01
1.127236637317046686e+01
1.137236637317046650e+01
1.147236637317046615e+01
1.157236637317046579e+01
1.167236637317046544e+01
1.177236637317046508e+01
1.187236637317046473e+01
1.197236637317046437e+01
1.207236637317046402e+01
1.217236637317046366e+01
1.227236637317046331e+01
1.237236637317046295e+01
1.247236637317046259e+01
1.257236637317046224e+01
1.267236637317046188e+01
1.277236637317046153e+01
1.287236637317046117e+01
1.297236637317046082e+01
1.307236637317046046e+01
1.317236637317046011e+01
1.327236637317045975e+01
1.337236637317045940e+01
1.347236637317045904e+01
1.357236637317045869e+01
1.367236637317045833e+01
1.377236637317045798e+01
1.387236637317045762e+01
1.397236637317045727e+01
1.407236637317045691e+01
1.417236637317045655e+01
1.427236637317045620e+01
1.437236637317045584e+01
1.447236637317045549e+01
1.457236637317045513e+01
1.467236637317045478e+01
1.477236637317045442e+01
1.487236637317045407e+01
1.497236637317045371e+01
1.507236637317045336e+01
1.517236637317045300e+01
1.527236637317045265e+01
1.537236637317045229e+01
1.547236637317045194e+01
1.557236637317045158e+01
1.567236637317045123e+01
1.577236637317045087e+01
1.587236637317045052e+01
1.597236637317045016e+01
1.607236637317044980e+01
1.617236637317045123e+01
1.627236637317045265e+01
1.637236637317045407e+01
1.647236637317045549e+01
1.657236637317045691e+01
1.667236637317045833e+01
1.677236637317045975e+01
1.687236637317046117e+01
1.697236637317046259e+01
1.707236637317046402e+01
1.717236637317046544e+01
1.727236637317046686e+01
1.737236637317046828e+01
1.747236637317046970e+01
1.757236637317047112e+01
1.767236637317047254e+01
1.777236637317047396e+01
1.787236637317047538e+01
1.797236637317047681e+01
1.807236637317047823e+01
1.817236637317047965e+01
1.827236637317048107e+01
1.837236637317048249e+01
1.847236637317048391e+01
1.857236637317048533e+01
1.867236637317048675e+01
1.877236637317048817e+01
1.887236637317048960e+01
1.897236637317049102e+01
1.907236637317049244e+01
1.917236637317049386e+01
1.927236637317049528e+01
1.937236637317049670e+01
1.947236637317049812e+01
1.957236637317049954e+01
1.967236637317050096e+01
1.977236637317050238e+01
1.987236637317050381e+01
1.997236637317050523e+01
2.007236637317050665e+01
2.017236637317050807e+01
2.027236637317050949e+01
2.037236637317051091e+01
2.047236637317051233e+01
2.057236637317051375e+01
2.067236637317051517e+01
2.077236637317051660e+01
2.087236637317051802e+01
2.097236637317051944e+01
2.107236637317052086e+01
2.117236637317052228e+01
2.127236637317052370e+01
2.137236637317052512e+01
2.147236637317052654e+01
2.157236637317052796e+01
2.167236637317052939e+01
2.177236637317053081e+01
2.187236637317053223e+01
2.197236637317053365e+01
2.207236637317053507e+01
2.217236637317053649e+01
2.227236637317053791e+01
2.237236637317053933e+01
2.247236637317054075e+01
2.257236637317054218e+01
2.267236637317054360e+01
2.277236637317054502e+01
2.287236637317054644e+01
2.297236637317054786e+01
2.307236637317054928e+01
2.317236637317055070e+01
2.327236637317055212e+01
2.337236637317055354e+01
2.347236637317055497e+01
2.357236637317055639e+01
2.367236637317055781e+01
2.377236637317055923e+01
2.387236637317056065e+01
2.397236637317056207e+01
2.407236637317056349e+01
2.417236637317056491e+01
2.427236637317056633e+01
2.437236637317056775e+01
2.447236637317056918e+01
2.457236637317057060e+01
2.467236637317057202e+01
2.477236637317057344e+01
2.487236637317057486e+01
2.497236637317057628e+01
2.507236637317057770e+01
2.517236637317057912e+01
2.527236637317058054e+01
2.537236637317058197e+01
2.547236637317058339e+01
2.557236637317058481e+01
2.567236637317058623e+01
2.577236637317058765e+01
2.587236637317058907e+01
2.597236637317059049e+01
2.607236637317059191e+01
2.617236637317059333e+01
2.627236637317059476e+01
2.637236637317059618e+01
2.647236637317059760e+01
2.657236637317059902e+01
2.667236637317060044e+01
2.677236637317060186e+01
2.687236637317060328e+01
2.697236637317060470e+01
2.707236637317060612e+01
2.717236637317060755e+01
2.727236637317060897e+01
2.737236637317061039e+01
2.747236637317061181e+01
2.757236637317061323e+01
2.767236637317061465e+01
2.777236637317061607e+01
2.787236637317061749e+01
2.797236637317061891e+01
2.807236637317062034e+01
2.817236637317062176e+01
2.827236637317062318e+01
2.837236637317062460e+01
2.847236637317062602e+01
2.857236637317062744e+01
2.867236637317062886e+01
2.877236637317063028e+01
2.887236637317063170e+01
2.897236637317063312e+01
2.907236637317063455e+01
2.917236637317063597e+01
2.927236637317063739e+01
2.937236637317063881e+01
2.947236637317064023e+01
2.957236637317064165e+01
2.967236637317064307e+01
2.977236637317064449e+01
2.987236637317064591e+01
2.997236637317064734e+01
3.007236637317064876e+01
3.017236637317065018e+01
3.027236637317065160e+01
3.037236637317065302e+01
3.047236637317065444e+01
3.057236637317065586e+01
3.067236637317065728e+01
3.077236637317065870e+01
3.087236637317066013e+01
3.097236637317066155e+01
3.107236637317066297e+01
3.117236637317066439e+01
3.127236637317066581e+01
3.137236637317066723e+01
3.147236637317066865e+01
3.157236637317067007e+01
3.167236637317067149e+01
3.177236637317067292e+01
3.187236637317067434e+01
3.197236637317067576e+01
3.207236637317067363e+01
3.217236637317067505e+01
3.227236637317067647e+01
3.237236637317067789e+01
3.247236637317067931e+01
3.257236637317068073e+01
3.267236637317068215e+01
3.277236637317068357e+01
3.287236637317068499e+01
3.297236637317068642e+01
3.307236637317068784e+01
3.317236637317068926e+01
3.327236637317069068e+01
3.337236637317069210e+01
3.347236637317069352e+01
3.357236637317069494e+01
3.367236637317069636e+01
3.377236637317069778e+01
3.387236637317069921e+01
3.397236637317070063e+01
3.407236637317070205e+01
3.417236637317070347e+01
3.427236637317070489e+01
3.437236637317070631e+01
3.447236637317070773e+01
3.457236637317070915e+01
3.467236637317071057e+01
3.477236637317071200e+01
3.487236637317071342e+01
3.497236637317071484e+01
3.507236637317071626e+01
3.517236637317071768e+01
3.527236637317071910e+01
3.537236637317072052e+01
3.547236637317072194e+01
3.557236637317072336e+01
3.567236637317072478e+01
3.577236637317072621e+01
3.587236637317072763e+01
3.597236637317072905e+01
3.607236637317073047e+01
3.617236637317073189e+01
3.627236637317073331e+01
3.637236637317073473e+01
3.647236637317073615e+01
3.657236637317073757e+01
3.667236637317073900e+01
3.677236637317074042e+01
3.687236637317074184e+01
3.697236637317074326e+01
3.707236637317074468e+01
3.717236637317074610e+01
3.727236637317074752e+01
3.737236637317074894e+01
3.747236637317075036e+01
3.757236637317075179e+01
3.767236637317075321e+01
3.777236637317075463e+01
3.787236637317075605e+01
3.797236637317075747e+01
3.807236637317075889e+01
3.817236637317076031e+01
3.827236637317076173e+01
3.837236637317076315e+01
3.847236637317076458e+01
3.857236637317076600e+01
3.867236637317076742e+01
3.877236637317076884e+01
3.887236637317077026e+01
3.897236637317077168e+01
3.907236637317077310e+01
3.917236637317077452e+01
3.927236637317077594e+01
3.937236637317077736e+01
3.947236637317077879e+01
3.957236637317078021e+01
3.967236637317078163e+01
3.977236637317078305e+01
3.987236637317078447e+01
3.997236637317078589e+01
4.007236637317078731e+01
4.017236637317078873e+01
4.027236637317079015e+01
4.037236637317079158e+01
4.047236637317079300e+01
4.057236637317079442e+01
4.067236637317079584e+01
4.077236637317079726e+01
4.087236637317079868e+01
4.097236637317080010e+01
4.107236637317080152e+01
4.117236637317080294e+01
4.127236637317080437e+01
4.137236637317080579e+01
4.147236637317080721e+01
4.157236637317080863e+01
4.167236637317081005e+01
4.177236637317081147e+01
4.187236637317081289e+01
4.197236637317081431e+01
4.207236637317081573e+01
4.217236637317081716e+01
4.227236637317081858e+01
4.237236637317082000e+01
4.247236637317082142e+01
4.257236637317082284e+01
4.267236637317082426e+01
4.277236637317082568e+01
4.287236637317082710e+01
4.297236637317082852e+01
4.307236637317082995e+01
4.317236637317083137e+01
4.327236637317083279e+01
4.337236637317083421e+01
4.347236637317083563e+01
4.357236637317083705e+01
4.367236637317083847e+01
4.377236637317083989e+01
4.387236637317084131e+01
4.397236637317084273e+01
4.407236637317084416e+01
4.417236637317084558e+01
4.427236637317084700e+01
4.437236637317084842e+01
4.447236637317084984e+01
4.457236637317085126e+01
4.467236637317085268e+01
4.477236637317085410e+01
4.487236637317085552e+01
4.497236637317085695e+01
4.507236637317085837e+01
4.517236637317085979e+01
4.527236637317086121e+01
4.537236637317086263e+01
4.547236637317086405e+01
4.557236637317086547e+01
4.567236637317086689e+01
4.577236637317086831e+01
4.587236637317086974e+01
4.597236637317087116e+01
4.607236637317087258e+01
4.617236637317087400e+01
4.627236637317087542e+01
4.637236637317087684e+01
4.647236637317087826e+01
4.657236637317087968e+01
4.667236637317088110e+01
4.677236637317088253e+01
4.687236637317088395e+01
4.697236637317088537e+01
4.707236637317088679e+01
4.717236637317088821e+01
4.727236637317088963e+01
4.737236637317089105e+01
4.747236637317089247e+01
4.757236637317089389e+01
4.767236637317089532e+01
4.777236637317089674e+01
4.787236637317089816e+01
4.797236637317089958e+01
4.807236637317090100e+01
4.817236637317090242e+01
4.827236637317090384e+01
4.837236637317090526e+01
4.847236637317090668e+01
4.857236637317090810e+01
4.867236637317090953e+01
4.877236637317091095e+01
4.887236637317091237e+01
4.897236637317091379e+01
4.907236637317091521e+01
4.917236637317091663e+01
4.927236637317091805e+01
4.937236637317091947e+01
4.947236637317092089e+01
4.957236637317092232e+01
4.967236637317092374e+01
4.977236637317092516e+01
4.987236637317092658e+01
4.997236637317092800e+01
5.000000000000000000e+01
