0.000000000000000000e+00
1.004304774511678234e-03
2.007218690035270526e-03
4.010265027225814322e-03
6.007749910630309602e-03
7.999676403713660428e-03
2.761395323853422026e-02
4.667624505958222619e-02
6.519060355724233535e-02
8.316164811750528796e-02
1.291073055493462685e-01
1.712309742080005415e-01
2.096692408932137597e-01
2.445721398281654191e-01
2.760999586208565670e-01
3.190237711362137740e-01
3.547599514096809736e-01
3.839595483393826170e-01
4.072607682696234854e-01
4.252757601167358459e-01
4.385837637899832608e-01
4.415813403705436402e-01
4.442550897732855941e-01
4.466165866128116169e-01
4.470524177527421261e-01
4.474763022161291071e-01
4.478883289633237563e-01
4.482885865149852100e-01
4.484454139817960483e-01
4.485687022435233540e-01
4.485735788164872950e-01
4.485784535458043343e-01
4.485798238609269850e-01
4.485803375803865678e-01
4.485808450751082588e-01
4.485778497057722469e-01
4.485714273734242030e-01
4.485650051331798727e-01
4.485007877960556222e-01
4.484365796678710936e-01
4.483723807473057876e-01
4.477308976769679982e-01
4.470903339118080244e-01
4.464506881398438987e-01
4.458119590454918679e-01
4.394747973146428954e-01
4.332278700468953359e-01
4.270698925015204428e-01
4.209995980862270004e-01
4.150157382804794959e-01
3.727303162453977636e-01
3.347611782013600878e-01
3.006676882643254944e-01
2.700542476272064785e-01
2.425656385182678454e-01
2.178828937873508176e-01
1.957196070122301235e-01
1.758186059268110613e-01
1.579489689778304229e-01
1.419033458864327191e-01
1.274955514934039691e-01
1.145584053906685690e-01
1.029417920132063291e-01
9.251091875396739994e-02
8.314475188358824709e-02
7.473461212021786926e-02
6.718291355660607755e-02
6.040203131034471012e-02
5.431328475801576461e-02
4.884602455515819203e-02
4.393681284812880200e-02
3.952868716536364624e-02
3.557049944651199946e-02
3.201632253978736048e-02
2.882491728075681908e-02
2.595925396875363791e-02
2.338608268830724701e-02
2.107554748976372266e-02
1.900083995219551194e-02
1.713788810867595061e-02
1.546507712432587146e-02
1.396299848598634222e-02
1.261422479321002571e-02
1.140310753733130185e-02
1.031559552212042360e-02
9.339071819043961997e-03
8.462207365222407240e-03
7.674829505291237870e-03
6.967803951775196694e-03
6.332928794288840250e-03
5.762839327686408025e-03
5.250922594823033591e-03
4.791240652313995783e-03
4.378461668897044683e-03
4.007798056889385480e-03
3.674950918840285286e-03
3.376060164759345228e-03
3.107659721099748518e-03
2.866637311758536526e-03
2.650198344407927835e-03
2.455833483108408027e-03
2.281289530928504866e-03
2.124543284704251932e-03
1.983778058558894990e-03
1.857362505867570911e-03
1.743831682682371945e-03
1.641870734031383988e-03
1.550298693576048024e-03
1.468055109224203044e-03
1.394187787905414814e-03
1.327841728477518503e-03
1.268249204182014984e-03
1.214720853976871935e-03
1.166637683154998599e-03
1.123443880772004170e-03
1.084640370170157110e-03
1.049779017836336608e-03
1.018457433391949671e-03
9.903143003717981320e-04
9.650251836128772871e-04
9.422987646031039718e-04
9.218734611060323998e-04
9.035143918366781313e-04
8.870106509674293002e-04
8.721733693452923732e-04
8.588321382833764145e-04
8.468339598326576510e-04
8.360417769453469669e-04
8.263325018995100598e-04
8.175956065775768578e-04
8.097318452818957511e-04
8.026521022514377301e-04
7.962763577123031962e-04
7.905327594711546255e-04
7.853567892521196806e-04
7.806905141273071417e-04
7.764819143535806783e-04
7.726842798166516646e-04
7.692556680798354240e-04
7.661584177495073689e-04
7.633562023992918532e-04
7.608217255887272977e-04
7.585276091628747079e-04
7.564492749111759303e-04
7.545646821469987123e-04
7.528540421028151160e-04
7.512995876280088381e-04
7.498853667357411072e-04
7.485970571595532835e-04
7.474217998541005537e-04
7.463480495063989570e-04
7.453654403194714256e-04
7.444646655080927730e-04
7.436373691057503134e-04
7.428760488250543042e-04
7.421739688423333427e-04
7.415250814925169846e-04
7.409239569639941526e-04
7.403657201761380076e-04
7.398459941056843153e-04
7.393608489031224884e-04
7.389067562075674880e-04
7.384805481290144169e-04
7.380793804211367498e-04
7.377006994165026749e-04
7.373422123398295190e-04
7.370018606541583334e-04
7.366777961300929834e-04
7.363683593599074399e-04
7.360720604667384372e-04
7.357875617846099418e-04
7.355136623079360642e-04
7.352492837297281824e-04
7.349934579061973092e-04
7.347453156020237628e-04
7.345040763854579361e-04
7.342690395557780999e-04
7.340395759976383900e-04
7.338151208676092904e-04
7.335951670278922487e-04
7.333792591508730020e-04
7.331669884259775071e-04
7.329579878072990749e-04
7.327519277467464155e-04
7.325485123631108892e-04
7.323474760025189224e-04
7.321485801502816129e-04
7.319516106582432636e-04
7.317563752553958405e-04
7.315627013128179860e-04
7.313704338369591542e-04
7.311794336679369429e-04
7.309895758619034409e-04
7.308007482386771631e-04
7.306128500777530396e-04
7.304257909473688398e-04
7.302394775610703730e-04
7.300538473958059077e-04
7.298688382144692417e-04
7.296844086105920600e-04
7.295004923426749895e-04
7.293170338899649958e-04
7.291339902560731862e-04
7.289513192178714634e-04
7.287689899213167658e-04
7.285869750715101133e-04
7.284052480790812606e-04
7.282237843540957352e-04
7.280425615745628187e-04
7.278615596180554575e-04
7.276807603931343890e-04
7.275001476509005771e-04
7.273197068029895428e-04
7.271394247537562748e-04
7.269592897481145025e-04
7.267792912344333677e-04
7.265994197413000672e-04
7.264196667668477471e-04
7.262400246794043120e-04
7.260604866283147359e-04
7.258810464638998372e-04
7.257016986656178014e-04
7.255224382775871117e-04
7.253432608507186675e-04
7.251641623907763203e-04
7.249851393117620352e-04
7.248061883940781552e-04
7.246273067469766009e-04
7.244484917748569884e-04
7.242697411470193402e-04
7.240910527705155539e-04
7.239124247657836939e-04
7.237338554447793077e-04
7.235553432913485478e-04
7.233768869436114045e-04
7.231984851781517610e-04
7.230201368958275726e-04
7.228418411090336594e-04
7.226635969302725891e-04
7.224854035618944381e-04
7.223072602868892047e-04
7.221291664606231285e-04
7.219511215034209043e-04
7.217731248939093314e-04
7.215951761630424923e-04
7.214172750110419557e-04
7.212394209575739585e-04
7.210616136027831130e-04
7.208838526382505473e-04
7.207061377598742487e-04
7.205284687438538553e-04
7.203508453910431120e-04
7.201732675066107800e-04
7.199957349094012046e-04
7.198182474339258861e-04
7.196408049733882002e-04
7.194634073569397851e-04
7.192860544406186503e-04
7.191087461117307619e-04
7.189314822579909387e-04
7.187542627966844212e-04
7.185770876540312517e-04
7.183999567571527694e-04
7.182228700375379140e-04
7.180458274318768678e-04
7.178688288989723337e-04
7.176918743725333718e-04
7.175149637953922785e-04
7.173380971218355122e-04
7.171612743054478359e-04
7.169844953114583438e-04
7.168077601082563626e-04
7.166310686641680101e-04
7.164544209488818123e-04
7.162778169338155981e-04
7.161012565999266572e-04
7.159247399163305150e-04
7.157482668556585477e-04
7.155718373951958523e-04
7.153954515110319762e-04
7.152191091847219300e-04
7.150428103989996858e-04
7.148665551362149741e-04
7.146903433790613262e-04
7.145141751107815303e-04
7.143380503198788149e-04
7.141619689875276355e-04
7.139859310965111869e-04
7.138099366319522639e-04
7.136339855776134208e-04
7.134580779206163960e-04
7.132822136485889248e-04
7.131063927486660809e-04
7.129306152079806615e-04
7.127548810138138909e-04
7.125791901572463630e-04
7.124035426235739111e-04
7.122279383990510202e-04
7.120523774714832346e-04
7.118768598272615404e-04
7.117013854554174977e-04
7.115259543452581627e-04
7.113505664855632356e-04
7.111752218649919615e-04
7.109999204722155120e-04
7.108246622992039606e-04
7.106494473326744211e-04
7.104742755600813734e-04
7.102991469701602821e-04
7.101240615502154652e-04
7.099490192899441830e-04
7.097740201792406955e-04
7.095990642074604142e-04
7.094241513637988307e-04
7.092492816374172844e-04
7.090744550206001589e-04
7.088996715005688306e-04
7.087249310652047381e-04
7.085502337035768467e-04
7.083755794033205896e-04
7.082009681543751127e-04
7.080263999468505405e-04
7.078518747703146799e-04
7.076773926141629494e-04
7.075029534677400268e-04
7.073285573234498833e-04
7.071542041687054738e-04
7.069798939915523852e-04
7.068056267811910964e-04
7.066314025253890964e-04
7.064572212141839768e-04
7.062830828377752003e-04
7.061089873858198036e-04
7.059349348477976646e-04
7.057609252131333668e-04
7.055869584742837904e-04
7.054130346187468918e-04
7.052391536346444773e-04
7.050653155112379580e-04
7.048915202363598750e-04
7.047177678000976931e-04
7.045440581926969538e-04
7.043703914038614228e-04
7.041967674231170565e-04
7.040231862399328909e-04
7.038496478467955132e-04
7.036761522312526447e-04
7.035026993814703271e-04
7.033292892867492197e-04
7.031559219349631717e-04
7.029825973162323908e-04
7.028093154208341856e-04
7.026360762385049563e-04
7.024628797588032937e-04
7.022897259712303263e-04
7.021166148682950843e-04
7.019435464375820433e-04
7.017705206672920481e-04
7.015975375467558986e-04
7.014245970638810545e-04
7.012516992088158041e-04
7.010788439718630433e-04
7.009060313427874700e-04
7.007332613111757558e-04
7.005605338665564594e-04
7.003878490014588858e-04
7.002152067034998198e-04
7.000426069609112225e-04
6.998700497630514330e-04
6.996975350978594608e-04
6.995250629555080975e-04
6.993526333263257178e-04
6.991802462001028232e-04
6.990079015664519982e-04
6.988355994149289064e-04
6.986633397380813924e-04
6.984911225235579000e-04
6.983189477596196638e-04
6.981468154356514771e-04
6.979747255396228159e-04
6.978026780617309745e-04
6.976306729923282884e-04
6.974587103212307381e-04
6.972867900380770373e-04
6.971149121324484365e-04
6.969430765969114290e-04
6.967712834191450329e-04
6.965995325874396477e-04
6.964278240912065215e-04
6.962561579184446204e-04
6.960845340593756333e-04
6.959129525043759651e-04
6.957414132432863160e-04
6.955699162657712036e-04
6.953984615614378995e-04
6.952270491228707862e-04
6.950556789377796731e-04
6.948843509944834743e-04
6.947130652824201093e-04
6.945418217896178175e-04
6.943706205063222489e-04
6.941994614229336606e-04
6.940283445293181233e-04
6.938572698151651997e-04
6.936862372701078569e-04
6.935152468867490172e-04
6.933442986528286309e-04
6.931733925566944520e-04
6.930025285878098785e-04
6.928317067342333992e-04
6.926609269862346249e-04
6.924901893342369063e-04
6.923194937681316843e-04
6.921488402776341088e-04
6.919782288524023005e-04
6.918076594850575047e-04
6.916371321633697040e-04
6.914666468757156006e-04
6.912962036115847218e-04
6.911258023590646131e-04
6.909554431084487377e-04
6.907851258501845155e-04
6.906148505741878905e-04
6.904446172701993829e-04
6.902744259279027005e-04
6.901042765399373032e-04
6.899341690941030976e-04
6.897641035788057342e-04
6.895940799835602189e-04
6.894240982964834792e-04
6.892541585078931559e-04
6.890842606082600878e-04
6.889144045875248302e-04
6.887445904354535988e-04
6.885748181417551466e-04
6.884050876990869313e-04
6.882353990952795424e-04
6.880657523187664942e-04
6.878961473590889221e-04
6.877265842043929185e-04
6.875570628450201937e-04
6.873875832714648965e-04
6.872181454736924107e-04
6.870487494414934549e-04
6.868793951646032367e-04
6.867100826356967776e-04
6.865408118426343746e-04
6.863715827738783816e-04
6.862023954189957380e-04
6.860332497661614844e-04
6.858641458057411835e-04
6.856950835282522947e-04
6.855260629236851382e-04
6.853570839818556946e-04
6.851881466925241080e-04
6.850192510483835064e-04
6.848503970373241104e-04
6.846815846478366803e-04
6.845128138695139594e-04
6.843440846905599366e-04
6.841753971013639184e-04
6.840067510924666746e-04
6.838381466538833537e-04
6.836695837754549815e-04
6.835010624469665301e-04
6.833325826611295591e-04
6.831641444058639961e-04
6.829957476696890076e-04
6.828273924422224904e-04
6.826590787116982488e-04
6.824908064685285746e-04
6.823225757032780900e-04
6.821543864059860128e-04
6.819862385665187389e-04
6.818181321746862858e-04
6.816500672232183190e-04
6.814820437000641482e-04
6.813140615937713458e-04
6.811461208939836127e-04
6.809782215889634846e-04
6.808103636691469973e-04
6.806425471251217581e-04
6.804747719469518129e-04
6.803070381245282777e-04
6.801393456476864316e-04
6.799716945091737212e-04
6.798040846969690548e-04
6.796365161996483027e-04
6.794689890068809695e-04
6.793015031069578888e-04
6.791340584903390572e-04
6.789666551476351754e-04
6.787992930689347925e-04
6.786319722441536357e-04
6.784646926631523545e-04
6.782974543186959596e-04
6.781302571987935001e-04
6.779631012920484933e-04
6.777959865881558145e-04
6.776289130754352451e-04
6.774618807443706344e-04
6.772948895855953428e-04
6.771279395892223140e-04
6.769610307451926455e-04
6.767941630433911646e-04
6.766273364766013133e-04
6.764605510328615227e-04
6.762938067008032825e-04
6.761271034701467298e-04
6.759604413292407028e-04
6.757938202685922525e-04
6.756272402788578331e-04
6.754607013501751078e-04
6.752942034725091351e-04
6.751277466357705464e-04
6.749613308327599140e-04
6.747949560515451592e-04
6.746286222807859612e-04
6.744623295102277188e-04
6.742960777282482185e-04
6.741298669253772795e-04
6.739636970922951000e-04
6.737975682191627621e-04
6.736314802959710198e-04
6.734654333126546821e-04
6.732994272620323193e-04
6.731334621322009092e-04
6.729675379118484286e-04
6.728016545907454299e-04
6.726358121572981056e-04
6.724700106020599106e-04
6.723042499157335945e-04
6.721385300885049591e-04
6.719728511103890446e-04
6.718072129713454884e-04
6.716416156642105329e-04
6.714760591771107550e-04
6.713105434987616700e-04
6.711450686189592008e-04
6.710993491015834495e-04
