0.000000000000000000e+00
1.004302947518083628e-03
2.007215039356319546e-03
4.010257758548479816e-03
6.007739056309036214e-03
7.999661995993790839e-03
2.761390504708969781e-02
4.667616618963368186e-02
6.519049700740245368e-02
8.316151678099732714e-02
1.291071208364205081e-01
1.712307545515515950e-01
2.096690028289331931e-01
2.445718980930238207e-01
2.760997262607623459e-01
3.190235758412041100e-01
3.547598157155818499e-01
3.839594898934891032e-01
4.072608004416505834e-01
4.252758925685528602e-01
4.385840029981422084e-01
4.415816106924519979e-01
4.442553914552477834e-01
4.466169198483298519e-01
4.470527573177465186e-01
4.474766481159657139e-01
4.478886812029539977e-01
4.482889450989909208e-01
4.484457755072289720e-01
4.485690654087314821e-01
4.485739420619355156e-01
4.485788168600198245e-01
4.485801871948965625e-01
4.485807009228136022e-01
4.485812146301229597e-01
4.485787502180039743e-01
4.485723316728226218e-01
4.485659094553232085e-01
4.485016923456083826e-01
4.484374844447622244e-01
4.483732857514642345e-01
4.477318049498963393e-01
4.470912434464190399e-01
4.464515999290659676e-01
4.458128730822690233e-01
4.394757334422940698e-01
4.332288275767295915e-01
4.270708707599317200e-01
4.210005964144055701e-01
4.150167560341263551e-01
3.727314606567090349e-01
3.347624192411504662e-01
3.006690006966197259e-01
2.700556103425706400e-01
2.425670339543535836e-01
2.178843074248484057e-01
1.957210269365716460e-01
1.758200224477219076e-01
1.579503742993912940e-01
1.419047338213206555e-01
1.274969172157366659e-01
1.145597452225434881e-01
1.029431032406326468e-01
9.251219946841419961e-02
8.314600084583746720e-02
7.473582864361900946e-02
6.718409740719062662e-02
6.040318262157496482e-02
5.431440395822078465e-02
4.884711230595530779e-02
4.393786999234407936e-02
3.952971468315356202e-02
3.557149841855488520e-02
3.201729411655823698e-02
2.882586265702743317e-02
2.596017436257112149e-02
2.338697932380258762e-02
2.107642158322743306e-02
1.900169270093250359e-02
1.713872068221738293e-02
1.546589065763284525e-02
1.396379407433049474e-02
1.261500348845938195e-02
1.140387034540789497e-02
1.031634340142918022e-02
9.339805679701034674e-03
8.462928068936134349e-03
7.675537865770507007e-03
6.968500735558833328e-03
6.333614721905774306e-03
5.763515075070464906e-03
5.251588794918278513e-03
4.791897896816991152e-03
4.379110510091336651e-03
4.008439009535251854e-03
3.675584462089332045e-03
3.376686744069205826e-03
3.108279750128906723e-03
2.867251174225379264e-03
2.650806395901600040e-03
2.456436052841922887e-03
2.281886923427046531e-03
2.125135781423621775e-03
1.984365919430782031e-03
1.857945970769130616e-03
1.744410972830239166e-03
1.642446053302427673e-03
1.550870229750312291e-03
1.468623035154969277e-03
1.394752262618582667e-03
1.328402898202049858e-03
1.268807203314045121e-03
1.215275805980333291e-03
1.167189701401667983e-03
1.123993069323958680e-03
1.085186824507640251e-03
1.050322825534027657e-03
1.018998674746586855e-03
9.908530489840395705e-04
9.655615069262031428e-04
9.428327244024657487e-04
9.224051139788545144e-04
9.040437895987001081e-04
8.875378410557645129e-04
8.726983951899652640e-04
8.593550396267435245e-04
8.473547730371201346e-04
8.365605352830322817e-04
8.268492358125907517e-04
8.181103439177286451e-04
8.102446115304700377e-04
8.031629207216680211e-04
7.967852497349233289e-04
7.910397445647105591e-04
7.858618852791642148e-04
7.811937374375869199e-04
7.769832799152416722e-04
7.731838013364181065e-04
7.697533581130460269e-04
7.666542878008283848e-04
7.638502629418400134e-04
7.613139863081879073e-04
7.590180789460422789e-04
7.569379619154168468e-04
7.550515938659916118e-04
7.533391854254926738e-04
7.517829688923691059e-04
7.503669917779759663e-04
7.490769313588847584e-04
7.478999281736912292e-04
7.468244365306694584e-04
7.458400902881318984e-04
7.449375823471716647e-04
7.441085564558773055e-04
7.433455100672357006e-04
7.426417071214355637e-04
7.419910997386596103e-04
7.413882579120328192e-04
7.408283063834048823e-04
7.403068679681382635e-04
7.398200126700497708e-04
7.393642119949595144e-04
7.389362979317397589e-04
7.385334261240140974e-04
7.381530428043738337e-04
7.377928551067175576e-04
7.374508044115964242e-04
7.371250424146957121e-04
7.368139096402531035e-04
7.365159161496242406e-04
7.362297242207351683e-04
7.359541327970672148e-04
7.356880635253899934e-04
7.354305482199343172e-04
7.351807176072704727e-04
7.349377912210534793e-04
7.347010683291572584e-04
7.344699197877289096e-04
7.342437807274615046e-04
7.340221439870662752e-04
7.338045542176046534e-04
7.335906025891444915e-04
7.333799220382042914e-04
7.331721830007359095e-04
7.329670895810424039e-04
7.327643761120925404e-04
7.325638040672475572e-04
7.323651592874974841e-04
7.321682494919719503e-04
7.319729020427886675e-04
7.317789619382519123e-04
7.315862900110734228e-04
7.313947613106708745e-04
7.312042636507360641e-04
7.310146963051884121e-04
7.308259688373559869e-04
7.306379879551696231e-04
7.304506911320254176e-04
7.302640161270643106e-04
7.300779215315076611e-04
7.298923410999776876e-04
7.297072193082179735e-04
7.295225131571416973e-04
7.293381804208697071e-04
7.291541902432738037e-04
7.289705153276417873e-04
7.287871290827897591e-04
7.286040069170647863e-04
7.284211265068760849e-04
7.282384677283155810e-04
7.280560124885744481e-04
7.278737445374867596e-04
7.276916492855140623e-04
7.275097136359220474e-04
7.273279258326109317e-04
7.271462753230058425e-04
7.269647526348126283e-04
7.267833492653394661e-04
7.266020575821408988e-04
7.264208707338342926e-04
7.262397825700550331e-04
7.260587875696140371e-04
7.258778807760166716e-04
7.256970577395910772e-04
7.255163144655474034e-04
7.253356473673585247e-04
7.251550532249207868e-04
7.249745291470010384e-04
7.247940725375329055e-04
7.246136810653669002e-04
7.244333526371204805e-04
7.242530853728117992e-04
7.240728775839886354e-04
7.238927277541009741e-04
7.237126345208828295e-04
7.235325966605414333e-04
7.233526130735662201e-04
7.231726827719917299e-04
7.229928048679665382e-04
7.228129785634928011e-04
7.226332031412189931e-04
7.224534779561741669e-04
7.222738024283510347e-04
7.220941760360479909e-04
7.219145983098941826e-04
7.217350689498838213e-04
7.215555874753063837e-04
7.213761534859512974e-04
7.211967666730832120e-04
7.210174267322441710e-04
7.208381334393459570e-04
7.206588865949607476e-04
7.204796860039608831e-04
7.203005314848909268e-04
7.201214228719612963e-04
7.199423600581625381e-04
7.197633428722927324e-04
7.195843711700556289e-04
7.194054448384558939e-04
7.192265637648684491e-04
7.190477278663017380e-04
7.188689370687049692e-04
7.186901912989130357e-04
7.185114904881248531e-04
7.183328345727385197e-04
7.181542235113492221e-04
7.179756572373218945e-04
7.177971356931621633e-04
7.176186588328618008e-04
7.174402266096714187e-04
7.172618389885490608e-04
7.170834959376166896e-04
7.169051974249185302e-04
7.167269434198570962e-04
7.165487338935617101e-04
7.163705688267849644e-04
7.161924481883020534e-04
7.160143719504210441e-04
7.158363400901352749e-04
7.156583525832037199e-04
7.154804094109120738e-04
7.153025105557287875e-04
7.151246559997245181e-04
7.149468457253081938e-04
7.147690797154365901e-04
7.145913579584087802e-04
7.144136804350617077e-04
7.142360471278572098e-04
7.140584580216278402e-04
7.138809130998068813e-04
7.137034123492485985e-04
7.135259557573166156e-04
7.133485433108678001e-04
7.131711749967520808e-04
7.129938508019656451e-04
7.128165707173864498e-04
7.126393347279737916e-04
7.124621428196622076e-04
7.122849949799681937e-04
7.121078911949550901e-04
7.119308314533875264e-04
7.117538157443099650e-04
7.115768440562247671e-04
7.113999163775091769e-04
7.112230326965509556e-04
7.110461930051175392e-04
7.108693972895913484e-04
7.106926455371078907e-04
7.105159377361143416e-04
7.103392738735889991e-04
7.101626539389626269e-04
7.099860779218680838e-04
7.098095458113845265e-04
7.096330575964262047e-04
7.094566132658722398e-04
7.092802128118050288e-04
7.091038562211121219e-04
7.089275434813571784e-04
7.087512745813220666e-04
7.085750495083168506e-04
7.083988682520158059e-04
7.082227308022681980e-04
7.080466371483665547e-04
7.078705872794257030e-04
7.076945811845091871e-04
7.075186188558197503e-04
7.073427002804371722e-04
7.071668254460914283e-04
7.069909943416959009e-04
7.068152069546940110e-04
7.066394632748596721e-04
7.064637632921319218e-04
7.062881069958932764e-04
7.061124943753446489e-04
7.059369254196300311e-04
7.057614001210056175e-04
7.055859184666378155e-04
7.054104804443326032e-04
7.052350860430667886e-04
7.050597352503493870e-04
7.048844280560045104e-04
7.047091644500183593e-04
7.045339444218219139e-04
7.043587679606622739e-04
7.041836350557286427e-04
7.040085456993081144e-04
7.038334998786175117e-04
7.036584975815087829e-04
7.034835387969979844e-04
7.033086235126369571e-04
7.031337517182836405e-04
7.029589234039567607e-04
7.027841385591203664e-04
7.026093971730556012e-04
7.024346992349846282e-04
7.022600447372174181e-04
7.020854336670088493e-04
7.019108660122465402e-04
7.017363417619777721e-04
7.015618609037894060e-04
7.013874234275672449e-04
7.012130293233576625e-04
7.010386785806533303e-04
7.008643711887640147e-04
7.006901071369409355e-04
7.005158864175146634e-04
7.003417090177740121e-04
7.001675749256378251e-04
6.999934841301824404e-04
6.998194366190267027e-04
6.996454323820829784e-04
6.994714714094225775e-04
6.992975536905653849e-04
6.991236792148485977e-04
6.989498479715508658e-04
6.987760599530223838e-04
6.986023151465837328e-04
6.984286135401847643e-04
6.982549551229295720e-04
6.980813398824679003e-04
6.979077678087374859e-04
6.977342388918350092e-04
6.975607531213062675e-04
6.973873104865155629e-04
6.972139109767678915e-04
6.970405545844327467e-04
6.968672412968626934e-04
6.966939711020378326e-04
6.965207439890891460e-04
6.963475599456972779e-04
6.961744189618252268e-04
6.960013210275940677e-04
6.958282661325759441e-04
6.956552542661612873e-04
6.954822854176825235e-04
6.953093595795273611e-04
6.951364767390802403e-04
6.949636368843510777e-04
6.947908400044977431e-04
6.946180860872321061e-04
6.944453751225415595e-04
6.942727071005718982e-04
6.941000820109212866e-04
6.939274998430065020e-04
6.937549605861863169e-04
6.935824642328676298e-04
6.934100107704661061e-04
6.932376001870215864e-04
6.930652324717188287e-04
6.928929076122998434e-04
6.927206255987775020e-04
6.925483864213218856e-04
6.923761900695567456e-04
6.922040365329256394e-04
6.920319258008133601e-04
6.918598578656458883e-04
6.916878327148701143e-04
6.915158503365553691e-04
6.913439107199136242e-04
6.911720138527172475e-04
6.910001597250036137e-04
6.908283483269675234e-04
6.906565796482587493e-04
6.904848536783464354e-04
6.903131704066420467e-04
6.901415298255906454e-04
6.899699319226698050e-04
6.897983766859791055e-04
6.896268641047566478e-04
6.894553941668054827e-04
6.892839668621878130e-04
6.891125821811228342e-04
6.889412401132856889e-04
6.887699406481720844e-04
6.885986837752197231e-04
6.884274694868919905e-04
6.882562977706982270e-04
6.880851686147668525e-04
6.879140820083630729e-04
6.877430379393204051e-04
6.875720363977255549e-04
6.874010773738218954e-04
6.872301608573103734e-04
6.870592868377126084e-04
6.868884553044926492e-04
6.867176662501327461e-04
6.865469196621729227e-04
6.863762155287714143e-04
6.862055538392200981e-04
6.860349345813825236e-04
6.858643577453698995e-04
6.856938233214501018e-04
6.855233312993494477e-04
6.853528816686157944e-04
6.851824744187392114e-04
6.850121095422207059e-04
6.848417870266312012e-04
6.846715068601583144e-04
6.845012690321205942e-04
6.843310735304115140e-04
6.841609203451672191e-04
6.839908094666794381e-04
6.838207408847001836e-04
6.836507145888033338e-04
6.834807305685048706e-04
6.833107888163244496e-04
6.831408893198637850e-04
6.829710320673399847e-04
6.828012170480980518e-04
6.826314442500616003e-04
6.824617136633912787e-04
6.822920252784028848e-04
6.821223790848740184e-04
6.819527750724041449e-04
6.817832132305353754e-04
6.816136935518060137e-04
6.814442160238487825e-04
6.812747806349097376e-04
6.811053873743605535e-04
6.809360362301548767e-04
6.807667271924773165e-04
6.805974602516681737e-04
6.804282353975303101e-04
6.802590526196891033e-04
6.800899119077126855e-04
6.799208132541576834e-04
6.797517566466877194e-04
6.795827420735779060e-04
6.794137695242262638e-04
6.792448389866165802e-04
6.790759504509577505e-04
6.789071039076140365e-04
6.787382993464135617e-04
6.785695367570076164e-04
6.784008161289900281e-04
6.782321374549361804e-04
6.780635007225400534e-04
6.778949059201061413e-04
6.777263530370587026e-04
6.775578420614112316e-04
6.773893729833973436e-04
6.772209457934047190e-04
6.770525604812869603e-04
6.768842170367210531e-04
6.767159154493267376e-04
6.765476557116978287e-04
6.763794378115586640e-04
6.762112617372432284e-04
6.760431274782015840e-04
6.758750350224770409e-04
6.757069843603277174e-04
6.755389754821651462e-04
6.753710083778680833e-04
6.752030830371389932e-04
6.750351994496236368e-04
6.748673576079339351e-04
6.746995574998251258e-04
6.745317991136597080e-04
6.743640824389143069e-04
6.741964074636618313e-04
6.740287741781844687e-04
6.738611825729176044e-04
6.736936326377652561e-04
6.735261243624552589e-04
6.733586577366592859e-04
6.731912327530076897e-04
6.730238493992858487e-04
6.728565076638852102e-04
6.726892075363086372e-04
6.725219490046585287e-04
6.723547320592412500e-04
6.721875566905162556e-04
6.720204228884121746e-04
6.718533306426826461e-04
6.716862799430248221e-04
6.715192707820874865e-04
6.713523031476862669e-04
6.711853770282415589e-04
6.710184924132822464e-04
6.709723834594095559e-04
