0.000000000000000000e+00
1.004303184819526230e-03
2.007215512503374936e-03
4.010258698965827109e-03
6.007740458196460936e-03
7.999663853572260355e-03
2.761391114823704904e-02
4.667617597956324332e-02
6.519050995191240372e-02
8.316153236617337963e-02
1.291071411459738805e-01
1.712307763484501588e-01
2.096690232357740769e-01
2.445719145711733045e-01
2.760997365881233123e-01
3.190235727943794286e-01
3.547597955960383187e-01
3.839594498988561644e-01
4.072607385471898600e-01
4.252758074179566194e-01
4.385838938042315727e-01
4.415814945950737869e-01
4.442552684397160778e-01
4.466167899092058913e-01
4.470526259940277858e-01
4.474765154078521601e-01
4.478885471107127425e-01
4.482888096229551977e-01
4.484456394777837085e-01
4.485689289377131628e-01
4.485738055734358465e-01
4.485786803540394718e-01
4.485800506840015855e-01
4.485805644100762102e-01
4.485810781155430416e-01
4.485785200341763646e-01
4.485720990496643301e-01
4.485656768280938400e-01
4.485014596776766282e-01
4.484372517361412402e-01
4.483730530021672323e-01
4.477315717945635209e-01
4.470910098863666859e-01
4.464513659656072497e-01
4.458126387167145044e-01
4.394754951272126786e-01
4.332285854399854919e-01
4.270706249265582843e-01
4.210003470066592812e-01
4.150165031715408737e-01
3.727311854122380419e-01
3.347621271733229320e-01
3.006686964658038530e-01
2.700552978366130286e-01
2.425667163977254515e-01
2.178839874735364612e-01
1.957207067605467032e-01
1.758197038024798819e-01
1.579500585879567709e-01
1.419044221479112133e-01
1.274966104321437477e-01
1.145594439681580506e-01
1.029428079769297011e-01
9.251191050861053145e-02
8.314571838034838513e-02
7.473555276186297225e-02
6.718382811622192197e-02
6.040291986196481833e-02
5.431414761755463949e-02
4.884686223026729612e-02
4.393762599576922501e-02
3.952947655604244909e-02
3.557126593426408051e-02
3.201706703710227586e-02
2.882564073775409005e-02
2.595995735600028012e-02
2.338676698275098456e-02
2.107621366332490878e-02
1.900148896262147252e-02
1.713852089231482703e-02
1.546569459052328337e-02
1.396360151284896378e-02
1.261481422451534232e-02
1.140368418039371633e-02
1.031616014645068101e-02
9.339625155662159214e-03
8.462750106505132625e-03
7.675362305250942388e-03
6.968327426685181833e-03
6.333443523580359856e-03
5.763345855055839080e-03
5.251421429496883411e-03
4.791732270427982027e-03
4.378946514952779083e-03
4.008276545258464101e-03
3.675423435290904161e-03
3.376527067985199762e-03
3.108121344234823953e-03
2.867093963864746076e-03
2.650650311925366667e-03
2.456281031260338331e-03
2.281732905075222959e-03
2.124982711641616815e-03
1.984213747758720690e-03
1.857794650657750186e-03
1.744260461366723986e-03
1.642296310950997276e-03
1.550721220108407326e-03
1.468474724723972235e-03
1.394604620588615462e-03
1.328255896250451866e-03
1.268660815416982213e-03
1.215130008236954551e-03
1.167044471870207949e-03
1.123848387869179691e-03
1.085042672659007742e-03
1.050179186354017980e-03
1.018855532708534770e-03
9.907103898589507927e-04
9.654193176779749842e-04
9.426909930909780928e-04
9.222638296704162341e-04
9.039029422833594601e-04
8.873974215710142641e-04
8.725583951486543064e-04
8.592154513551224183e-04
8.472155895151613084e-04
8.364217500882886345e-04
8.267108430697488099e-04
8.179723382522169611e-04
8.101069880258174099e-04
8.030256748803505686e-04
7.966483774424333803e-04
7.909032420565957145e-04
7.857257491108054267e-04
7.810579644564998383e-04
7.768478672357005677e-04
7.730487463162174057e-04
7.696186583322272906e-04
7.665199410422133489e-04
7.637162671873016931e-04
7.611803396915433131e-04
7.588847797552480349e-04
7.568050085791308296e-04
7.549189849408863761e-04
7.532069195848739313e-04
7.516510449157865750e-04
7.502354085417384461e-04
7.489456878274063523e-04
7.477690233915951007e-04
7.466938696155869934e-04
7.457098604241366689e-04
7.448076887787925728e-04
7.439789984826432031e-04
7.432162870387034551e-04
7.425128184326616710e-04
7.418625448260737212e-04
7.412600362496824967e-04
7.407004174795338595e-04
7.401793113620739164e-04
7.396927879293689048e-04
7.392373187129101320e-04
7.388097357248953881e-04
7.384071946301393229e-04
7.380271416804835751e-04
7.376672840273130723e-04
7.373255630670596042e-04
7.370001305098312656e-04
7.366893268929623588e-04
7.363916622897008143e-04
7.361057989887700298e-04
7.358305359434537136e-04
7.355647948094211526e-04
7.353076074089816587e-04
7.350581044760389534e-04
7.348155055509048407e-04
7.345791099074957175e-04
7.343482884074431201e-04
7.341224761864188850e-04
7.339011660876529819e-04
7.336839027663089215e-04
7.334702773961784654e-04
7.332599229171601158e-04
7.330525097682753224e-04
7.328477420566130007e-04
7.326453541176726611e-04
7.324451074271137252e-04
7.322467878280129868e-04
7.320502030413968868e-04
7.318551804311059341e-04
7.316615649970102100e-04
7.314692175732456607e-04
7.312780132105242822e-04
7.310878397237158570e-04
7.308985963878116476e-04
7.307101927671151792e-04
7.305225355705802313e-04
7.303355622723019941e-04
7.301492106321244048e-04
7.299634392417448953e-04
7.297781818565437584e-04
7.295933829529244229e-04
7.294089995323186412e-04
7.292249893693717984e-04
7.290413216083456828e-04
7.288579689528827373e-04
7.286749048121493686e-04
7.284921045948230004e-04
7.283095459776206537e-04
7.281272088369185325e-04
7.279450750801706206e-04
7.277631284574547204e-04
7.275813543794574590e-04
7.273997397496535615e-04
7.272182728121381846e-04
7.270369430145170835e-04
7.268557408846655675e-04
7.266746579200503240e-04
7.264936864883739980e-04
7.263128197383936007e-04
7.261320515198758149e-04
7.259513763117559151e-04
7.257707891576569044e-04
7.255902856080185962e-04
7.254098616681572834e-04
7.252295137516474302e-04
7.250492386384824184e-04
7.248690334375220128e-04
7.246888955527891777e-04
7.245088226532202941e-04
7.243288126455166287e-04
7.241488636497765653e-04
7.239689739776260539e-04
7.237891421125909738e-04
7.236093666924791733e-04
7.234296464935703087e-04
7.232499804164242881e-04
7.230703674731447147e-04
7.228908067759476017e-04
7.227112975269023255e-04
7.225318390087225214e-04
7.223524305765019688e-04
7.221730716502969142e-04
7.219937617084685273e-04
7.218145002817082968e-04
7.216352870700539109e-04
7.214561215928671622e-04
7.212770034500054581e-04
7.210979323327940550e-04
7.209189079368430843e-04
7.207399300381195145e-04
7.205609984372491911e-04
7.203821129391617005e-04
7.202032733624587433e-04
7.200244795414083082e-04
7.198457313690418162e-04
7.196670286742252185e-04
7.194883713127259075e-04
7.193097591716066629e-04
7.191311921383071329e-04
7.189526701298888873e-04
7.187741930723530676e-04
7.185957608925894278e-04
7.184173735218521775e-04
7.182390308965956854e-04
7.180607329754547111e-04
7.178824796918598919e-04
7.177042709883798459e-04
7.175261068190623990e-04
7.173479871372224559e-04
7.171699119078696685e-04
7.169918810991773904e-04
7.168138946792438401e-04
7.166359526175259580e-04
7.164580548852087947e-04
7.162802014630838656e-04
7.161023923199916338e-04
7.159246274283018576e-04
7.157469067650640369e-04
7.155692303061003548e-04
7.153915980327478974e-04
7.152140099275262897e-04
7.150364659725592063e-04
7.148589661503104362e-04
7.146815104437913985e-04
7.145040988413404147e-04
7.143267313238586130e-04
7.141494078738696303e-04
7.139721284762618565e-04
7.137948931145311326e-04
7.136177017755831152e-04
7.134405544468323855e-04
7.132634511151886118e-04
7.130863917675560413e-04
7.129093763909855053e-04
7.127324049763936664e-04
7.125554775088041148e-04
7.123785939742129699e-04
7.122017543601920223e-04
7.120249586528672788e-04
7.118482068410541099e-04
7.116714989138478269e-04
7.114948348598035916e-04
7.113182146673528586e-04
7.111416383249374905e-04
7.109651058243638463e-04
7.107886171520783145e-04
7.106121722952773350e-04
7.104357712424635941e-04
7.102594139806776233e-04
7.100831004994013606e-04
7.099068307883177548e-04
7.097306048365585466e-04
7.095544226330920872e-04
7.093782841668514914e-04
7.092021894299578621e-04
7.090261384093625007e-04
7.088501310926902154e-04
7.086741674687776268e-04
7.084982475249972491e-04
7.083223712510739898e-04
7.081465386369068795e-04
7.079707496718413550e-04
7.077950043450460197e-04
7.076193026456381943e-04
7.074436445658591113e-04
7.072680300928525180e-04
7.070924592144085634e-04
7.069169319194959240e-04
7.067414481956196034e-04
7.065660080326042558e-04
7.063906114204389006e-04
7.062152583485584211e-04
7.060399488062173981e-04
7.058646827826131663e-04
7.056894602700406263e-04
7.055142812557297196e-04
7.053391457275468143e-04
7.051640536745231455e-04
7.049890050842298533e-04
7.048139999465411398e-04
7.046390382514931871e-04
7.044641199885689088e-04
7.042892451470691810e-04
7.041144137162365499e-04
7.039396256883964902e-04
7.037648810508290338e-04
7.035901797914463022e-04
7.034155218993185616e-04
7.032409073620597782e-04
7.030663361695779811e-04
7.028918083119412279e-04
7.027173237786659343e-04
7.025428825590862613e-04
7.023684846424776062e-04
7.021941300211885376e-04
7.020198186825368173e-04
7.018455506144695866e-04
7.016713258060889875e-04
7.014971442450430297e-04
7.013230059212679319e-04
7.011489108248589652e-04
7.009748589453610595e-04
7.008008502721369990e-04
7.006268847944910208e-04
7.004529625047916427e-04
7.002790833903907788e-04
7.001052474392669041e-04
6.999314546405506748e-04
6.997577049819220848e-04
6.995839984533431567e-04
6.994103350449348572e-04
6.992367147462685709e-04
6.990631375467344037e-04
6.988896034356640230e-04
6.987161124054450285e-04
6.985426644434613187e-04
6.983692595377223762e-04
6.981958976773857458e-04
6.980225788501624295e-04
6.978493030460401455e-04
6.976760702551642549e-04
6.975028804671321633e-04
6.973297336713610815e-04
6.971566298572086980e-04
6.969835690170823449e-04
6.968105511383970371e-04
6.966375762091922899e-04
6.964646442186526445e-04
6.962917551545198943e-04
6.961189090068063690e-04
6.959461057656822578e-04
6.957733454207708787e-04
6.956006279615153552e-04
6.954279533773004805e-04
6.952553216605519100e-04
6.950827327987163171e-04
6.949101867798627074e-04
6.947376835932025105e-04
6.945652232265082026e-04
6.943928056698167248e-04
6.942204309133225525e-04
6.940480989466752413e-04
6.938758097593437186e-04
6.937035633407391240e-04
6.935313596833060862e-04
6.933591987745222869e-04
6.931870806024865474e-04
6.930150051564368599e-04
6.928429724241759501e-04
6.926709823957658040e-04
6.924990350614250749e-04
6.923271304108287970e-04
6.921552684334723524e-04
6.919834491187930097e-04
6.918116724592540462e-04
6.916399384423642599e-04
6.914682470562518541e-04
6.912965982901819262e-04
6.911249921319872341e-04
6.909534285717541585e-04
6.907819075997259639e-04
6.906104292056030550e-04
6.904389933789070516e-04
6.902676001091011346e-04
6.900962493886677717e-04
6.899249412051463356e-04
6.897536755466947365e-04
6.895824524026042011e-04
6.894112717607379535e-04
6.892401336112070941e-04
6.890690379442790652e-04
6.888979847496796418e-04
6.887269740169564645e-04
6.885560057355989520e-04
6.883850798981080033e-04
6.882141964920541078e-04
6.880433555056243407e-04
6.878725569281367086e-04
6.877018007474845762e-04
6.875310869538033302e-04
6.873604155373844822e-04
6.871897864879795027e-04
6.870191997951617278e-04
6.868486554484471394e-04
6.866781534403545257e-04
6.865076937584857096e-04
6.863372763910569312e-04
6.861669013274126518e-04
6.859965685554761600e-04
6.858262780654073455e-04
6.856560298475220059e-04
6.854858238915968738e-04
6.853156601872310892e-04
6.851455387239665466e-04
6.849754594943411158e-04
6.848054224859866524e-04
6.846354276871488868e-04
6.844654750871988430e-04
6.842955646740896255e-04
6.841256964380056267e-04
6.839558703692864968e-04
6.837860864577344471e-04
6.836163446929744217e-04
6.834466450645740104e-04
6.832769875650896232e-04
6.831073721821841237e-04
6.829377989041321905e-04
6.827682677203310855e-04
6.825987786187639452e-04
6.824293315896395569e-04
6.822599266233212063e-04
6.820905637096366918e-04
6.819212428382366532e-04
6.817519639987144843e-04
6.815827271836451349e-04
6.814135323807218262e-04
6.812443795782486189e-04
6.810752687656489038e-04
6.809061999309356334e-04
6.807371730643418809e-04
6.805681881562548928e-04
6.803992451965275128e-04
6.802303441748360760e-04
6.800614850807998888e-04
6.798926679070123325e-04
6.797238926411972026e-04
6.795551592716871829e-04
6.793864677879323357e-04
6.792178181779751035e-04
6.790492104320727373e-04
6.788806445406363362e-04
6.787121204935441139e-04
6.785436382804979931e-04
6.783751978911427586e-04
6.782067993180903318e-04
6.780384425490949742e-04
6.778701275725181009e-04
6.777018543778360118e-04
6.775336229531208568e-04
6.773654332886541729e-04
6.771972853748705863e-04
6.770291792016735729e-04
6.768611147587905337e-04
6.766930920358920579e-04
6.765251110256080645e-04
6.763571717157232811e-04
6.761892740946282877e-04
6.760214181518254054e-04
6.758536038754161656e-04
6.756858312557060663e-04
6.755181002831540200e-04
6.753504109476878969e-04
6.751827632390609022e-04
6.750151571469692122e-04
6.748475926640610687e-04
6.746800697781514490e-04
6.745125884776596642e-04
6.743451487521140561e-04
6.741777505896455382e-04
6.740103939805840031e-04
6.738430789154116734e-04
6.736758053840816813e-04
6.735085733763722772e-04
6.733413828820054414e-04
6.731742338936476302e-04
6.730071263991438532e-04
6.728400603869425867e-04
6.726730358465976512e-04
6.725060527662697759e-04
6.723391111363125972e-04
6.721722109472319734e-04
6.720053521890059734e-04
6.718385348514382179e-04
6.716717589242760574e-04
6.715050244002042715e-04
6.713383312670981188e-04
6.711716795134341565e-04
6.710050691287926597e-04
6.709590359308208705e-04
