0.000000000000000000e+00
1.004304232924678377e-03
2.007217606698381146e-03
4.010262874877661317e-03
6.007746703389944820e-03
7.999672155648175978e-03
2.761393934485981139e-02
4.667622287032291428e-02
6.519057437195947824e-02
8.316161318604063657e-02
1.291072609544104688e-01
1.712309278130454693e-01
2.096691996815628345e-01
2.445721099545067334e-01
2.760999454660291730e-01
3.190237932043928359e-01
3.547600176200938482e-01
3.839596654238387474e-01
4.072609410629694504e-01
4.252759918241275083e-01
4.385840562297463330e-01
4.415816502233572693e-01
4.442554170669592017e-01
4.466169313526472950e-01
4.470527659805576537e-01
4.474766539311200164e-01
4.478886841645229877e-01
4.482889452012649989e-01
4.484457743741567803e-01
4.485690634477322858e-01
4.485739400647176245e-01
4.485788148291502964e-01
4.485801851544717334e-01
4.485806988785712157e-01
4.485812122718477735e-01
4.485784470733631402e-01
4.485720247509507042e-01
4.485656025206417041e-01
4.485013852828531045e-01
4.484371772539720857e-01
4.483729784326780377e-01
4.477314963532869618e-01
4.470909335758658232e-01
4.464512887884395931e-01
4.458125606754321235e-01
4.394754085839339686e-01
4.332284906438977901e-01
4.270705221214819991e-01
4.210002364311502543e-01
4.150163850589912995e-01
3.727310176714818124e-01
3.347619207203110236e-01
3.006684605070183980e-01
2.700550401046674653e-01
2.425664433563177735e-01
2.178837044958834845e-01
1.957204182846767893e-01
1.758194134661586749e-01
1.579497693458180030e-01
1.419041363730144112e-01
1.274963300039153036e-01
1.145591703484394319e-01
1.029425422756436587e-01
9.251165354037257926e-02
8.314547071318763305e-02
7.473531475907375932e-02
6.718359997224061797e-02
6.040270163305556939e-02
5.431393924799009232e-02
4.884666357460418912e-02
4.393743683774327391e-02
3.952929662454067461e-02
3.557109491677427904e-02
3.201690459098832653e-02
2.882548649966068174e-02
2.595981094965164535e-02
2.338662802537334884e-02
2.107608177089244361e-02
1.900136375409902309e-02
1.713840199304748554e-02
1.546558163490287935e-02
1.396349414636969578e-02
1.261471210531549605e-02
1.140358698036697885e-02
1.031606755199882854e-02
9.339536868150767265e-03
8.462665842475104727e-03
7.675281796430935034e-03
6.968250419843380165e-03
6.333369780248276730e-03
5.763275151151794201e-03
5.251353554872531873e-03
4.791667028357519779e-03
4.378883721581253163e-03
4.008216029022858978e-03
3.675365036325310697e-03
3.376470637519341476e-03
3.108066743993507901e-03
2.867041065474303357e-03
2.650598996331917246e-03
2.456231188163655790e-03
2.281684432381064082e-03
2.124935514934659254e-03
1.984167739797596669e-03
1.857749750893347620e-03
1.744216595484024759e-03
1.642253410433963060e-03
1.550679221829542485e-03
1.468433570557238065e-03
1.394564257045045235e-03
1.328216274136054470e-03
1.268621889512184554e-03
1.215091736996733781e-03
1.167006817144029904e-03
1.123811314639829115e-03
1.085006148799365312e-03
1.050143182400847808e-03
1.018820021652338051e-03
9.906753469489679251e-04
9.653847202414285759e-04
9.426568203656854805e-04
9.222300626499218288e-04
9.038695635737770172e-04
8.873644152588026825e-04
8.725257466755452582e-04
8.591831474105273781e-04
8.471836179325092486e-04
8.363900997473145815e-04
8.266795038086742270e-04
8.179413007869296322e-04
8.100762438755208664e-04
8.029952162992497026e-04
7.966181973569977370e-04
7.908733340079723102e-04
7.856961072019847097e-04
7.810285833038623686e-04
7.768187419246033254e-04
7.730198723602979376e-04
7.695900316361297061e-04
7.664915578674617565e-04
7.636881241459119720e-04
7.611524336630783949e-04
7.588571078907532319e-04
7.567775682776324521e-04
7.548917738270519628e-04
7.531799354890068767e-04
7.516242858555558046e-04
7.502088727054961230e-04
7.489193735589579808e-04
7.477429291763010299e-04
7.466679940676813725e-04
7.456842022751599850e-04
7.447822468670440990e-04
7.439537717435631492e-04
7.431912744961076270e-04
7.424880191907530687e-04
7.418379580621650487e-04
7.412356612075649649e-04
7.406762534634414325e-04
7.401553577311844549e-04
7.396690440927998142e-04
7.392137841251633038e-04
7.387864098817118613e-04
7.383840770647279953e-04
7.380042319600892695e-04
7.376445817500968533e-04
7.373030678592602284e-04
7.369778420231855396e-04
7.366672448023590340e-04
7.363697862910476358e-04
7.360841287970575682e-04
7.358090712909929948e-04
7.355435354442447842e-04
7.352865530933894818e-04
7.350372549852788933e-04
7.347948606719736713e-04
7.345586694380501968e-04
7.343280521548119569e-04
7.341024439667044772e-04
7.338813377249176146e-04
7.336642780918353410e-04
7.334508562477984328e-04
7.332407051386462780e-04
7.330334952087877269e-04
7.328289305701991699e-04
7.326267455628121192e-04
7.324267016663057843e-04
7.322285847274031308e-04
7.320322024704369827e-04
7.318373822622472940e-04
7.316439691054248433e-04
7.314518238365727868e-04
7.312608215086421068e-04
7.310708499385330794e-04
7.308818084030795689e-04
7.306936064682206192e-04
7.305061508447193265e-04
7.303193790078400848e-04
7.301332287186368007e-04
7.299476585695733287e-04
7.297626023172873108e-04
7.295780044393028073e-04
7.293938219379097164e-04
7.292100125886181831e-04
7.290265455363371559e-04
7.288433934852740553e-04
7.286605298451549534e-04
7.284779300251825697e-04
7.282955717025576961e-04
7.281134347540999755e-04
7.279315010876685581e-04
7.277497544537104169e-04
7.275681802632507755e-04
7.273867654200733565e-04
7.272054981685562936e-04
7.270243679565651165e-04
7.268433653122127920e-04
7.266624817331847992e-04
7.264817095873849027e-04
7.263010420237558376e-04
7.261204728922350483e-04
7.259399966719159948e-04
7.257596084065678303e-04
7.255793036467665441e-04
7.253990783979541966e-04
7.252189290738233216e-04
7.250388524544763716e-04
7.248588456488762191e-04
7.246789060611418887e-04
7.244990313603005090e-04
7.243192194531380230e-04
7.241394684598334791e-04
7.239597766920891552e-04
7.237801426335031384e-04
7.236005649219524492e-04
7.234210423337816874e-04
7.232415737696141871e-04
7.230621582416133994e-04
7.228827948620534507e-04
7.227034828330595540e-04
7.225242214373990123e-04
7.223450100302180807e-04
7.221658480316230956e-04
7.219867349200247749e-04
7.218076702261623121e-04
7.216286536501067888e-04
7.214496847112746416e-04
7.212707630095736931e-04
7.210918882363738687e-04
7.209130600873346313e-04
7.207342783384624143e-04
7.205555427904213354e-04
7.203768532481809881e-04
7.201982095303835138e-04
7.200196114713371251e-04
7.198410589641013237e-04
7.196625518375888986e-04
7.194840899476114774e-04
7.193056731812710880e-04
7.191273014260511805e-04
7.189489745990496452e-04
7.187706926263022099e-04
7.185924554347353829e-04
7.184142629556409957e-04
7.182361151255103882e-04
7.180580119030049915e-04
7.178799532215992445e-04
7.177019390239032905e-04
7.175239692640022517e-04
7.173460438952535337e-04
7.171681628827009406e-04
7.169903261945516533e-04
7.168125337989390182e-04
7.166347856653564052e-04
7.164570817650250771e-04
7.162794220787623532e-04
7.161018065754511976e-04
7.159242352275023511e-04
7.157467080120014178e-04
7.155692249048123225e-04
7.153917858873056531e-04
7.152143909420346449e-04
7.150370400511576671e-04
7.148597331971742871e-04
7.146824703631313776e-04
7.145052515373927389e-04
7.143280767009022167e-04
7.141509458362231295e-04
7.139738589282801882e-04
7.137968159606107588e-04
7.136198169201534575e-04
7.134428617943556084e-04
7.132659505701621164e-04
7.130890832345125737e-04
7.129122597744929398e-04
7.127354801810454644e-04
7.125587444392353711e-04
7.123820525350990033e-04
7.122054044562441469e-04
7.120288001888375748e-04
7.118522397217282678e-04
7.116757230440439548e-04
7.114992501443744921e-04
7.113228210111861372e-04
7.111464356329566397e-04
7.109700940015174038e-04
7.107937961033564513e-04
7.106175419257100122e-04
7.104413314571167686e-04
7.102651646846576926e-04
7.100890415978483323e-04
7.099129621864038375e-04
7.097369264394905349e-04
7.095609343461120122e-04
7.093849858952362957e-04
7.092090810790097500e-04
7.090332198844253100e-04
7.088574022991471404e-04
7.086816283120481825e-04
7.085058979105408493e-04
7.083302110843833332e-04
7.081545678235075161e-04
7.079789681172926619e-04
7.078034119549425022e-04
7.076278993256095943e-04
7.074524302215597820e-04
7.072770046299785545e-04
7.071016225386956341e-04
7.069262839367151507e-04
7.067509888115827655e-04
7.065757371531558757e-04
7.064005289514558097e-04
7.062253641959519287e-04
7.060502428759331825e-04
7.058751649806322510e-04
7.057001305023689712e-04
7.055251394284144844e-04
7.053501917466744068e-04
7.051752874462158607e-04
7.050004265146495594e-04
7.048256089418834238e-04
7.046508347179855115e-04
7.044761038324725633e-04
7.043014162746803666e-04
7.041267720338863787e-04
7.039521711024410112e-04
7.037776134676650619e-04
7.036030991175103340e-04
7.034286280410825473e-04
7.032542002260353496e-04
7.030798156623096215e-04
7.029054743400060552e-04
7.027311762486743510e-04
7.025569213776836899e-04
7.023827097163440553e-04
7.022085412570289523e-04
7.020344159870969087e-04
7.018603338945345309e-04
7.016862949684789805e-04
7.015122991966183828e-04
7.013383465689213741e-04
7.011644370755156430e-04
7.009905707059794046e-04
7.008167474497105712e-04
7.006429672960475322e-04
7.004692302373838504e-04
7.002955362611118810e-04
7.001218853552498888e-04
6.999482775089627910e-04
6.997747127099709138e-04
6.996011909482689143e-04
6.994277122140094179e-04
6.992542764967975277e-04
6.990808837860579359e-04
6.989075340711564622e-04
6.987342273445058599e-04
6.985609635935303595e-04
6.983877428062784751e-04
6.982145649719426628e-04
6.980414300782739317e-04
6.978683381152919838e-04
6.976952890731744896e-04
6.975222829415522480e-04
6.973493197098765140e-04
6.971763993675397786e-04
6.970035219069736603e-04
6.968306873156339398e-04
6.966578955815986218e-04
6.964851466940873755e-04
6.963124406408815678e-04
6.961397774120258375e-04
6.959671569977219242e-04
6.957945793876271897e-04
6.956220445712182595e-04
6.954495525379145128e-04
6.952771032801659994e-04
6.951046967854600505e-04
6.949323330419039440e-04
6.947600120387442376e-04
6.945877337637927640e-04
6.944154982071185566e-04
6.942433053589479666e-04
6.940711552089636176e-04
6.938990477466686979e-04
6.937269829615084994e-04
6.935549608459519368e-04
6.933829813875170243e-04
6.932110445743412891e-04
6.930391503956970928e-04
6.928672988394267342e-04
6.926954898956242919e-04
6.925237235545398610e-04
6.923519998058817607e-04
6.921803186391792002e-04
6.920086800439037089e-04
6.918370840125428502e-04
6.916655305326454293e-04
6.914940195923782468e-04
6.913225511810406612e-04
6.911511252865050036e-04
6.909797418988894218e-04
6.908084010084687308e-04
6.906371026049765117e-04
6.904658466779678861e-04
6.902946332169401875e-04
6.901234622144000611e-04
6.899523336579271035e-04
6.897812475357172806e-04
6.896102038370965134e-04
6.894392025499668404e-04
6.892682436644714545e-04
6.890973271709086977e-04
6.889264530590380638e-04
6.887556213184403697e-04
6.885848319386392953e-04
6.884140849121593748e-04
6.882433802266113218e-04
6.880727178702201585e-04
6.879020978323384774e-04
6.877315201008984578e-04
6.875609846660673619e-04
6.873904915181676010e-04
6.872200406469841476e-04
6.870496320421236227e-04
6.868792656931354016e-04
6.867089415925629924e-04
6.865386597280474660e-04
6.863684200878431181e-04
6.861982226613289959e-04
6.860280674364669859e-04
6.858579544034487446e-04
6.856878835526207527e-04
6.855178548737932446e-04
6.853478683565983201e-04
6.851779239906117007e-04
6.850080217683951088e-04
6.848381616776202984e-04
6.846683437065706219e-04
6.844985678446514725e-04
6.843288340798544438e-04
6.841591424023954785e-04
6.839894928026453436e-04
6.838198852704388845e-04
6.836503197954345475e-04
6.834807963672333156e-04
6.833113149784156683e-04
6.831418756166836087e-04
6.829724782703499794e-04
6.828031229288458693e-04
6.826338095801929044e-04
6.824645382146313135e-04
6.822953088225556075e-04
6.821261213938260024e-04
6.819569759181262061e-04
6.817878723850832228e-04
6.816188107872957463e-04
6.814497911124964627e-04
6.812808133490268377e-04
6.811118774863445229e-04
6.809429835125006348e-04
6.807741314177595798e-04
6.806053211925395044e-04
6.804365528267256697e-04
6.802678263100279130e-04
6.800991416320983918e-04
6.799304987855543398e-04
6.797618977581590177e-04
6.795933385382824056e-04
6.794248211154083929e-04
6.792563454776175862e-04
6.790879116151985698e-04
6.789195195185933427e-04
6.787511691777124278e-04
6.785828605822907074e-04
6.784145937220060346e-04
6.782463685894941832e-04
6.780781851725483375e-04
6.779100434595676430e-04
6.777419434400620097e-04
6.775738851021413179e-04
6.774058684361187630e-04
6.772378934324593293e-04
6.770699600810986931e-04
6.769020683717972154e-04
6.767342182942587703e-04
6.765664098411366956e-04
6.763986430002547501e-04
6.762309177600408106e-04
6.760632341100306997e-04
6.758955920383641130e-04
6.757279915353774482e-04
6.755604325915600837e-04
6.753929151968721990e-04
6.752254393410996340e-04
6.750580050139716329e-04
6.748906122081600734e-04
6.747232609115185300e-04
6.745559511125037190e-04
6.743886828006771588e-04
6.742214559642080354e-04
6.740542705934569239e-04
6.738871266789365133e-04
6.737200242106320281e-04
6.735529631783544616e-04
6.733859435718584285e-04
6.732189653838340209e-04
6.730520286021650627e-04
6.728851332153366763e-04
6.727182792129362925e-04
6.725514665831624789e-04
6.723846953163994467e-04
6.722179654031836286e-04
6.720512768335248606e-04
6.718846295972595063e-04
6.717180236841676592e-04
6.715514590869573006e-04
6.713849357935425038e-04
6.712184537924365804e-04
6.710520130732531988e-04
6.710060267446452684e-04
