0.000000000000000000e+00
1.004303946650954467e-03
2.007217034206496952e-03
4.010261730915559188e-03
6.007744989034606575e-03
7.999669871976431215e-03
2.761393142720368343e-02
4.667620942608737000e-02
6.519055550815067157e-02
8.316158900913528385e-02
1.291072229290757545e-01
1.712308766969410645e-01
2.096691362107786782e-01
2.445720348400602373e-01
2.760998593912293297e-01
3.190236912935949798e-01
3.547599013535433499e-01
3.839595361628141967e-01
4.072608000514275628e-01
4.252758401931677201e-01
4.385838950035280681e-01
4.415814864446777621e-01
4.442552508081396567e-01
4.466167626838750127e-01
4.470525968380330006e-01
4.474764843175508267e-01
4.478885140826003863e-01
4.482887746536639018e-01
4.484456036614451468e-01
4.485688925676569738e-01
4.485737691787985426e-01
4.485786439368052436e-01
4.485800142603414420e-01
4.485805279838251391e-01
4.485810415014212515e-01
4.485782916225519723e-01
4.485718693008091673e-01
4.485654470711697983e-01
4.485012298400761765e-01
4.484370218178885814e-01
4.483728230032864581e-01
4.477313409907269781e-01
4.470907782799807828e-01
4.464511335590733432e-01
4.458124055124284557e-01
4.394752540760484827e-01
4.332283367758800185e-01
4.270703688783913932e-01
4.210000837983506328e-01
4.150162330221446871e-01
3.727308696796676757e-01
3.347617760952172894e-01
3.006683186699130039e-01
2.700549005631213695e-01
2.425663056926140038e-01
2.178835683568960402e-01
1.957202833730340985e-01
1.758192795325395075e-01
1.579496361822389228e-01
1.419040038069868948e-01
1.274961978933650264e-01
1.145590385772928960e-01
1.029424107499990193e-01
9.251152218518107762e-02
8.314533946938182374e-02
7.473518358108523219e-02
6.718346882585814195e-02
6.040257049357990182e-02
5.431380809864696374e-02
4.884653240518234407e-02
4.393730564342784167e-02
3.952916540491648034e-02
3.557096367497621786e-02
3.201677333297951039e-02
2.882535523362087307e-02
2.595967968546109700e-02
2.338649677417893244e-02
2.107595054474461702e-02
1.900123256564971094e-02
1.713827085530025482e-02
1.546545056100781523e-02
1.396336314945651261e-02
1.261458119835917949e-02
1.140345617608107265e-02
1.031593686275212272e-02
9.339406305903720507e-03
8.462535418732824652e-03
7.675151522210035479e-03
6.968120305650326619e-03
6.333239836067254547e-03
5.763145386440371790e-03
5.251223978563646089e-03
4.791537648866539718e-03
4.378754546817082392e-03
4.008087066402147257e-03
3.675236292789055281e-03
3.376342119551221412e-03
3.107938457639436089e-03
2.866913016362748843e-03
2.650471189694642536e-03
2.456103628856569961e-03
2.281557124904954898e-03
2.124808463455604354e-03
1.984040948166913756e-03
1.857623222666950936e-03
1.744090333941110231e-03
1.642127418594985667e-03
1.550553502473383735e-03
1.468308126237557500e-03
1.394439090105821597e-03
1.328091386726302234e-03
1.268497283599849274e-03
1.214967414381781232e-03
1.166882779470754163e-03
1.123687563408394541e-03
1.084882685376617776e-03
1.050020008030419028e-03
1.018697137464078147e-03
9.905527539677363470e-04
9.652624193952749534e-04
9.425348124934573597e-04
9.221083485083267318e-04
9.037481438439335171e-04
8.872432905523098753e-04
8.724049175402432375e-04
8.590626143354666757e-04
8.470633813527413819e-04
8.362701600484350774e-04
8.265598613309074619e-04
8.178219558288973021e-04
8.099571966977166379e-04
8.028764671272385850e-04
7.964997463843604504e-04
7.907551813990128632e-04
7.855782530942182103e-04
7.809110278103021481e-04
7.767014851358593035e-04
7.729029143465031412e-04
7.694733724487069770e-04
7.663751975407447417e-04
7.635720626974310280e-04
7.610366710975414528e-04
7.587416441998506410e-04
7.566624034411447092e-04
7.547769078139248073e-04
7.530653682583071228e-04
7.515100173573472687e-04
7.500949028816394394e-04
7.488057023438410287e-04
7.476295564975072357e-04
7.465549198465990313e-04
7.455714264275394325e-04
7.446697693035055510e-04
7.438415923700607410e-04
7.430793932143526853e-04
7.423764358985996542e-04
7.417266726539614545e-04
7.411246735744753990e-04
7.405655634937372347e-04
7.400449653105114611e-04
7.395589491044205670e-04
7.391039864501783383e-04
7.386769093992603908e-04
7.382748736521715753e-04
7.378953254931788731e-04
7.375359721031239007e-04
7.371947549051960152e-04
7.368698256338053780e-04
7.365595248483572865e-04
7.362623626421425579e-04
7.359770013220840075e-04
7.357022398579898858e-04
7.354369999205324525e-04
7.351803133456410923e-04
7.349313108795849613e-04
7.346892120739000661e-04
7.344533162126922442e-04
7.342229941668423606e-04
7.339976810804175545e-04
7.337768698042690862e-04
7.335601050004781102e-04
7.333469778491163039e-04
7.331371212957831212e-04
7.329302057846750172e-04
7.327259354275803818e-04
7.325240445642648441e-04
7.323242946742626559e-04
7.321264716041694974e-04
7.319303830782079292e-04
7.317358564631228210e-04
7.315427367614232021e-04
7.313508848096431656e-04
7.311601756606761222e-04
7.309704971313745348e-04
7.307817484985341039e-04
7.305938393280721893e-04
7.304066763307120970e-04
7.302201969817106314e-04
7.300343390421085805e-04
7.298490611043758703e-04
7.296642969251528532e-04
7.294799909819635894e-04
7.292961002771089279e-04
7.291125825861160354e-04
7.289294070539083887e-04
7.287465463847155262e-04
7.285639739882873722e-04
7.283816652738526673e-04
7.281995979186408263e-04
7.280177517995020664e-04
7.278361088243274135e-04
7.276546527435983182e-04
7.274733689683754575e-04
7.272922444024796339e-04
7.271112672903275783e-04
7.269304270798242857e-04
7.267497142991228383e-04
7.265691204459506737e-04
7.263886378882540573e-04
7.262082597750178998e-04
7.260279799562244230e-04
7.258477929110109970e-04
7.256676936831923117e-04
7.254876778233893507e-04
7.253077413370902530e-04
7.251278806380337394e-04
7.249480925063695336e-04
7.247683740511072373e-04
7.245887226764133630e-04
7.244091360513624190e-04
7.242296120827885954e-04
7.240501488909189707e-04
7.238707447875038529e-04
7.236913982561902266e-04
7.235121079349033594e-04
7.233328726000372907e-04
7.231536911522636014e-04
7.229745626037949657e-04
7.227954860669550579e-04
7.226164607439176631e-04
7.224374859174995242e-04
7.222585609428962272e-04
7.220796852402637652e-04
7.219008582880621873e-04
7.217220796170801264e-04
7.215433489274241177e-04
7.213646657385689278e-04
7.211860296504784325e-04
7.210074403545725392e-04
7.208288975465678480e-04
7.206504010025174128e-04
7.204719505231313220e-04
7.202935459134276325e-04
7.201151869920974918e-04
7.199368735934990942e-04
7.197586056107268529e-04
7.195803828727528623e-04
7.194022052354440448e-04
7.192240725859528434e-04
7.190459848118203878e-04
7.188679418301906470e-04
7.186899435671453189e-04
7.185119899496595925e-04
7.183340809090744137e-04
7.181562163819306703e-04
7.179783963269250301e-04
7.178006206775909125e-04
7.176228893765938636e-04
7.174452023780696379e-04
7.172675596354323446e-04
7.170899611137725171e-04
7.169124067813430895e-04
7.167348966063257637e-04
7.165574305582633492e-04
7.163800086084262230e-04
7.162026307376670496e-04
7.160252969149271231e-04
7.158480071126729124e-04
7.156707613080403284e-04
7.154935594769502166e-04
7.153164016008197856e-04
7.151392876622473735e-04
7.149622176434397049e-04
7.147851915269455699e-04
7.146082092958610642e-04
7.144312709385853329e-04
7.142543764361201182e-04
7.140775257710843581e-04
7.139007189284529622e-04
7.137239558918195663e-04
7.135472366481697328e-04
7.133705611849958887e-04
7.131939294892911856e-04
7.130173415480436797e-04
7.128407973483890953e-04
7.126642968813040515e-04
7.124878401319127523e-04
7.123114270863061849e-04
7.121350577321417918e-04
7.119587320556434833e-04
7.117824500457061018e-04
7.116062116915026960e-04
7.114300169816712609e-04
7.112538659047266260e-04
7.110777584491952217e-04
7.109016946069437971e-04
7.107256743645180537e-04
7.105496977092097327e-04
7.103737646296066303e-04
7.101978751128467477e-04
7.100220291484909529e-04
7.098462267262999319e-04
7.096704678354879333e-04
7.094947524651067918e-04
7.093190806041734311e-04
7.091434522448692357e-04
7.089678673742443862e-04
7.087923259800185585e-04
7.086168280511138083e-04
7.084413735749989270e-04
7.082659625414781859e-04
7.080905949405280272e-04
7.079152707615757453e-04
7.077399899938731018e-04
7.075647526266212262e-04
7.073895586521213074e-04
7.072144080576158636e-04
7.070393008309892608e-04
7.068642369612953939e-04
7.066892164361358690e-04
7.065142392454135112e-04
7.063393053791948602e-04
7.061644148269966568e-04
7.059895675781557725e-04
7.058147636219537849e-04
7.056400029507447916e-04
7.054652855518575051e-04
7.052906114132520771e-04
7.051159805240445272e-04
7.049413928719021642e-04
7.047668484467775780e-04
7.045923472387841460e-04
7.044178892374858801e-04
7.042434744322663811e-04
7.040691028124514616e-04
7.038947743704260110e-04
7.037204890935683981e-04
7.035462469698844194e-04
7.033720479885288007e-04
7.031978921372111346e-04
7.030237794059172960e-04
7.028497097847928631e-04
7.026756832634349159e-04
7.025016998312599067e-04
7.023277594776266078e-04
7.021538621949424599e-04
7.019800079706231283e-04
7.018061967927096464e-04
7.016324286503875310e-04
7.014587035314009608e-04
7.012850214257633497e-04
7.011113823236471638e-04
7.009377862146776725e-04
7.007642330883000594e-04
7.005907229339011777e-04
7.004172557439087426e-04
7.002438315057718131e-04
7.000704502075625387e-04
6.998971118384948427e-04
6.997238163863443456e-04
6.995505638411504820e-04
6.993773541931104379e-04
6.992041874318764795e-04
6.990310635469201362e-04
6.988579825276555833e-04
6.986849443665296179e-04
6.985119490510231744e-04
6.983389965692385435e-04
6.981660869104166448e-04
6.979932200623636734e-04
6.978203960151443258e-04
6.976476147589802911e-04
6.974748762835490971e-04
6.973021805783498122e-04
6.971295276328218736e-04
6.969569174394317024e-04
6.967843499856909159e-04
6.966118252597314035e-04
6.964393432508214068e-04
6.962669039467970448e-04
6.960945073377477338e-04
6.959221534139193406e-04
6.957498421650155224e-04
6.955775735805607178e-04
6.954053476500214690e-04
6.952331643658816529e-04
6.950610237156847624e-04
6.948889256875921770e-04
6.947168702708980507e-04
6.945448574534692941e-04
6.943728872254193926e-04
6.942009595770187160e-04
6.940290744979964004e-04
6.938572319779023629e-04
6.936854320062294920e-04
6.935136745754805297e-04
6.933419596732298684e-04
6.931702872876676193e-04
6.929986574081149330e-04
6.928270700224684270e-04
6.926555251208664152e-04
6.924840226936029028e-04
6.923125627304326131e-04
6.921411452209315926e-04
6.919697701546185338e-04
6.917984375240147183e-04
6.916271473167250050e-04
6.914558995209689951e-04
6.912846941260944022e-04
6.911135311200275510e-04
6.909424104929311498e-04
6.907713322351234902e-04
6.906002963363843403e-04
6.904293027863157677e-04
6.902583515744619433e-04
6.900874426933632311e-04
6.899165761306548473e-04
6.897457518745855583e-04
6.895749699145292070e-04
6.894042302384423672e-04
6.892335328365119251e-04
6.890628776990800246e-04
6.888922648159516958e-04
6.887216941767547018e-04
6.885511657710594513e-04
6.883806795914243059e-04
6.882102356255152733e-04
6.880398338616101764e-04
6.878694742891093127e-04
6.876991568959987464e-04
6.875288816724896496e-04
6.873586486089483440e-04
6.871884576952049049e-04
6.870183089209125739e-04
6.868482022756677808e-04
6.866781377520473186e-04
6.865081153377475525e-04
6.863381350210754706e-04
6.861681967914572827e-04
6.859983006369088686e-04
6.858284465476659035e-04
6.856586345141183446e-04
6.854888645261213121e-04
6.853191365733536352e-04
6.851494506454376557e-04
6.849798067349683814e-04
6.848102048296727520e-04
6.846406449178863785e-04
6.844711269890620337e-04
6.843016510312450876e-04
6.841322170346951764e-04
6.839628249898258927e-04
6.837934748865179442e-04
6.836241667144756385e-04
6.834549004633466880e-04
6.832856761257445318e-04
6.831164936894262504e-04
6.829473531427566199e-04
6.827782544752143256e-04
6.826091976748744445e-04
6.824401827320207906e-04
6.822712096370904837e-04
6.821022783799892764e-04
6.819333889504468468e-04
6.817645413381363860e-04
6.815957355356900898e-04
6.814269715308951796e-04
6.812582493121450544e-04
6.810895688689443117e-04
6.809209301893977360e-04
6.807523332638129934e-04
6.805837780826509481e-04
6.804152646358422891e-04
6.802467929131422817e-04
6.800783629042498127e-04
6.799099746018145334e-04
6.797416279936543482e-04
6.795733230681914958e-04
6.794050598149563780e-04
6.792368382220830524e-04
6.790686582799033630e-04
6.789005199789019179e-04
6.787324233090340176e-04
6.785643682600802978e-04
6.783963548217650154e-04
6.782283829867562534e-04
6.780604527429022737e-04
6.778925640786533958e-04
6.777247169835663677e-04
6.775569114458040868e-04
6.773891474557227916e-04
6.772214250038301837e-04
6.770537440801067171e-04
6.768861046743583978e-04
6.767185067763347448e-04
6.765509503787219469e-04
6.763834354693980819e-04
6.762159620368425259e-04
6.760485300706375053e-04
6.758811395589756250e-04
6.757137904922363254e-04
6.755464828609514857e-04
6.753792166551256292e-04
6.752119918645905659e-04
6.750448084791207514e-04
6.748776664914209146e-04
6.747105658893986233e-04
6.745435066615619851e-04
6.743764887975189221e-04
6.742095122854914208e-04
6.740425771158825574e-04
6.738756832792475214e-04
6.737088307656158813e-04
6.735420195648441667e-04
6.733752496667326374e-04
6.732085210640034777e-04
6.730418337445948302e-04
6.728751876970426662e-04
6.727085829109808205e-04
6.725420193746603362e-04
6.723754970785081417e-04
6.722090160131028455e-04
6.720425761684986274e-04
6.718761775345769537e-04
6.717098201011633459e-04
6.715435038609982032e-04
6.713772288020490499e-04
6.712109949128806973e-04
6.710448021831524586e-04
6.709988843614318656e-04
