0.000000000000000000e+00
1.004304085406196572e-03
2.007217311623282242e-03
4.010262288157991073e-03
6.007745828408061865e-03
7.999670995774539606e-03
2.761393551891386244e-02
4.667621670236208470e-02
6.519056617445791180e-02
8.316160326004190528e-02
1.291072477727734369e-01
1.712309132828085945e-01
2.096691855057703224e-01
2.445720976434509475e-01
2.760999363493720771e-01
3.190237913486004828e-01
3.547600252813021271e-01
3.839596843411708926e-01
4.072609725248217960e-01
4.252760367295326249e-01
4.385841151443869435e-01
4.415817131795190531e-01
4.442554840814905148e-01
4.466170024369099933e-01
4.470528378796687075e-01
4.474767266452855941e-01
4.478887576939091786e-01
4.482890195459986460e-01
4.484458491217392373e-01
4.485691383819330191e-01
4.485740150092233924e-01
4.485788897817748477e-01
4.485802601094590059e-01
4.485807738346447304e-01
4.485812875324617921e-01
4.485785799829336007e-01
4.485721576629623231e-01
4.485657354350943149e-01
4.485015182217115814e-01
4.484373102172289349e-01
4.483731114203258206e-01
4.477316295844334104e-01
4.470910670497660333e-01
4.464514225043504925e-01
4.458126946326120277e-01
4.394755449133705416e-01
4.332286292731979405e-01
4.270706629798310394e-01
4.210003794492815365e-01
4.150165301691562392e-01
3.727311764701877195e-01
3.347620900468329941e-01
3.006686377024332946e-01
2.700552229422408801e-01
2.425666299809786930e-01
2.178838933715648296e-01
1.957206081485138027e-01
1.758196032887217319e-01
1.579499582966156224e-01
1.419043237906061627e-01
1.274965153700539644e-01
1.145593532657302183e-01
1.029427224482725445e-01
9.251183075750948892e-02
8.314564483471982570e-02
7.473548570336588370e-02
6.718376770565701039e-02
6.040286616101209899e-02
5.431410060733265349e-02
4.884682182713633025e-02
4.393759206474757983e-02
3.952944892215862205e-02
3.557124439212629163e-02
3.201705135893111176e-02
2.882563068009217147e-02
2.595995266528551212e-02
2.338676739991533277e-02
2.107621892755963747e-02
1.900149881443107674e-02
1.713853507596566766e-02
1.546571285597863471e-02
1.396362361726983387e-02
1.261483993339555278e-02
1.140371326838826235e-02
1.031619239794815020e-02
9.339660365144861892e-03
8.462788078734280114e-03
7.675402855308864972e-03
6.968370379901818977e-03
6.333488715367232430e-03
5.763393130667138903e-03
5.251470643734293571e-03
4.791783287303209848e-03
4.378999207319505919e-03
4.008330794423468901e-03
3.675479130612450268e-03
3.376584106465337597e-03
3.108179630111037976e-03
2.867153408205320997e-03
2.650710832231971837e-03
2.456342551080579854e-03
2.281795353627251704e-03
2.125046023452389129e-03
1.984277862317020309e-03
1.857859512082860390e-03
1.744326018093005212e-03
1.642362515428095896e-03
1.550788028518247002e-03
1.468542096713683701e-03
1.394672519018974079e-03
1.328324286959573159e-03
1.268729666998787923e-03
1.215199291833840654e-03
1.167114160979325268e-03
1.123918458161711487e-03
1.085113101811805911e-03
1.050249953892958823e-03
1.018926619862957047e-03
9.907817794265452640e-04
9.654909938995066962e-04
9.427629415342451925e-04
9.223360371228612629e-04
9.039753966527787690e-04
8.874701117938296312e-04
8.726313111031273233e-04
8.592885837866828845e-04
8.472889299644597921e-04
8.364952908233533888e-04
8.267845770250061227e-04
8.180462589723648276e-04
8.101810896141816223e-04
8.030999519514285361e-04
7.967228250783048651e-04
7.909778557669078572e-04
7.858005247960539626e-04
7.811328983743528022e-04
7.769229559701245529e-04
7.731239867491860674e-04
7.696940476178051188e-04
7.665954765828259529e-04
7.637919466293149667e-04
7.612561608675359574e-04
7.589607406867601193e-04
7.568811074603305029e-04
7.549952201230219736e-04
7.532832895623547704e-04
7.517275483134715523e-04
7.503120441033283520e-04
7.490224544048444937e-04
7.478459199353960007e-04
7.467708951660096848e-04
7.457870141031340593e-04
7.448849697826690104e-04
7.440564060753599622e-04
7.432938205457761960e-04
7.425904772355986991e-04
7.419403283573091853e-04
7.413379439879595311e-04
7.407784489457011319e-04
7.402574661152569848e-04
7.397710655634851581e-04
7.393157188534963059e-04
7.388882580262205518e-04
7.384858387725779655e-04
7.381059073681256986e-04
7.377461709857902582e-04
7.374045710415688378e-04
7.370792592633367869e-04
7.367685762045617700e-04
7.364710319531395056e-04
7.361852888110914563e-04
7.359101457437719701e-04
7.356445244178063054e-04
7.353874566654475340e-04
7.351380732296229755e-04
7.348955936588323287e-04
7.346593172344219195e-04
7.344286148247636606e-04
7.342029215716446141e-04
7.339817303238422869e-04
7.337645857415525143e-04
7.335510790031313320e-04
7.333408430526181356e-04
7.331335483327884248e-04
7.329288989541377867e-04
7.327266292552544070e-04
7.325265007145989604e-04
7.323282991777893937e-04
7.321318323681560774e-04
7.319369276516296454e-04
7.317434300299759066e-04
7.315512003390501347e-04
7.313601136311239509e-04
7.311700577224818044e-04
7.309809318893986533e-04
7.307926456973380105e-04
7.306051058564768524e-04
7.304182498417355557e-04
7.302320154137883395e-04
7.300463611648873134e-04
7.298612208512962867e-04
7.296765389501904233e-04
7.294922724635984372e-04
7.293083791667647354e-04
7.291248282043941110e-04
7.289415922805258250e-04
7.287586448047165969e-04
7.285759611860092265e-04
7.283935191014572711e-04
7.282112984277446313e-04
7.280292810726063163e-04
7.278474507863764336e-04
7.276657929799763402e-04
7.274842945570951080e-04
7.273029437620235921e-04
7.271217300425476338e-04
7.269406439267065822e-04
7.267596769121186960e-04
7.265788213666253981e-04
7.263980704391115274e-04
7.262174179794621612e-04
7.260368584667207777e-04
7.258563869446115358e-04
7.256759989636673821e-04
7.254956905292914539e-04
7.253154580551387717e-04
7.251352983212775273e-04
7.249552084366380671e-04
7.247751858053088411e-04
7.245952280962881381e-04
7.244153332163352299e-04
7.242354992856029272e-04
7.240557246157692216e-04
7.238760076904091068e-04
7.236963471473769434e-04
7.235167417629967315e-04
7.233371904378706630e-04
7.231576921841432158e-04
7.229782461140695426e-04
7.227988514297562081e-04
7.226195074139532765e-04
7.224402134217892220e-04
7.222609688733543348e-04
7.220817732470425276e-04
7.219026260735774900e-04
7.217235270530192445e-04
7.215444757047657963e-04
7.213654716287085968e-04
7.211865145162021755e-04
7.210076040628898408e-04
7.208287400447642565e-04
7.206499222624771807e-04
7.204711505209845457e-04
7.202924246389148322e-04
7.201137444505628085e-04
7.199351098489783270e-04
7.197565206630589978e-04
7.195779767486006192e-04
7.193994779926923171e-04
7.192210242828031216e-04
7.190426155360178043e-04
7.188642516783610341e-04
7.186859326367465257e-04
7.185076583424533170e-04
7.183294287319603880e-04
7.181512437639196288e-04
7.179731033717912754e-04
7.177950074981710510e-04
7.176169560971313926e-04
7.174389491220150693e-04
7.172609865378545011e-04
7.170830683128451592e-04
7.169051944151087893e-04
7.167273648141260761e-04
7.165495794811058139e-04
7.163718383968566486e-04
7.161941415302472327e-04
7.160164888536742125e-04
7.158388803442108320e-04
7.156613159777070301e-04
7.154837957355217933e-04
7.153063196001967564e-04
7.151288875538786872e-04
7.149514995790545767e-04
7.147741556587596965e-04
7.145968557813489564e-04
7.144195999277514570e-04
7.142423880805172896e-04
7.140652202245585884e-04
7.138880963433986244e-04
7.137110164239648469e-04
7.135339804536930874e-04
7.133569884195166497e-04
7.131800403083627662e-04
7.130031361073053617e-04
7.128262758072782292e-04
7.126494593933324975e-04
7.124726868514903071e-04
7.122959581693474092e-04
7.121192733330565907e-04
7.119426323314555563e-04
7.117660351536606511e-04
7.115894817882502388e-04
7.114129722236785421e-04
7.112365064484110593e-04
7.110600844542705207e-04
7.108837062277309623e-04
7.107073717560151698e-04
7.105310810276489232e-04
7.103548340297000758e-04
7.101786307516722496e-04
7.100024711832697523e-04
7.098263553136470927e-04
7.096502831317961493e-04
7.094742546266722630e-04
7.092982697904138840e-04
7.091223286099994187e-04
7.089464310730798045e-04
7.087705771685151894e-04
7.085947668837048671e-04
7.084190002083953211e-04
7.082432771325073741e-04
7.080675976454085807e-04
7.078919617362909632e-04
7.077163693942946105e-04
7.075408206116776686e-04
7.073653153756105563e-04
7.071898536739099853e-04
7.070144354955678343e-04
7.068390608281158866e-04
7.066637296614004804e-04
7.064884419854317770e-04
7.063131977896676449e-04
7.061379970633848910e-04
7.059628397958043772e-04
7.057877259792371587e-04
7.056126556009404988e-04
7.054376286488067867e-04
7.052626451118905676e-04
7.050877049777894362e-04
7.049128082363991703e-04
7.047379548777775275e-04
7.045631448914296477e-04
7.043883782666791752e-04
7.042136549927916411e-04
7.040389750621090003e-04
7.038643384619384978e-04
7.036897451802177341e-04
7.035151952060406111e-04
7.033406885270474408e-04
7.031662251331675028e-04
7.029918050144905390e-04
7.028174281605550824e-04
7.026430945607179540e-04
7.024688042042777532e-04
7.022945570835988777e-04
7.021203531860264113e-04
7.019461924995336246e-04
7.017720750132453193e-04
7.015980007148359598e-04
7.014239695942635572e-04
7.012499816416440908e-04
7.010760368465449336e-04
7.009021351983515296e-04
7.007282766863911008e-04
7.005544613030483198e-04
7.003806890357017721e-04
7.002069598723562787e-04
7.000332738021649388e-04
6.998596308128342009e-04
6.996860308943478801e-04
6.995124740368475428e-04
6.993389602299267998e-04
6.991654894629985252e-04
6.989920617254169379e-04
6.988186770095863344e-04
6.986453353029169590e-04
6.984720365934439902e-04
6.982987808703480662e-04
6.981255681213664266e-04
6.979523983365079317e-04
6.977792715059393013e-04
6.976061876192796250e-04
6.974331466659688819e-04
6.972601486353874204e-04
6.970871935199586186e-04
6.969142813071243798e-04
6.967414119849496979e-04
6.965685855426418825e-04
6.963958019679691814e-04
6.962230612509648494e-04
6.960503633818201094e-04
6.958777083501803970e-04
6.957050961455113871e-04
6.955325267572200990e-04
6.953600001777486680e-04
6.951875163945702221e-04
6.950150753957791373e-04
6.948426771706099365e-04
6.946703217068610084e-04
6.944980089945905445e-04
6.943257390240136200e-04
6.941535117848020167e-04
6.939813272664468883e-04
6.938091854583820339e-04
6.936370863530681285e-04
6.934650299380093084e-04
6.932930162013297651e-04
6.931210451322902593e-04
6.929491167187197542e-04
6.927772309507008357e-04
6.926053878184732990e-04
6.924335873117338624e-04
6.922618294200004593e-04
6.920901141327325846e-04
6.919184414424096700e-04
6.917468113365668600e-04
6.915752238033576194e-04
6.914036788320699223e-04
6.912321764105621141e-04
6.910607165289418255e-04
6.908892991774729210e-04
6.907179243458779231e-04
6.905465920237003523e-04
6.903753022004257243e-04
6.902040548685525528e-04
6.900328500156466651e-04
6.898616876298907996e-04
6.896905677005993850e-04
6.895194902156612324e-04
6.893484551652081507e-04
6.891774625395285072e-04
6.890065123283695440e-04
6.888356045213013448e-04
6.886647391078354460e-04
6.884939160804884675e-04
6.883231354268575701e-04
6.881523971351547657e-04
6.879817011947207206e-04
6.878110475934741700e-04
6.876404363215716424e-04
6.874698673693252493e-04
6.872993407265080368e-04
6.871288563827153504e-04
6.869584143274853980e-04
6.867880145533533393e-04
6.866176570479464759e-04
6.864473417995063101e-04
6.862770687973999625e-04
6.861068380295760926e-04
6.859366494862155147e-04
6.857665031576544099e-04
6.855963990336911944e-04
6.854263371039473430e-04
6.852563173579861088e-04
6.850863397883617334e-04
6.849164043827323098e-04
6.847465111293679629e-04
6.845766600176625936e-04
6.844068510355945682e-04
6.842370841733689873e-04
6.840673594213461011e-04
6.838976767693495879e-04
6.837280362070262928e-04
6.835584377239661402e-04
6.833888813127409357e-04
6.832193669610396721e-04
6.830498946571616397e-04
6.828804643905270850e-04
6.827110761491439733e-04
6.825417299232419081e-04
6.823724257032046667e-04
6.822031634788814063e-04
6.820339432399446676e-04
6.818647649760099620e-04
6.816956286796673099e-04
6.815265343386368206e-04
6.813574819412464073e-04
6.811884714769424459e-04
6.810195029337628254e-04
6.808505763019611105e-04
6.806816915719452561e-04
6.805128487335892476e-04
6.803440477765912127e-04
6.801752886905923588e-04
6.800065714682020047e-04
6.798378960971692081e-04
6.796692625658516977e-04
6.795006708637217618e-04
6.793321209788472136e-04
6.791636129015052531e-04
6.789951466221280131e-04
6.788267221306144156e-04
6.786583394166881755e-04
6.784899984700160872e-04
6.783216992832256844e-04
6.781534418440967075e-04
6.779852261410155082e-04
6.778170521634803956e-04
6.776489198995887817e-04
6.774808293396422610e-04
6.773127804740960599e-04
6.771447732928745789e-04
6.769768077857270120e-04
6.768088839423457405e-04
6.766410017553761876e-04
6.764731612126288849e-04
6.763053623025185902e-04
6.761376050145697422e-04
6.759698893369091343e-04
6.758022152598628643e-04
6.756345827739093602e-04
6.754669918689981765e-04
6.752994425349038770e-04
6.751319347613442138e-04
6.749644685409830411e-04
6.747970438616609232e-04
6.746296607118215660e-04
6.744623190810152122e-04
6.742950189573981455e-04
6.741277603313200993e-04
6.739605431932834626e-04
6.737933675332625095e-04
6.736262333410571743e-04
6.734591406064106877e-04
6.732920893220052270e-04
6.731250794757112806e-04
6.729581110560013939e-04
6.727911840524516138e-04
6.726242984532472807e-04
6.724574542487624139e-04
6.722906514295230382e-04
6.721238899855279305e-04
6.719571699066023956e-04
6.717904911825153596e-04
6.716238538059665641e-04
6.714572577648569634e-04
6.712907030476875092e-04
6.711241896440600522e-04
6.710781832356787742e-04
