0.000000000000000000e+00
1.004303898050664008e-03
2.007216937375660634e-03
4.010261542381272915e-03
6.007744713811493179e-03
7.999669515058222685e-03
2.761393052355558611e-02
4.667620845235818244e-02
6.519055492085518155e-02
8.316158924503648520e-02
1.291072274317715540e-01
1.712308881579963082e-01
2.096691569798313781e-01
2.445720669478746445e-01
2.760999045735239577e-01
3.190237597532837865e-01
3.547599957440228935e-01
3.839596583298510724e-01
4.072609511496722012e-01
4.252760207915226576e-01
4.385841051797141898e-01
4.415817049770373592e-01
4.442554776615972312e-01
4.466169978156511733e-01
4.470528336196963326e-01
4.474767227470445863e-01
4.478887541578127629e-01
4.482890163724287391e-01
4.484458461066760937e-01
4.485691354698341238e-01
4.485740121017111059e-01
4.485788868784688632e-01
4.485802572073495642e-01
4.485807709330187354e-01
4.485812846380800023e-01
4.485786187469272268e-01
4.485721964959651364e-01
4.485657742698572203e-01
4.485015570740719659e-01
4.484373490871806922e-01
4.483731503078626779e-01
4.477316686474829277e-01
4.470911062877129249e-01
4.464514619165809162e-01
4.458127342185134734e-01
4.394755862026024640e-01
4.332286722060243456e-01
4.270707074978605244e-01
4.210004254954413661e-01
4.150165776876665324e-01
3.727312333853771698e-01
3.347621537739908781e-01
3.006687060824153601e-01
2.700552941814259311e-01
2.425667025991476988e-01
2.178839661566236985e-01
1.957206801171753052e-01
1.758196736524278436e-01
1.579500264320309877e-01
1.419043892141059748e-01
1.274965777156993607e-01
1.145594122662837999e-01
1.029427779188635816e-01
9.251188258160547573e-02
8.314569295210356981e-02
7.473553009985518802e-02
6.718380840433613166e-02
6.040290321477391478e-02
5.431413409255480412e-02
4.884685183833782640e-02
4.393761871009168457e-02
3.952947231968467756e-02
3.557126466660869707e-02
3.201706863927659269e-02
2.882564509719830539e-02
2.595996435029326518e-02
2.338677648279769219e-02
2.107622553599575871e-02
1.900150307292251470e-02
1.713853710515686121e-02
1.546571277214922949e-02
1.396362153197088993e-02
1.261483595320543084e-02
1.140370749476764950e-02
1.031618492717647703e-02
9.339651288323027808e-03
8.462777481840801086e-03
7.675390819298514265e-03
6.968356980837505169e-03
6.333474024577290251e-03
5.763377214921486073e-03
5.251453565433948471e-03
4.791765104678612913e-03
4.378979974633877802e-03
4.008310562178103720e-03
3.675457945751434228e-03
3.376562012577669428e-03
3.108156667628544402e-03
2.867129614595134279e-03
2.650686242182600551e-03
2.456317196680880312e-03
2.281769264537821234e-03
2.125019227069046418e-03
1.984250383926216242e-03
1.857831375008897959e-03
1.744297243837197517e-03
1.642333123800211129e-03
1.550758037759826687e-03
1.468511523613851098e-03
1.394641379022975832e-03
1.328292594270294880e-03
1.268697434671542954e-03
1.215166531864752706e-03
1.167080884387624142e-03
1.123884675066261045e-03
1.085078821502189362e-03
1.050215184895432041e-03
1.018891370001574585e-03
9.907460558797624370e-04
9.654548032525426355e-04
9.427262898274791410e-04
9.222989298965315191e-04
9.039378389882311588e-04
8.874321083515560905e-04
8.725928661586872508e-04
8.592497012615598609e-04
8.472496134557824885e-04
8.364555436318261332e-04
8.267444021800031927e-04
8.180056592549983692e-04
8.101400675784981281e-04
8.030585099438604076e-04
7.966809652555187663e-04
7.909355801121696616e-04
7.857578351342310759e-04
7.810897963856576172e-04
7.768794432027034463e-04
7.730800646306439268e-04
7.696497174657524615e-04
7.665507396145285418e-04
7.637468039635597226e-04
7.612106135479348003e-04
7.589147896806701030e-04
7.568347536655241521e-04
7.549484643739601524e-04
7.532361326358209559e-04
7.516799909337132293e-04
7.502640869467493319e-04
7.489740981042874047e-04
7.477971650840462827e-04
7.467217423209574108e-04
7.457374637886201446e-04
7.448350224930449766e-04
7.440060622777840225e-04
7.432430806826702740e-04
7.425393417268865478e-04
7.418887976024543616e-04
7.412860183678212245e-04
7.407261288242231352e-04
7.402047518410054174e-04
7.397179574710475210e-04
7.392622172647545517e-04
7.388343632515089040e-04
7.384315511117366549e-04
7.380512271114583137e-04
7.376910984149349015e-04
7.373491064302893768e-04
7.370234028782433064e-04
7.367123283057638037e-04
7.364143927948401790e-04
7.361282586421276364e-04
7.358527248081054087e-04
7.355867129549679452e-04
7.353292549109430006e-04
7.350794814152995793e-04
7.348366120132128910e-04
7.345999459830070480e-04
7.343688541903075706e-04
7.341427717744037360e-04
7.339211915818022978e-04
7.337036582706333611e-04
7.334897630173739308e-04
7.332791387643530735e-04
7.330714559527902420e-04
7.328664186917634290e-04
7.326637613185692103e-04
7.324632453104919011e-04
7.322646565120758712e-04
7.320678026456732155e-04
7.318725110763205349e-04
7.316786268049674507e-04
7.314860106667228721e-04
7.312945377131761316e-04
7.311040957599860939e-04
7.309145840828549330e-04
7.307259122467253112e-04
7.305379869612095524e-04
7.303507457008459602e-04
7.301641262259162728e-04
7.299780871284114155e-04
7.297925621641700817e-04
7.296074958099906752e-04
7.294228450676007187e-04
7.292385677119333446e-04
7.290546328874574237e-04
7.288710132979971112e-04
7.286876823528926116e-04
7.285046154609792083e-04
7.283217902991137842e-04
7.281391867437950584e-04
7.279567867025834834e-04
7.277745739256482596e-04
7.275925338237542936e-04
7.274106533004423385e-04
7.272289205998625199e-04
7.270473251696659128e-04
7.268658575377640388e-04
7.266845092016514492e-04
7.265032725290513889e-04
7.263221406687349639e-04
7.261411074704769882e-04
7.259601674132151218e-04
7.257793155405700908e-04
7.255985474029748783e-04
7.254178590057350435e-04
7.252372467624103054e-04
7.250567074529764818e-04
7.248762381862727377e-04
7.246958363662984017e-04
7.245154996619644844e-04
7.243352259799438466e-04
7.241550134403049481e-04
7.239748603546421885e-04
7.237947652064478368e-04
7.236147266334950470e-04
7.234347434120274797e-04
7.232548144425673129e-04
7.230749387371800943e-04
7.228951154080425889e-04
7.227153436571838408e-04
7.225356227672762857e-04
7.223559520933722864e-04
7.221763310554854803e-04
7.219967591319341026e-04
7.218172358533662741e-04
7.216377609197883493e-04
7.214583338505102961e-04
7.212789542453393234e-04
7.210996217955551509e-04
7.209203361967154349e-04
7.207410972247442092e-04
7.205619046802250356e-04
7.203827583680425060e-04
7.202036581067523509e-04
7.200246037305763720e-04
7.198455951325125968e-04
7.196666321413722244e-04
7.194877146128698464e-04
7.193088424340205378e-04
7.191300154922099534e-04
7.189512337044554275e-04
7.187724969967141915e-04
7.185938052958298124e-04
7.184151585330098792e-04
7.182365566446611638e-04
7.180579995893845990e-04
7.178794873005549856e-04
7.177010197206872737e-04
7.175225968037812589e-04
7.173442185030970940e-04
7.171658847835993278e-04
7.169875956134179459e-04
7.168093509606040040e-04
7.166311507945679303e-04
7.164529950864464199e-04
7.162748838169975948e-04
7.160968169550054312e-04
7.159187944727862362e-04
7.157408163473408290e-04
7.155628825544368575e-04
7.153849930753665215e-04
7.152071478926054276e-04
7.150293469882307382e-04
7.148515903446590793e-04
7.146738779448541653e-04
7.144962097771201653e-04
7.143185858223024794e-04
7.141410060628710765e-04
7.139634704836656659e-04
7.137859790681277700e-04
7.136085318031183764e-04
7.134311286760073971e-04
7.132537696736590722e-04
7.130764547829299442e-04
7.128991839908233562e-04
7.127219572882223606e-04
7.125447746600942775e-04
7.123676360923818836e-04
7.121905415726085056e-04
7.120134910868459403e-04
7.118364846238651057e-04
7.116595221727169693e-04
7.114826037219108314e-04
7.113057292598306582e-04
7.111288987748713665e-04
7.109521122588053797e-04
7.107753696980232501e-04
7.105986710796683998e-04
7.104220163921950515e-04
7.102454056225895266e-04
7.100688387602894190e-04
7.098923157949335507e-04
7.097158367156081258e-04
7.095394015112343328e-04
7.093630101706980152e-04
7.091866626860867740e-04
7.090103590442958575e-04
7.088340992328973815e-04
7.086578832406800451e-04
7.084817110549618269e-04
7.083055826654233991e-04
7.081294980619206409e-04
7.079534572337526938e-04
7.077774601700412152e-04
7.076015068598570136e-04
7.074255972954073858e-04
7.072497314637806766e-04
7.070739093527140173e-04
7.068981309511283796e-04
7.067223962464748823e-04
7.065467052285339441e-04
7.063710578872511078e-04
7.061954542120155035e-04
7.060198941920348744e-04
7.058443778164602599e-04
7.056689050775525164e-04
7.054934759624865081e-04
7.053180904590759109e-04
7.051427485563041466e-04
7.049674502416884703e-04
7.047921955050594992e-04
7.046169843364096137e-04
7.044418167251765162e-04
7.042666926606143537e-04
7.040916121319189432e-04
7.039165751313825829e-04
7.037415816462300102e-04
7.035666316643208714e-04
7.033917251746782699e-04
7.032168621648619616e-04
7.030420426247361741e-04
7.028672665443261389e-04
7.026925339131026267e-04
7.025178447203533948e-04
7.023431989553075450e-04
7.021685966102801440e-04
7.019940376725342015e-04
7.018195221299643833e-04
7.016450499716255602e-04
7.014706211851120740e-04
7.012962357603167753e-04
7.011218936872916753e-04
7.009475949555361678e-04
7.007733395543671749e-04
7.005991274730426384e-04
7.004249587038980079e-04
7.002508332342296865e-04
7.000767510519650830e-04
6.999027121461868237e-04
6.997287165045215597e-04
6.995547641168882707e-04
6.993808549733647722e-04
6.992069890634773459e-04
6.990331663765700192e-04
6.988593869019281641e-04
6.986856506319066374e-04
6.985119575538344767e-04
6.983383076556692317e-04
6.981647009265216095e-04
6.979911373540490524e-04
6.978176169281961275e-04
6.976441396390654784e-04
6.974707054762096245e-04
6.972973144289995899e-04
6.971239664867469842e-04
6.969506616418265051e-04
6.967773998815986322e-04
6.966041811940509474e-04
6.964310055683212630e-04
6.962578729920982463e-04
6.960847834553509673e-04
6.959117369482072232e-04
6.957387334602453373e-04
6.955657729808627883e-04
6.953928554993983992e-04
6.952199810082449740e-04
6.950471494947950846e-04
6.948743609470659117e-04
6.947016153542221557e-04
6.945289127039837090e-04
6.943562529863442530e-04
6.941836361914557624e-04
6.940110623089231238e-04
6.938385313281697281e-04
6.936660432385608529e-04
6.934935980325086010e-04
6.933211956974365524e-04
6.931488362213918120e-04
6.929765195935660765e-04
6.928042458017093794e-04
6.926320148358407723e-04
6.924598266861364078e-04
6.922876813422268677e-04
6.921155787935621062e-04
6.919435190295338553e-04
6.917715020425727578e-04
6.915995278201336185e-04
6.914275963502935747e-04
6.912557076222711032e-04
6.910838616238463780e-04
6.909120583450632791e-04
6.907402977761226788e-04
6.905685799066809630e-04
6.903969047262138899e-04
6.902252722241396460e-04
6.900536823929079560e-04
6.898821352200044162e-04
6.897106306935359794e-04
6.895391688027477936e-04
6.893677495354504992e-04
6.891963728817125873e-04
6.890250388317593249e-04
6.888537473752724682e-04
6.886824985017544467e-04
6.885112922006493595e-04
6.883401284644256879e-04
6.881690072806003616e-04
6.879979286373096069e-04
6.878268925238254601e-04
6.876558989279888106e-04
6.874849478398927611e-04
6.873140392497868647e-04
6.871431731473786816e-04
6.869723495221962285e-04
6.868015683637102757e-04
6.866308296644079530e-04
6.864601334118370897e-04
6.862894795941632941e-04
6.861188682006852738e-04
6.859482992192740590e-04
6.857777726400475808e-04
6.856072884532794613e-04
6.854368466487025229e-04
6.852664472158713450e-04
6.850960901442826106e-04
6.849257754264418806e-04
6.847555030499282097e-04
6.845852730029365878e-04
6.844150852747921772e-04
6.842449398533962572e-04
6.840748367288910451e-04
6.839047758915743408e-04
6.837347573312047705e-04
6.835647810373626093e-04
6.833948469995707780e-04
6.832249552103532688e-04
6.830551056573200362e-04
6.828852983286952351e-04
6.827155332138309159e-04
6.825458103006580655e-04
6.823761295793436205e-04
6.822064910402095587e-04
6.820368946730396599e-04
6.818673404674401115e-04
6.816978284129597467e-04
6.815283585021414230e-04
6.813589307226256692e-04
6.811895450626659137e-04
6.810202015116405532e-04
6.808509000575108236e-04
6.806816406904677309e-04
6.805124234008574306e-04
6.803432481784890727e-04
6.801741150129948657e-04
6.800050238939492299e-04
6.798359748139138877e-04
6.796669677605599426e-04
6.794980027221698797e-04
6.793290796881485500e-04
6.791601986464870051e-04
6.789913595874006455e-04
6.788225625012595877e-04
6.786538073778984603e-04
6.784850942069751674e-04
6.783164229780899333e-04
6.781477936838229120e-04
6.779792063118756729e-04
6.778106608505602999e-04
6.776421572893074480e-04
6.774736956161382011e-04
6.773052758212923545e-04
6.771368978951638768e-04
6.769685618276124420e-04
6.768002676083216497e-04
6.766320152269177449e-04
6.764638046759992047e-04
6.762956359432981731e-04
6.761275090171556821e-04
6.759594238870288412e-04
6.757913805409684416e-04
6.756233789692382393e-04
6.754554191622563807e-04
6.752875011099074764e-04
6.751196248019009300e-04
6.749517902278887906e-04
6.747839973804876414e-04
6.746162462474604177e-04
6.744485368171766661e-04
6.742808690791200592e-04
6.741132430213708782e-04
6.739456586342172737e-04
6.737781159081007026e-04
6.736106148329314711e-04
6.734431553984442445e-04
6.732757375943166592e-04
6.731083614131839468e-04
6.729410268428392917e-04
6.727737338716811887e-04
6.726064824892191143e-04
6.724392726835632739e-04
6.722721044450256705e-04
6.721049777640718302e-04
6.719378926306368875e-04
6.717708490344809864e-04
6.716038469653074590e-04
6.714368864157698596e-04
6.712699673736915139e-04
6.711030898274999729e-04
6.709362537667307343e-04
6.708901582267809026e-04
