0.000000000000000000e+00
1.004303061017753143e-03
2.007215266191402815e-03
4.010258211576302537e-03
6.007739734873461350e-03
7.999662899439470218e-03
2.761390816347711330e-02
4.667617145433520381e-02
6.519050435666087773e-02
8.316152615196921449e-02
1.291071353704963398e-01
1.712307738156913506e-01
2.096690264113474367e-01
2.445719256039545764e-01
2.760997573328490273e-01
3.190236117977628960e-01
3.547598557977557632e-01
3.839595334234595647e-01
4.072608468181657670e-01
4.252759412616100576e-01
4.385840535433804255e-01
4.415816616875095080e-01
4.442554428688140211e-01
4.466169716503450293e-01
4.470528091939516835e-01
4.474767000652165039e-01
4.478887332241155428e-01
4.482889971909379545e-01
4.484458276271771626e-01
4.485691175509028406e-01
4.485739942049841167e-01
4.485788690039455573e-01
4.485802393390688203e-01
4.485807530670783971e-01
4.485812667744800697e-01
4.485787913885870837e-01
4.485723724914833510e-01
4.485659502734896109e-01
4.485017331588325162e-01
4.484375252530450884e-01
4.483733265548068281e-01
4.477318457038917399e-01
4.470912841511688329e-01
4.464516405846716274e-01
4.458129136888320243e-01
4.394757735639610585e-01
4.332288672234189675e-01
4.270709099413696475e-01
4.210006351401289759e-01
4.150167943134868698e-01
3.727314958657174659e-01
3.347624518259787463e-01
3.006690310411355149e-01
2.700556387764171395e-01
2.425670607600215745e-01
2.178843328438681559e-01
1.957210511749339354e-01
1.758200456806179868e-01
1.579503966753562083e-01
1.419047554658509069e-01
1.274969382344479374e-01
1.145597657039228445e-01
1.029431232584366862e-01
9.251221908375587000e-02
8.314602010900025431e-02
7.473584759563267621e-02
6.718411608119792544e-02
6.040320104401585011e-02
5.431442214985704453e-02
4.884713028275585595e-02
4.393788776624862197e-02
3.952973226273039792e-02
3.557151580956628700e-02
3.201731132244558381e-02
2.882587967932661449e-02
2.596019120126717705e-02
2.338699597763192403e-02
2.107643804993442060e-02
1.900170897748674689e-02
1.713873676499694590e-02
1.546590654257816444e-02
1.396380975707300562e-02
1.261501896442846458e-02
1.140388560991920965e-02
1.031635844975706089e-02
9.339820507137296113e-03
8.462942670837296510e-03
7.675552237595210416e-03
6.968514872896926921e-03
6.333628620500403664e-03
5.763528730834288454e-03
5.251602203944770106e-03
4.791911055387673007e-03
4.379123414679647781e-03
4.008451656807668698e-03
3.675596848904259112e-03
3.376698867474081309e-03
3.108291607355898219e-03
2.867262762685991381e-03
2.650817713180451084e-03
2.456447096689929558e-03
2.281897691754191434e-03
2.125146272291465049e-03
1.984376131044845049e-03
1.857955901471256260e-03
1.744420621091008917e-03
1.642455417713703384e-03
1.550879309017955121e-03
1.468631828091794328e-03
1.394760768137553661e-03
1.328411115309750075e-03
1.268815131104437379e-03
1.215283443628818304e-03
1.167197048159444991e-03
1.124000124512686185e-03
1.085193587514398598e-03
1.050329295806575001e-03
1.019004851788900051e-03
9.908589323521343594e-04
9.655670962242196391e-04
9.428380192790122936e-04
9.224101141235931979e-04
9.040484947391684307e-04
8.875422509544148627e-04
8.727025096413459915e-04
8.593588584550554757e-04
8.473582960938600295e-04
8.365637624447420191e-04
8.268521669788293001e-04
8.181129790091983250e-04
8.102469504872817979e-04
8.031649635017397469e-04
7.967869963125037008e-04
7.910411949290170781e-04
7.858630394331288889e-04
7.811945953967011549e-04
7.769838417064938623e-04
7.731840669973167679e-04
7.697533276907217534e-04
7.666539613512090949e-04
7.638496405295156421e-04
7.613130680043566018e-04
7.590168648286153494e-04
7.569364520684599687e-04
7.550497883791684132e-04
7.533370843935733750e-04
7.517805724147805756e-04
7.503642999583887488e-04
7.490739443048371809e-04
7.478966459962434329e-04
7.468208593440884375e-04
7.458362182096037532e-04
7.449334154965374898e-04
7.441040949553928219e-04
7.433407540413512716e-04
7.426366566965962677e-04
7.419857550431214685e-04
7.413826190756961539e-04
7.408223735376614442e-04
7.403006412457326709e-04
7.398134922049527662e-04
7.393573979222520633e-04
7.389291903875084243e-04
7.385260252452544374e-04
7.381453487289029065e-04
7.377848679730953166e-04
7.374425243590522093e-04
7.371164695830628721e-04
7.368050441699083896e-04
7.365067581814338125e-04
7.362202738960047215e-04
7.359443902574961185e-04
7.356780289130309585e-04
7.354202216771554487e-04
7.351700992767216600e-04
7.349268812456348455e-04
7.346898668519915134e-04
7.344584269521357628e-04
7.342319966769344630e-04
7.340100688652512846e-04
7.337921881682813417e-04
7.335779457562082795e-04
7.333669745656511054e-04
7.331589450326473278e-04
7.329535612615730800e-04
7.327505575854578431e-04
7.325496954777134875e-04
7.323507607793701586e-04
7.321535612095894695e-04
7.319579241305128759e-04
7.317636945404609175e-04
7.315707332721553069e-04
7.313789153750174061e-04
7.311881286627373855e-04
7.309982724092282686e-04
7.308092561778069566e-04
7.306209866763861780e-04
7.304334013783447908e-04
7.302464380428016176e-04
7.300600552609607784e-04
7.298741867874133753e-04
7.296887770978710075e-04
7.295037831932138939e-04
7.293191628475222251e-04
7.291348852046328904e-04
7.289509229677983452e-04
7.287672495457963098e-04
7.285838403469329771e-04
7.284006730475758211e-04
7.282177275237738338e-04
7.280349856826739529e-04
7.278524312740651493e-04
7.276700497083633248e-04
7.274878278887871160e-04
7.273057540591902279e-04
7.271238176669494319e-04
7.269420092397221129e-04
7.267603202747677672e-04
7.265787431395914981e-04
7.263972709827607984e-04
7.262158976538610720e-04
7.260346176316523868e-04
7.258534259595895858e-04
7.256723181879499605e-04
7.254912903218921610e-04
7.253103387748377788e-04
7.251294603266313348e-04
7.249486520859880698e-04
7.247679114567892426e-04
7.245872361078333239e-04
7.244066239456858382e-04
7.242260730903123545e-04
7.240455818532085018e-04
7.238651487177710309e-04
7.236847723216820226e-04
7.235044514410957995e-04
7.233241849764489957e-04
7.231439719397232419e-04
7.229638114430143132e-04
7.227837026882719985e-04
7.226036449580913214e-04
7.224236376074486422e-04
7.222436800562837640e-04
7.220637717828417386e-04
7.218839123176992376e-04
7.217041013608122002e-04
7.215243384314080867e-04
7.213446231292162600e-04
7.211649551454479183e-04
7.209853341755841733e-04
7.208057599954868257e-04
7.206262324056791554e-04
7.204467512109823286e-04
7.202673162298876743e-04
7.200879272965532429e-04
7.199085843039314172e-04
7.197292870807582609e-04
7.195500354826776758e-04
7.193708293966408771e-04
7.191916687099614205e-04
7.190125533395985268e-04
7.188334832114523986e-04
7.186544582523064295e-04
7.184754783933069511e-04
7.182965435707994780e-04
7.181176537433411411e-04
7.179388088442348586e-04
7.177600088159268423e-04
7.175812536123550881e-04
7.174025431867098179e-04
7.172238775038993104e-04
7.170452565319967390e-04
7.168666802389950460e-04
7.166881485942441614e-04
7.165096615688212574e-04
7.163312191434409795e-04
7.161528212868166141e-04
7.159744679711967054e-04
7.157961591735214658e-04
7.156178948694892628e-04
7.154396750403361344e-04
7.152614996684822845e-04
7.150833687359468708e-04
7.149052822250868879e-04
7.147272401188064193e-04
7.145492424053673502e-04
7.143712890655444991e-04
7.141933800817406143e-04
7.140155154387352321e-04
7.138376951199010279e-04
7.136599191120430443e-04
7.134821874024765498e-04
7.133044999780076712e-04
7.131268568254339702e-04
7.129492579316993759e-04
7.127717032876445483e-04
7.125941928781669849e-04
7.124167266891424585e-04
7.122393047080343396e-04
7.120619269208457950e-04
7.118845933162924484e-04
7.117073038833704067e-04
7.115300586105311820e-04
7.113528574861003023e-04
7.111757004984130531e-04
7.109985876392003329e-04
7.108215188947822208e-04
7.106444942522362196e-04
7.104675136999562702e-04
7.102905772248607145e-04
7.101136848163314185e-04
7.099368364639534277e-04
7.097600321567547246e-04
7.095832718835983844e-04
7.094065556333109448e-04
7.092298833979384818e-04
7.090532551643064212e-04
7.088766709199203087e-04
7.087001306535098627e-04
7.085236343523245404e-04
7.083471820059903702e-04
7.081707736043084791e-04
7.079944091365205456e-04
7.078180885916904395e-04
7.076418119588296632e-04
7.074655792301039886e-04
7.072893903925322632e-04
7.071132454337859157e-04
7.069371443427262865e-04
7.067610871067366235e-04
7.065850737155423764e-04
7.064091041590349861e-04
7.062331784265465538e-04
7.060572965072267095e-04
7.058814583901676203e-04
7.057056640675888346e-04
7.055299135265958275e-04
7.053542067549364641e-04
7.051785437415351854e-04
7.050029244738415923e-04
7.048273489416313330e-04
7.046518171348433368e-04
7.044763290428578432e-04
7.043008846548709945e-04
7.041254839600208197e-04
7.039501269505575500e-04
7.037748136136371844e-04
7.035995439370538833e-04
7.034243179097715527e-04
7.032491355192826196e-04
7.030739967553969929e-04
7.028989016080859110e-04
7.027238500667632240e-04
7.025488421206592263e-04
7.023738777589446898e-04
7.021989569738932646e-04
7.020240797526991136e-04
7.018492460831922842e-04
7.016744559543679075e-04
7.014997093537538638e-04
7.013250062711879262e-04
7.011503466966690886e-04
7.009757306196401491e-04
7.008011580293601337e-04
7.006266289150289792e-04
7.004521432689411525e-04
7.002777010783248603e-04
7.001033023310415920e-04
6.999289470161156436e-04
6.997546351211072048e-04
6.995803666358808284e-04
6.994061415504604449e-04
6.992319598543163912e-04
6.990578215367351236e-04
6.988837265869444430e-04
6.987096749972580064e-04
6.985356667549366553e-04
6.983617018478727786e-04
6.981877802651185365e-04
6.980139019942652352e-04
6.978400670252031231e-04
6.976662753479815010e-04
6.974925269520966184e-04
6.973188218268624701e-04
6.971451599615333117e-04
6.969715413484424242e-04
6.967979659748824162e-04
6.966244338287763595e-04
6.964509448992034111e-04
6.962774991737862105e-04
6.961040966424399427e-04
6.959307372952389537e-04
6.957574211217057306e-04
6.955841481111807228e-04
6.954109182529452909e-04
6.952377315393516895e-04
6.950645879577244026e-04
6.948914874960163178e-04
6.947184301433339138e-04
6.945454158873310552e-04
6.943724447179474299e-04
6.941995166252824291e-04
6.940266315988849943e-04
6.938537896281215958e-04
6.936809907023003740e-04
6.935082348137927739e-04
6.933355219499546130e-04
6.931628520987691364e-04
6.929902252493697111e-04
6.928176413894406678e-04
6.926451005089472816e-04
6.924726025980133381e-04
6.923001476462132577e-04
6.921277356429408325e-04
6.919553665775305491e-04
6.917830404423727176e-04
6.916107572248544888e-04
6.914385169129890320e-04
6.912663194959371444e-04
6.910941649614134059e-04
6.909220532994082451e-04
6.907499845000697339e-04
6.905779585529989639e-04
6.904059754476153145e-04
6.902340351732800519e-04
6.900621377224024598e-04
6.898902830824013479e-04
6.897184712413193756e-04
6.895467021883443367e-04
6.893749759112212773e-04
6.892032923999656712e-04
6.890316516447503098e-04
6.888600536352017635e-04
6.886884983607659749e-04
6.885169858108307729e-04
6.883455159778238729e-04
6.881740888491956346e-04
6.880027044130187499e-04
6.878313626585074673e-04
6.876600635734377324e-04
6.874888071478495221e-04
6.873175933719403476e-04
6.871464222353622581e-04
6.869752937275875422e-04
6.868042078380305919e-04
6.866331645591379875e-04
6.864621638783910971e-04
6.862912057838923196e-04
6.861202902648829002e-04
6.859494173091690338e-04
6.857785869068156338e-04
6.856077990480442808e-04
6.854370537225331532e-04
6.852663509197806689e-04
6.850956906292272408e-04
6.849250728433385312e-04
6.847544975496269162e-04
6.845839647362245020e-04
6.844134743923992051e-04
6.842430265059875781e-04
6.840726210670791457e-04
6.839022580659199916e-04
6.837319374922137729e-04
6.835616593354853620e-04
6.833914235852010842e-04
6.832212302338455754e-04
6.830510792689623283e-04
6.828809706787125058e-04
6.827109044523912377e-04
6.825408805778652175e-04
6.823708990452484729e-04
6.822009598448115905e-04
6.820310629662835978e-04
6.818612083992153881e-04
6.816913961330997411e-04
6.815216261604397242e-04
6.813518984688099467e-04
6.811822130464010618e-04
6.810125698825348706e-04
6.808429689651079907e-04
6.806734102842592780e-04
6.805038938302834968e-04
6.803344195929351534e-04
6.801649875617912702e-04
6.799955977263707563e-04
6.798262500791953274e-04
6.796569446078702757e-04
6.794876813006158530e-04
6.793184601467803152e-04
6.791492811342905288e-04
6.789801442533097446e-04
6.788110494941567959e-04
6.786419968466119931e-04
6.784729863002779459e-04
6.783040178446995841e-04
6.781350914724174886e-04
6.779662071710679597e-04
6.777973649289001975e-04
6.776285647352889123e-04
6.774598065781912200e-04
6.772910904477948742e-04
6.771224163344426693e-04
6.769537842279403942e-04
6.767851941179162459e-04
6.766166459939417172e-04
6.764481398485754950e-04
6.762796756694845627e-04
6.761112534449478274e-04
6.759428731643661288e-04
6.757745348157265068e-04
6.756062383892412178e-04
6.754379838752770171e-04
6.752697712636650642e-04
6.751016005440594681e-04
6.749334717060577428e-04
6.747653847422367896e-04
6.745973396402944917e-04
6.744293363885388130e-04
6.742613749763969391e-04
6.740934553918859424e-04
6.739255776252422569e-04
6.737577416668565989e-04
6.735899475065854980e-04
6.734221951341090844e-04
6.732544845390499169e-04
6.730868157140041958e-04
6.729191886467001619e-04
6.727516033254747271e-04
6.725840597397813149e-04
6.724165578776671384e-04
6.722490977293927011e-04
6.720816792853726799e-04
6.719143025354888665e-04
6.717469674694468698e-04
6.715796740768953778e-04
6.714124223504488054e-04
6.712452122778659680e-04
6.710780438475127258e-04
6.709109170488690649e-04
6.708647411932900859e-04
