0.000000000000000000e+00
1.004303440196540904e-03
2.007216023307645345e-03
4.010259720801038173e-03
6.007741991256806274e-03
7.999665898045555876e-03
2.761391831583103265e-02
4.667618828225483796e-02
6.519052739584074718e-02
8.316155495191923652e-02
1.291071776074211308e-01
1.712308265578537658e-01
2.096690869847121219e-01
2.445719915824962065e-01
2.760998265269856144e-01
3.190236821611040496e-01
3.547599233163742927e-01
3.839595948001958137e-01
4.072608993949027867e-01
4.252759829447296802e-01
4.385840827340082848e-01
4.415816870997886778e-01
4.442554644176725520e-01
4.466169892592788959e-01
4.470528260064458581e-01
4.474767160786022324e-01
4.478887484357873539e-01
4.482890115983527157e-01
4.484458417121914287e-01
4.485691313784242462e-01
4.485740080223034054e-01
4.485788828110630622e-01
4.485802531433179530e-01
4.485807668702521678e-01
4.485812805765784783e-01
4.485787168084066634e-01
4.485722957165827474e-01
4.485658734949227733e-01
4.485016563436088344e-01
4.484374484011743878e-01
4.483732496662989342e-01
4.477317684495520367e-01
4.470912065319766482e-01
4.464515626016041239e-01
4.458128353428643109e-01
4.394756916421779791e-01
4.332287818211193464e-01
4.270708211518751685e-01
4.210005430548212635e-01
4.150166990218434604e-01
3.727313791764836903e-01
3.347623179554296557e-01
3.006688835722021169e-01
2.700554807441759020e-01
2.425668947261956920e-01
2.178841609618236141e-01
1.957208752463583668e-01
1.758198672048746913e-01
1.579502168924287464e-01
1.419045753936713783e-01
1.274967587013060288e-01
1.145595873765732353e-01
1.029429466664437687e-01
9.251204464055165499e-02
8.314584813007289132e-02
7.473567831421155938e-02
6.718394966175755822e-02
6.040303759387964655e-02
5.431426172914882028e-02
4.884697291291513477e-02
4.393773343729930059e-02
3.952958093946862955e-02
3.557136743681244689e-02
3.201716582948690992e-02
2.882573698366097323e-02
2.596005121174443930e-02
2.338685859707685666e-02
2.107630317732421543e-02
1.900157650974679951e-02
1.713860659847011442e-02
1.546577857421546631e-02
1.396368388538728536e-02
1.261489509024706426e-02
1.140376363696669545e-02
1.031623828509487667e-02
9.339702061483476370e-03
8.462825858786139632e-03
7.675436977754017398e-03
6.968401087954433602e-03
6.333516237239432932e-03
5.763417680099289231e-03
5.251492420573338274e-03
4.791802478113725214e-03
4.379015986014763752e-03
4.008345322906057759e-03
3.675491559415935798e-03
3.376594575390065578e-03
3.108188268848589668e-03
2.867160336947326919e-03
2.650716162259952446e-03
2.456346385334354579e-03
2.281797787250147355e-03
2.125047144312049423e-03
1.984277751501132593e-03
1.857858244369294323e-03
1.744323662394669594e-03
1.642359135213512615e-03
1.550783682206485770e-03
1.468536838045506575e-03
1.394666397404950662e-03
1.328317347805870775e-03
1.268721952011556825e-03
1.215190839303183050e-03
1.167105006043844123e-03
1.123908633054641112e-03
1.085102636089733084e-03
1.050238874648121721e-03
1.018914951920089082e-03
9.907695455252120940e-04
9.654782148628429867e-04
9.427496364249688190e-04
9.223222233874053041e-04
9.039610902543398097e-04
8.874553273350944613e-04
8.726160619422038568e-04
8.592728821367096080e-04
8.472727869895531035e-04
8.364787167288230841e-04
8.267675811384155547e-04
8.180288498180597221e-04
8.101632749817838999e-04
8.030817389587116897e-04
7.967042202288883695e-04
7.909588650031721974e-04
7.857811535476528272e-04
7.811131516026664562e-04
7.769028382089813870e-04
7.731035021421477690e-04
7.696731999522949709e-04
7.665742693213560251e-04
7.637703829155028951e-04
7.612342436015809202e-04
7.589384725219420558e-04
7.568584908245809669e-04
7.549722572392499964e-04
7.532599824666923573e-04
7.517038988719264856e-04
7.502880540269843803e-04
7.489981252637314220e-04
7.478212531711409200e-04
7.467458921033754858e-04
7.457616759605397707e-04
7.448592976817796762e-04
7.440304010498262864e-04
7.432674835491978995e-04
7.425638091487784826e-04
7.419133299948594239e-04
7.413106161043185116e-04
7.407507922406101177e-04
7.402294812387452683e-04
7.397427531204071221e-04
7.392870794076594147e-04
7.388592921041412442e-04
7.384565468668976510e-04
7.380762899407168880e-04
7.377162284705821027e-04
7.373743038471144116e-04
7.370486677751482418e-04
7.367376607872317936e-04
7.364397929522687077e-04
7.361537265550406562e-04
7.358782605452536974e-04
7.356123165753306915e-04
7.353549264646341973e-04
7.351052209443942938e-04
7.348624195524954732e-04
7.346258215606516840e-04
7.343947978284950853e-04
7.341687834898823423e-04
7.339472713863955458e-04
7.337298061717018993e-04
7.335159790182343336e-04
7.333054228646578541e-04
7.330978081488719782e-04
7.328928389769473386e-04
7.326902496834572119e-04
7.324898017432190283e-04
7.322912809985442431e-04
7.320944951697621553e-04
7.318992716200796661e-04
7.317054553487894108e-04
7.315129071895010637e-04
7.313215021924476204e-04
7.311311281720607371e-04
7.309416844029329070e-04
7.307530804490028212e-04
7.305652230188400178e-04
7.303780495862768765e-04
7.301914979108901872e-04
7.300055265841978377e-04
7.298200693612883622e-04
7.296350707183151723e-04
7.294504876565085756e-04
7.292662779503087181e-04
7.290824107438236478e-04
7.288988587405552952e-04
7.287155953495302050e-04
7.285325959792929859e-04
7.283498383064352169e-04
7.281673022072165501e-04
7.279849695889821157e-04
7.278028242017073671e-04
7.276208514559834133e-04
7.274390382551950991e-04
7.272573728433527965e-04
7.270758446679826802e-04
7.268944442568840572e-04
7.267131631074518405e-04
7.265319935873206956e-04
7.263509288451824733e-04
7.261699627307417314e-04
7.259890897228740052e-04
7.258083048651450516e-04
7.256276037079394982e-04
7.254469822565205121e-04
7.252664369244109493e-04
7.250859644915543184e-04
7.249055620667617036e-04
7.247252270540090148e-04
7.245449571221864457e-04
7.243647501779503775e-04
7.241846043413548498e-04
7.240045179239828783e-04
7.238244894093175162e-04
7.236445174351254124e-04
7.234646007776445896e-04
7.232847383373947319e-04
7.231049291264391105e-04
7.229251722569547071e-04
7.227454669309715416e-04
7.225658124311643265e-04
7.223862081125886772e-04
7.222066533952625680e-04
7.220271477575096550e-04
7.218476907299838053e-04
7.216682820126960355e-04
7.214889211249645535e-04
7.213096076666049164e-04
7.211303413289054092e-04
7.209511218074344217e-04
7.207719488781244447e-04
7.205928223415683639e-04
7.204137420026600954e-04
7.202347076799661034e-04
7.200557192077184894e-04
7.198767764789228705e-04
7.196978793224032391e-04
7.195190275938870891e-04
7.193402211804008793e-04
7.191614599693436005e-04
7.189827438777435372e-04
7.188040728315689800e-04
7.186254467576755301e-04
7.184468655872823777e-04
7.182683292568085463e-04
7.180898377248637506e-04
7.179113909248375364e-04
7.177329887992581897e-04
7.175546313021387334e-04
7.173763183867533063e-04
7.171980500180790341e-04
7.170198261642565275e-04
7.168416467933501780e-04
7.166635118747823399e-04
7.164854213797030441e-04
7.163073752888790861e-04
7.161293735711095126e-04
7.159514161987252674e-04
7.157735031487400717e-04
7.155956343969361016e-04
7.154178099246181338e-04
7.152400297142732675e-04
7.150622937479914586e-04
7.148846020082020181e-04
7.147069544778816711e-04
7.145293511453439106e-04
7.143517919914489905e-04
7.141742769986816246e-04
7.139968061518947497e-04
7.138193794345447417e-04
7.136419968335044059e-04
7.134646583361561227e-04
7.132873639293764922e-04
7.131101136000348503e-04
7.129329073351474422e-04
7.127557451256066445e-04
7.125786269563950644e-04
7.124015528134701155e-04
7.122245226843681347e-04
7.120475365551756641e-04
7.118705944146759817e-04
7.116936962519320896e-04
7.115168420554655393e-04
7.113400318136735246e-04
7.111632655149636474e-04
7.109865431511177636e-04
7.108098647085413875e-04
7.106332301743924695e-04
7.104566395371385680e-04
7.102800927837806411e-04
7.101035899037685343e-04
7.099271308867531041e-04
7.097507157218328061e-04
7.095743443979420561e-04
7.093980169039790576e-04
7.092217332320409524e-04
7.090454933690382763e-04
7.088692973025573479e-04
7.086931450214000935e-04
7.085170365128992372e-04
7.083409717667477025e-04
7.081649507728129695e-04
7.079889735204068649e-04
7.078130399986640566e-04
7.076371501966676044e-04
7.074613041066346716e-04
7.072855017156680227e-04
7.071097430115199679e-04
7.069340279831239473e-04
7.067583566179461499e-04
7.065827289057788124e-04
7.064071448365796205e-04
7.062316043997499560e-04
7.060561075845103556e-04
7.058806543800244353e-04
7.057052447785629179e-04
7.055298787673148705e-04
7.053545563341087144e-04
7.051792774679410984e-04
7.050040421563436976e-04
7.048288503891592723e-04
7.046537021563920207e-04
7.044785974474920050e-04
7.043035362517259491e-04
7.041285185583030055e-04
7.039535443595237125e-04
7.037786136426284200e-04
7.036037263954910857e-04
7.034288826071476066e-04
7.032540822651723754e-04
7.030793253594418710e-04
7.029046118799928177e-04
7.027299418163085627e-04
7.025553151576894402e-04
7.023807318933771287e-04
7.022061920156960190e-04
7.020316955119237576e-04
7.018572423699697554e-04
7.016828325789015684e-04
7.015084661263281752e-04
7.013341430021541355e-04
7.011598631964436040e-04
7.009856266987081171e-04
7.008114334982771740e-04
7.006372835844214015e-04
7.004631769494851397e-04
7.002891135807802958e-04
7.001150934662478311e-04
6.999411165949834908e-04
6.997671829546288878e-04
6.995932925351143862e-04
6.994194453265296192e-04
6.992456413184133367e-04
6.990718805001219262e-04
6.988981628609535531e-04
6.987244883932721817e-04
6.985508570844213777e-04
6.983772689223732193e-04
6.982037238962508817e-04
6.980302219937268779e-04
6.978567632047570505e-04
6.976833475194560777e-04
6.975099749273885137e-04
6.973366454179380676e-04
6.971633589804290343e-04
6.969901156072450020e-04
6.968169152857609785e-04
6.966437580039792909e-04
6.964706437510498945e-04
6.962975725146764187e-04
6.961245442848396428e-04
6.959515590516786396e-04
6.957786168047844179e-04
6.956057175335668159e-04
6.954328612273770168e-04
6.952600478786170402e-04
6.950872774746938779e-04
6.949145500036391305e-04
6.947418654546304003e-04
6.945692238154014576e-04
6.943966250759580185e-04
6.942240692264637671e-04
6.940515562565357328e-04
6.938790861556095582e-04
6.937066589130633145e-04
6.935342745213177781e-04
6.933619329678112741e-04
6.931896342406052187e-04
6.930173783289037773e-04
6.928451652204715115e-04
6.926729949053388570e-04
6.925008673736938927e-04
6.923287826151792350e-04
6.921567406192574148e-04
6.919847413753323073e-04
6.918127848758436624e-04
6.916408711082608135e-04
6.914690000606748838e-04
6.912971717223172522e-04
6.911253860809822959e-04
6.909536431267253873e-04
6.907819428497592165e-04
6.906102852397520957e-04
6.904386702861922513e-04
6.902670979785100131e-04
6.900955683091641044e-04
6.899240812656550837e-04
6.897526368361035646e-04
6.895812350097673803e-04
6.894098757744713743e-04
6.892385591202958555e-04
6.890672850374774750e-04
6.888960535157099153e-04
6.887248645445079656e-04
6.885537181133283020e-04
6.883826142146480791e-04
6.882115528359989721e-04
6.880405339655310849e-04
6.878695575925287053e-04
6.876986237048472511e-04
6.875277322925913174e-04
6.873568833460220583e-04
6.871860768548588520e-04
6.870153128086420747e-04
6.868445911968549655e-04
6.866739120119932189e-04
6.865032752416193014e-04
6.863326808739126988e-04
6.861621288981846955e-04
6.859916193023206333e-04
6.858211520764497188e-04
6.856507272108571752e-04
6.854803446952877511e-04
6.853100045193081689e-04
6.851397066724275800e-04
6.849694511471601105e-04
6.847992379310994518e-04
6.846290670124543631e-04
6.844589383805624750e-04
6.842888520233391617e-04
6.841188079309383496e-04
6.839488060936692228e-04
6.837788465013022255e-04
6.836089291434297756e-04
6.834390540095869370e-04
6.832692210923068093e-04
6.830994303792135500e-04
6.829296818585451918e-04
6.827599755196660366e-04
6.825903113505214911e-04
6.824206893412895509e-04
6.822511094823036863e-04
6.820815717633597116e-04
6.819120761740759575e-04
6.817426227040132916e-04
6.815732113457234620e-04
6.814038420868614174e-04
6.812345149156942472e-04
6.810652298216128163e-04
6.808959867925921299e-04
6.807267858188350120e-04
6.805576268906985684e-04
6.803885099980042008e-04
6.802194351303959352e-04
6.800504022774604435e-04
6.798814114317680134e-04
6.797124625810041683e-04
6.795435557134651625e-04
6.793746908185682070e-04
6.792058678843182311e-04
6.790370869009423448e-04
6.788683478588216150e-04
6.786996507478024881e-04
6.785309955575549029e-04
6.783623822776914435e-04
6.781938109008006123e-04
6.780252814145985071e-04
6.778567938074107641e-04
6.776883480686806153e-04
6.775199441864428055e-04
6.773515821509486223e-04
6.771832619526030935e-04
6.770149835812779276e-04
6.768467470266684334e-04
6.766785522784133245e-04
6.765103993291194263e-04
6.763422881665331942e-04
6.761742187790094295e-04
6.760061911560172766e-04
6.758382052856214042e-04
6.756702611580971693e-04
6.755023587638735606e-04
6.753344980928473315e-04
6.751666791347394865e-04
6.749989018792143265e-04
6.748311663188969996e-04
6.746634724415646444e-04
6.744958202356003598e-04
6.743282096905000699e-04
6.741606407943578254e-04
6.739931135374730526e-04
6.738256279102987009e-04
6.736581839027562437e-04
6.734907815045927063e-04
6.733234207054974345e-04
6.731561014981144418e-04
6.729888238702507906e-04
6.728215878103189617e-04
6.726543933078403580e-04
6.724872403509388457e-04
6.723201289299380289e-04
6.721530590353142756e-04
6.719860306570145381e-04
6.718190437848106699e-04
6.716520984084181460e-04
6.714851945204989778e-04
6.713183321088904768e-04
6.711515111620339636e-04
6.709847316694769704e-04
6.709386517558889968e-04
