0.000000000000000000e+00
1.004304343892234918e-03
2.007217828694359170e-03
4.010263314400418048e-03
6.007747356045478604e-03
7.999673017059576521e-03
2.761394205673042834e-02
4.667622701357974913e-02
6.519057954406666522e-02
8.316161900072260860e-02
1.291072666954663772e-01
1.712309310713279187e-01
2.096691983327644837e-01
2.445721021413120588e-01
2.760999295793993280e-01
3.190237620138689500e-01
3.547599685412826664e-01
3.839595965639757691e-01
4.072608511255285113e-01
4.252758800217613655e-01
4.385839222056357456e-01
4.415815098745644041e-01
4.442552704013159603e-01
4.466167783848710715e-01
4.470526117546975708e-01
4.474764984480748553e-01
4.478885274252410453e-01
4.482887872067434221e-01
4.484456157808615062e-01
4.485689045472679992e-01
4.485737811484068471e-01
4.485786558997569839e-01
4.485800262212990552e-01
4.485805399437283736e-01
4.485810523066838251e-01
4.485782148791632729e-01
4.485717925536298334e-01
4.485653703201999409e-01
4.485011530512080236e-01
4.484369449911340677e-01
4.483727461386572966e-01
4.477312637480008184e-01
4.470907006603346279e-01
4.464510555636816425e-01
4.458123271424631606e-01
4.394751720242336956e-01
4.332282511565873628e-01
4.270702798034798908e-01
4.209999913772146107e-01
4.150161373617613503e-01
3.727307528843240014e-01
3.347616431476510557e-01
3.006681737547631794e-01
2.700547471781150066e-01
2.425661467451944997e-01
2.178834062482631895e-01
1.957201200712104239e-01
1.758191166357816193e-01
1.579494749740200932e-01
1.419038453036080560e-01
1.274960428851252270e-01
1.145588876640386694e-01
1.029422643717713415e-01
9.251138064858993593e-02
8.314520297026158080e-02
7.473505222391520209e-02
6.718334264037262304e-02
6.040244944893921608e-02
5.431369211549415266e-02
4.884642136586968969e-02
4.393719940066125040e-02
3.952906378903395940e-02
3.557086650004946671e-02
3.201668040190279452e-02
2.882526634233065210e-02
2.595959462641057522e-02
2.338641533917580964e-02
2.107587252724581195e-02
1.900115776259434647e-02
1.713819906855125128e-02
1.546538159846290450e-02
1.396329682588114476e-02
1.261451733598649774e-02
1.140339460501788027e-02
1.031587742122412610e-02
9.339348840368700763e-03
8.462479783886103779e-03
7.675097580903037127e-03
6.968067928739968275e-03
6.333188902211075826e-03
5.763095781850087473e-03
5.251175596727740424e-03
4.791490390250780287e-03
4.378708318550346076e-03
4.008041781953705293e-03
3.675191871642297797e-03
3.376298486877945745e-03
3.107895543977948899e-03
2.866870757302430930e-03
2.650429525568982585e-03
2.456062504446244067e-03
2.281516489152087684e-03
2.124768269190031346e-03
1.984001151844964547e-03
1.857583784123152150e-03
1.744051216152762724e-03
1.642088587459200090e-03
1.550514926597332081e-03
1.468269776741086292e-03
1.394400940436045944e-03
1.328053412483871758e-03
1.268459462376441381e-03
1.214929725608330157e-03
1.166845204275918351e-03
1.123650084486753440e-03
1.084845286866089340e-03
1.049982675398383790e-03
1.018659857401714181e-03
9.905155142920722255e-04
9.652252089584884270e-04
9.424976210989593041e-04
9.220711668331908186e-04
9.037109633672509414e-04
8.872061034890670094e-04
8.723677167788270251e-04
8.590253933839419806e-04
8.470261342870983321e-04
8.362328814638799812e-04
8.265225462980917235e-04
8.177845998536568744e-04
8.099197956840576860e-04
8.028390173433469891e-04
7.964622444313999849e-04
7.907176241824998746e-04
7.855406377977710219e-04
7.808733518715768682e-04
7.766637462245015982e-04
7.728651103439539930e-04
7.694355014297138938e-04
7.663372577564396375e-04
7.635340525721039627e-04
7.609985891876557300e-04
7.587034891959574005e-04
7.566241741562096477e-04
7.547386031722876391e-04
7.530269872857814047e-04
7.514715591721822735e-04
7.500563666862684019e-04
7.487670874173516867e-04
7.475908621887704820e-04
7.465161455680026587e-04
7.455325716492730874e-04
7.446308335483502747e-04
7.438025752086401638e-04
7.430402942608045668e-04
7.423372548066328562e-04
7.416874091132646301e-04
7.410853273074453039e-04
7.405261342525006410e-04
7.400054528742138924e-04
7.395193532767581129e-04
7.390643070571517289e-04
7.386371462871319264e-04
7.382350266856062618e-04
7.378553945535539340e-04
7.374959570869910530e-04
7.371546557228831741e-04
7.368296422081469475e-04
7.365192571135377496e-04
7.362220105426472939e-04
7.359365648117455194e-04
7.356617188991205472e-04
7.353963944831370513e-04
7.351396234067025586e-04
7.348905364224141709e-04
7.346483530875458183e-04
7.344123726914063158e-04
7.341819661095931333e-04
7.339565684904484190e-04
7.337356726886984804e-04
7.335188233699355522e-04
7.333056117174125777e-04
7.330956706796113624e-04
7.328886707033387951e-04
7.326843159027480188e-04
7.324823406197453115e-04
7.322825063358033701e-04
7.320845988992723307e-04
7.318884260359633269e-04
7.316938151140576878e-04
7.315006111373647266e-04
7.313086749435951123e-04
7.311178815867049909e-04
7.309281188845085124e-04
7.307392861146704737e-04
7.305512928438449502e-04
7.303640457836566534e-04
7.301774824098885511e-04
7.299915404841594195e-04
7.298061785992585905e-04
7.296213305123921532e-04
7.294369407016056692e-04
7.292529661695857464e-04
7.290693646922474791e-04
7.288861054148093556e-04
7.287031610417400891e-04
7.285205049830279118e-04
7.283381126481243677e-04
7.281559617144615091e-04
7.279740320590714821e-04
7.277923055900095695e-04
7.276107660579038058e-04
7.274293988739459482e-04
7.272481909420738929e-04
7.270671305068081292e-04
7.268862070161460258e-04
7.267054109983237149e-04
7.265247339511403000e-04
7.263441682426061228e-04
7.261637070217634481e-04
7.259833441386426365e-04
7.258030740724244262e-04
7.256228918669605866e-04
7.254427930729044106e-04
7.252627736957712509e-04
7.250828301493230299e-04
7.249029592137285535e-04
7.247231579980133610e-04
7.245434239063568670e-04
7.243637546078434460e-04
7.241841480093145524e-04
7.240046022310022518e-04
7.238251155846602133e-04
7.236456865539357469e-04
7.234663137767539031e-04
7.232869960295067700e-04
7.231077322128618085e-04
7.229285213390275727e-04
7.227493625203211232e-04
7.225702549589095233e-04
7.223911979376019263e-04
7.222121908115850279e-04
7.220332330010052800e-04
7.218543239843125403e-04
7.216754632922849251e-04
7.214966506250206210e-04
7.213178855019809505e-04
7.211391675231158035e-04
7.209604963798327271e-04
7.207818717678329259e-04
7.206032934631568772e-04
7.204247612665019840e-04
7.202462749828726423e-04
7.200678344309460136e-04
7.198894394450657637e-04
7.197110899183162226e-04
7.195327856796515957e-04
7.193545265849225420e-04
7.191763125212662176e-04
7.189981433762061879e-04
7.188200190668718936e-04
7.186419395193312633e-04
7.184639046605438735e-04
7.182859144218351659e-04
7.181079687397307412e-04
7.179300675729159914e-04
7.177522108549053625e-04
7.175743985283470532e-04
7.173966305473605549e-04
7.172189068653418709e-04
7.170412274473661387e-04
7.168635922616718725e-04
7.166860012764250535e-04
7.165084544611523363e-04
7.163309517871080520e-04
7.161534932351336976e-04
7.159760787741513768e-04
7.157987083766096693e-04
7.156213820196277893e-04
7.154440996791083677e-04
7.152668613364528919e-04
7.150896669742450636e-04
7.149125165746762116e-04
7.147354101202782126e-04
7.145583475941318747e-04
7.143813289846242002e-04
7.142043542727381745e-04
7.140274234410745212e-04
7.138505364745913444e-04
7.136736933568639573e-04
7.134968940748627432e-04
7.133201386160651671e-04
7.131434269674484430e-04
7.129667591159845807e-04
7.127901350487928249e-04
7.126135547568390608e-04
7.124370182252277601e-04
7.122605254400316954e-04
7.120840763888922629e-04
7.119076710580143994e-04
7.117313094362780939e-04
7.115549915128413245e-04
7.113787172763260400e-04
7.112024867152314574e-04
7.110262998180678527e-04
7.108501565766900485e-04
7.106740569776249898e-04
7.104980010081463114e-04
7.103219886568251130e-04
7.101460199107811812e-04
7.099700947595598798e-04
7.097942131929073665e-04
7.096183752000219521e-04
7.094425807699395337e-04
7.092668298916609887e-04
7.090911225573559920e-04
7.089154587540561847e-04
7.087398384694627027e-04
7.085642616924813387e-04
7.083887284105625610e-04
7.082132386134952452e-04
7.080377922912413054e-04
7.078623894332122064e-04
7.076870300286437722e-04
7.075117140667211944e-04
7.073364415397341695e-04
7.071612124349061336e-04
7.069860267401034551e-04
7.068108844443638742e-04
7.066357855352703487e-04
7.064607300027110669e-04
7.062857178367372814e-04
7.061107490268500120e-04
7.059358235623708431e-04
7.057609414325651974e-04
7.055861026297754633e-04
7.054113071413117050e-04
7.052365549551158595e-04
7.050618460602880088e-04
7.048871804444767049e-04
7.047125580976201179e-04
7.045379790098162294e-04
7.043634431706138725e-04
7.041889505693807103e-04
7.040145011954265092e-04
7.038400950411252081e-04
7.036657320938356601e-04
7.034914123415462062e-04
7.033171357733954175e-04
7.031429023770742383e-04
7.029687121425542322e-04
7.027945650599656899e-04
7.026204611188900792e-04
7.024464003087286731e-04
7.022723826188237645e-04
7.020984080415716266e-04
7.019244765643694933e-04
7.017505881752400749e-04
7.015767428633531673e-04
7.014029406164341927e-04
7.012291814244825785e-04
7.010554652776550700e-04
7.008817921655619747e-04
7.007081620776327551e-04
7.005345750032382184e-04
7.003610309347953460e-04
7.001875298597336813e-04
7.000140717661081351e-04
6.998406566431164761e-04
6.996672844785160016e-04
6.994939552623315095e-04
6.993206689847452241e-04
6.991474256353940155e-04
6.989742252037341261e-04
6.988010676791637935e-04
6.986279530541183221e-04
6.984548813160605402e-04
6.982818524530743070e-04
6.981088664543847128e-04
6.979359233077803886e-04
6.977630230033106352e-04
6.975901655311828303e-04
6.974173508810591060e-04
6.972445790424227014e-04
6.970718500046976579e-04
6.968991637603387957e-04
6.967265202968394092e-04
6.965539196023139319e-04
6.963813616660141257e-04
6.962088464757583287e-04
6.960363740216212120e-04
6.958639442938342225e-04
6.956915572820854049e-04
6.955192129758835853e-04
6.953469113646799102e-04
6.951746524409470893e-04
6.950024361922101839e-04
6.948302626066123590e-04
6.946581316734326984e-04
6.944860433805194640e-04
6.943139977179718300e-04
6.941419946760452042e-04
6.939700342444537606e-04
6.937981164127322376e-04
6.936262411703573690e-04
6.934544085098210547e-04
6.932826184186789307e-04
6.931108708851040860e-04
6.929391658984011913e-04
6.927675034464493000e-04
6.925958835193720894e-04
6.924243061074490365e-04
6.922527712004194686e-04
6.920812787878442536e-04
6.919098288592264714e-04
6.917384214070761280e-04
6.915670564189798676e-04
6.913957338831397273e-04
6.912244537888875915e-04
6.910532161241318954e-04
6.908820208790207107e-04
6.907108680438580174e-04
6.905397576084085134e-04
6.903686895622585451e-04
6.901976638949372132e-04
6.900266805989732806e-04
6.898557396619839658e-04
6.896848410722006880e-04
6.895139848189815691e-04
6.893431708902648600e-04
6.891723992762233521e-04
6.890016699671846611e-04
6.888309829529388551e-04
6.886603382230984099e-04
6.884897357672179049e-04
6.883191755778449682e-04
6.881486576426270674e-04
6.879781819498252205e-04
6.878077484888230281e-04
6.876373572475898577e-04
6.874670082163217028e-04
6.872967013853708987e-04
6.871264367445522334e-04
6.869562142835037698e-04
6.867860339918066504e-04
6.866158958620265009e-04
6.864457998818413636e-04
6.862757460395410960e-04
6.861057343245362955e-04
6.859357647248250610e-04
6.857658372306287562e-04
6.855959518323224847e-04
6.854261085197470554e-04
6.852563072825660099e-04
6.850865481103859695e-04
6.849168309957910997e-04
6.847471559264903425e-04
6.845775228908020701e-04
6.844079318781631175e-04
6.842383828766015075e-04
6.840688758763622396e-04
6.838994108678451370e-04
6.837299878409154033e-04
6.835606067852624925e-04
6.833912676905187214e-04
6.832219705492865785e-04
6.830527153493051468e-04
6.828835020789219635e-04
6.827143307276001011e-04
6.825452012833969646e-04
6.823761137365820561e-04
6.822070680775786178e-04
6.820380642962771151e-04
6.818691023823924809e-04
6.817001823255825106e-04
6.815313041184681243e-04
6.813624677488187625e-04
6.811936732050109106e-04
6.810249204765336621e-04
6.808562095514739121e-04
6.806875404201251237e-04
6.805189130729341748e-04
6.803503274998169009e-04
6.801817836905134970e-04
6.800132816347074539e-04
6.798448213250376897e-04
6.796764027493043276e-04
6.795080258959122592e-04
6.793396907543764905e-04
6.791713973128137320e-04
6.790031455615414078e-04
6.788349354910300313e-04
6.786667670912202664e-04
6.784986403518775697e-04
6.783305552627113448e-04
6.781625118163786157e-04
6.779945100007092130e-04
6.778265498041373014e-04
6.776586312162039081e-04
6.774907542250545832e-04
6.773229188210311454e-04
6.771551249946275268e-04
6.769873727358093280e-04
6.768196620343674844e-04
6.766519928800363362e-04
6.764843652654914472e-04
6.763167791785931141e-04
6.761492346078036911e-04
6.759817315426901174e-04
6.758142699714273253e-04
6.756468498843808774e-04
6.754794712720684500e-04
6.753121341244803632e-04
6.751448384314329230e-04
6.749775841826858398e-04
6.748103713709328920e-04
6.746431999840640835e-04
6.744760700105704998e-04
6.743089814400447758e-04
6.741419342606916592e-04
6.739749284628999146e-04
6.738079640372110707e-04
6.736410409736400592e-04
6.734741592620282309e-04
6.733073188921609919e-04
6.731405198567499016e-04
6.729737621437151046e-04
6.728070457415759840e-04
6.726403706399510874e-04
6.724737368270742189e-04
6.723071442933581041e-04
6.721405930293674735e-04
6.719740830251420870e-04
6.718076142705485575e-04
6.716411867553972277e-04
6.714748004724179799e-04
6.713084554095607743e-04
6.711421515553734002e-04
6.709758888995002090e-04
6.709299517615029563e-04
