0.000000000000000000e+00
1.004303712587230986e-03
2.007216566991633366e-03
4.010260803783190914e-03
6.007743609163626076e-03
7.999668046518335768e-03
2.761392553338437930e-02
4.667620014919278415e-02
6.519054350691735888e-02
8.316157491617323649e-02
1.291072061478596988e-01
1.712308611846578288e-01
2.096691254650498160e-01
2.445720319270179299e-01
2.760998669751179579e-01
3.190237197479094400e-01
3.547599550019698844e-01
3.839596182037544048e-01
4.072609127113016037e-01
4.252759848668046239e-01
4.385840723812849395e-01
4.415816731520776361e-01
4.442554468408240753e-01
4.466169680261725672e-01
4.470528040394247116e-01
4.474766933768999366e-01
4.478887249986885921e-01
4.482889874251926310e-01
4.484458172444319990e-01
4.485691066754932677e-01
4.485739833100610974e-01
4.485788580895094801e-01
4.485802284191466316e-01
4.485807421450994092e-01
4.485812558504443937e-01
4.485786247808852822e-01
4.485722027627699893e-01
4.485657805381028651e-01
4.485015633567233095e-01
4.484373553842330162e-01
4.483731566193115414e-01
4.477316751026410024e-01
4.470911128861173034e-01
4.464514686577695790e-01
4.458127411020254005e-01
4.394755944842156370e-01
4.332286818407475870e-01
4.270707184416904223e-01
4.210004377053431779e-01
4.150165911215559222e-01
3.727312547558442324e-01
3.347621811205901965e-01
3.006687377584904564e-01
2.700553288104088345e-01
2.425667390365814358e-01
2.178840034571308815e-01
1.957207175057386062e-01
1.758197104994643212e-01
1.579500622317786540e-01
1.419044235659077391e-01
1.274966103078172264e-01
1.145594428619229194e-01
1.029428063441224644e-01
9.251190871510558966e-02
8.314571671608063375e-02
7.473555145252200327e-02
6.718382733335000190e-02
6.040291973166288242e-02
5.431414822797502040e-02
4.884686363805032516e-02
4.393762823156122793e-02
3.952947962921556785e-02
3.557126983694335054e-02
3.201707174759229474e-02
2.882564622344577915e-02
2.595996357582827305e-02
2.338677388926305514e-02
2.107622120441699637e-02
1.900149708298510404e-02
1.713852953463746234e-02
1.546570369647701226e-02
1.396361102389828170e-02
1.261482408257054953e-02
1.140369432833312005e-02
1.031617052853151840e-02
9.339635717837569545e-03
8.462760796662031210e-03
7.675373073381679297e-03
6.968338225003990402e-03
6.333454306594109122e-03
5.763356579597181742e-03
5.251432054726752098e-03
4.791742757813338867e-03
4.378956828224653611e-03
4.008286650354522633e-03
3.675433300286158871e-03
3.376536663013865458e-03
3.108130641405861330e-03
2.867102937173188724e-03
2.650658937161173498e-03
2.456289285916203428e-03
2.281740768254499931e-03
2.124990163967300887e-03
1.984220771284226671e-03
1.857801228780103439e-03
1.744266578742554273e-03
1.642301953415581817e-03
1.550726374598191976e-03
1.468479379202685276e-03
1.394608763976928900e-03
1.328259518359304735e-03
1.268663906884548963e-03
1.215132560469203010e-03
1.167046476984972062e-03
1.123849838643648132e-03
1.085043562480516319e-03
1.050179509174014409e-03
1.018855282999584205e-03
9.907095625746389911e-04
9.654179082155675204e-04
9.426889972566885895e-04
9.222612436471413740e-04
9.038997626007387425e-04
8.873936450776759473e-04
8.725540189858658254e-04
8.592104729340487024e-04
8.472100064949388519e-04
8.364155603552208499e-04
8.267040447185923730e-04
8.179649295689167586e-04
8.100989674715800438e-04
8.030170410769750999e-04
7.966391291588110612e-04
7.908933781962905604e-04
7.857152687006362666e-04
7.810468666360494659e-04
7.768361512476807621e-04
7.730364114976255282e-04
7.696057041062313560e-04
7.665063669107112553e-04
7.637020727296253827e-04
7.611655245461299013e-04
7.588693436205509735e-04
7.567889512085365167e-04
7.549023061377713867e-04
7.531896191982051080e-04
7.516331228360973371e-04
7.502168646974515008e-04
7.489265221814712589e-04
7.477492359384170506e-04
7.466734603782212206e-04
7.456888294517266969e-04
7.447860361442314820e-04
7.439567242804394874e-04
7.431933913830340117e-04
7.424893014555951180e-04
7.418384066759511420e-04
7.412352770896399974e-04
7.406750374861573996e-04
7.401533107241720999e-04
7.396661668468554936e-04
7.392100773957858712e-04
7.387818743923209048e-04
7.383787135095914002e-04
7.379980410069861274e-04
7.376375640427376180e-04
7.372952240194893814e-04
7.369691726529816172e-04
7.366577504856539190e-04
7.363594675953801828e-04
7.360729862750746812e-04
7.357971054818150712e-04
7.355307468747044166e-04
7.352729422791587019e-04
7.350228224318910335e-04
7.347796068757513326e-04
7.345425948869495174e-04
7.343111573291869745e-04
7.340847293400025366e-04
7.338628037643096140e-04
7.336449252587875407e-04
7.334306849985920045e-04
7.332197159248486076e-04
7.330116884776798070e-04
7.328063067651624431e-04
7.326033051236810608e-04
7.324024450296862240e-04
7.322035123269618430e-04
7.320063147371634127e-04
7.318106796246920832e-04
7.316164519899142835e-04
7.314234926674052784e-04
7.312316767082644494e-04
7.310408919277011511e-04
7.308510376010042596e-04
7.306620232927358823e-04
7.304737557121042607e-04
7.302861723333667820e-04
7.300992109165203641e-04
7.299128300533600172e-04
7.297269634994105582e-04
7.295415557311929434e-04
7.293565637502101573e-04
7.291719453311624457e-04
7.289876696183418461e-04
7.288037093154081485e-04
7.286200378315371923e-04
7.284366305754051002e-04
7.282534652237174005e-04
7.280705216528292638e-04
7.278877817701649667e-04
7.277052293257645814e-04
7.275228497302695238e-04
7.273406298871032362e-04
7.271585580403028704e-04
7.269766236374116232e-04
7.267948172062368246e-04
7.266131302441731707e-04
7.264315551188470872e-04
7.262500849789356797e-04
7.260687136741231229e-04
7.258874356832583892e-04
7.257062460498762274e-04
7.255251403243254864e-04
7.253441145118291094e-04
7.251631650258670179e-04
7.249822886463353410e-04
7.248014824819955064e-04
7.246207439367709485e-04
7.244400706794970005e-04
7.242594606167724724e-04
7.240789118685924232e-04
7.238984227464787197e-04
7.237179917338518566e-04
7.235376174684144063e-04
7.233572987263390142e-04
7.231770344080784693e-04
7.229968235256288220e-04
7.228166651910978820e-04
7.226365586064462804e-04
7.224565030542787984e-04
7.222764978895796027e-04
7.220965425322951100e-04
7.219166364606768773e-04
7.217367792053055878e-04
7.215569704661407586e-04
7.213772097624133193e-04
7.211974966938565360e-04
7.210178309516831249e-04
7.208382122313752817e-04
7.206586403087955660e-04
7.204791149844670412e-04
7.202996360632103311e-04
7.201202033635170901e-04
7.199408167195436338e-04
7.197614760242420197e-04
7.195821811063464685e-04
7.194029318214990388e-04
7.192237280566492110e-04
7.190445696991078304e-04
7.188654566658317325e-04
7.186863888827189515e-04
7.185073662765498453e-04
7.183283887784680348e-04
7.181494563248162159e-04
7.179705688741492425e-04
7.177917263597665635e-04
7.176129287241108127e-04
7.174341759211164083e-04
7.172554679039698858e-04
7.170768046375756207e-04
7.168981860900041844e-04
7.167196122292446162e-04
7.165410830246435932e-04
7.163625984472743848e-04
7.161841584778490342e-04
7.160057630850762741e-04
7.158274122412007457e-04
7.156491059231585416e-04
7.154708441066435836e-04
7.152926267728884407e-04
7.151144539043098472e-04
7.149363254829228407e-04
7.147582414910806214e-04
7.145802019116836946e-04
7.144022067329908014e-04
7.142242559357719900e-04
7.140463495024257801e-04
7.138684874177275881e-04
7.136906696650456442e-04
7.135128962311811963e-04
7.133351671034459350e-04
7.131574822686418671e-04
7.129798417135626513e-04
7.128022454251482050e-04
7.126246933942362609e-04
7.124471856057196543e-04
7.122697220454698216e-04
7.120923027009459045e-04
7.119149275581466247e-04
7.117375966057834860e-04
7.115603098328493427e-04
7.113830672277914784e-04
7.112058687789310843e-04
7.110287144746001934e-04
7.108516043065261263e-04
7.106745382610247337e-04
7.104975163251685310e-04
7.103205384873477728e-04
7.101436047344762475e-04
7.099667150559318095e-04
7.097898694412958179e-04
7.096130678795922438e-04
7.094363103596802592e-04
7.092595968703824987e-04
7.090829274037421109e-04
7.089063019465796428e-04
7.087297204863964115e-04
7.085531830119176904e-04
7.083766895103887082e-04
7.082002399714311565e-04
7.080238343848428012e-04
7.078474727398617432e-04
7.076711550255474067e-04
7.074948812309073912e-04
7.073186513481049750e-04
7.071424653641536929e-04
7.069663232667207451e-04
7.067902250446633523e-04
7.066141706853604253e-04
7.064381601785335108e-04
7.062621935140700382e-04
7.060862706812986393e-04
7.059103916693647155e-04
7.057345564673565309e-04
7.055587650674909235e-04
7.053830174568683810e-04
7.052073136232326483e-04
7.050316535555038299e-04
7.048560372411267561e-04
7.046804646698737141e-04
7.045049358316799468e-04
7.043294507159215739e-04
7.041540093117909429e-04
7.039786116084220712e-04
7.038032575980621543e-04
7.036279472678629628e-04
7.034526806056136698e-04
7.032774576002743866e-04
7.031022782393330948e-04
7.029271425125958005e-04
7.027520504100301640e-04
7.025770019210462406e-04
7.024019970348702050e-04
7.022270357406689258e-04
7.020521180307132342e-04
7.018772438921928479e-04
7.017024133129327185e-04
7.015276262819246161e-04
7.013528827866914337e-04
7.011781828170676918e-04
7.010035263630483727e-04
7.008289134140724798e-04
7.006543439593952444e-04
7.004798179882127003e-04
7.003053354928161700e-04
7.001308964604293066e-04
6.999565008789092628e-04
6.997821487372765398e-04
6.996078400230864485e-04
6.994335747261999636e-04
6.992593528366375464e-04
6.990851743438654137e-04
6.989110392371662272e-04
6.987369475057637761e-04
6.985628991419690070e-04
6.983888941330378825e-04
6.982149324668588883e-04
6.980410141324799563e-04
6.978671391174878389e-04
6.976933074117687731e-04
6.975195190053690240e-04
6.973457738877808293e-04
6.971720720483140640e-04
6.969984134762191889e-04
6.968247981638268831e-04
6.966512260984247676e-04
6.964776972679317946e-04
6.963042116614230007e-04
6.961307692665164720e-04
6.959573700731238157e-04
6.957840140713159082e-04
6.956107012506113334e-04
6.954374316003467463e-04
6.952642051097993872e-04
6.950910217713188004e-04
6.949178815722248078e-04
6.947447845004660685e-04
6.945717305451450498e-04
6.943987196939110625e-04
6.942257519367002168e-04
6.940528272636082175e-04
6.938799456641803198e-04
6.937071071277789826e-04
6.935343116437087682e-04
6.933615592043379777e-04
6.931888497970179830e-04
6.930161834097276928e-04
6.928435600315965706e-04
6.926709796503042853e-04
6.924984422558126424e-04
6.923259478382417413e-04
6.921534963871624245e-04
6.919810878919644727e-04
6.918087223419785775e-04
6.916363997295921218e-04
6.914641200421878112e-04
6.912918832677743698e-04
6.911196893955089083e-04
6.909475384131013448e-04
6.907754303105385300e-04
6.906033650779650661e-04
6.904313427049781418e-04
6.902593631809933418e-04
6.900874264953680290e-04
6.899155326405088853e-04
6.897436816038298411e-04
6.895718733733696530e-04
6.894001079383117779e-04
6.892283852863972504e-04
6.890567054076375325e-04
6.888850682922022716e-04
6.887134739297137015e-04
6.885419223096146202e-04
6.883704134212884117e-04
6.881989472571606228e-04
6.880275238046766259e-04
6.878561430519049931e-04
6.876848049880559611e-04
6.875135096009012473e-04
6.873422568804771421e-04
6.871710468169774707e-04
6.869998794000507043e-04
6.868287546191652283e-04
6.866576724637316401e-04
6.864866329261939178e-04
6.863156359940287676e-04
6.861446816553342515e-04
6.859737698993478199e-04
6.858029007138713310e-04
6.856320740889657950e-04
6.854612900148497568e-04
6.852905484811971665e-04
6.851198494775028640e-04
6.849491929932035759e-04
6.847785790207622540e-04
6.846080075476866124e-04
6.844374785621043121e-04
6.842669920532796915e-04
6.840965480090449666e-04
6.839261464194858675e-04
6.837557872748451166e-04
6.835854705648226849e-04
6.834151962789392163e-04
6.832449644066578920e-04
6.830747749404602037e-04
6.829046278678851988e-04
6.827345231770901371e-04
6.825644608573658116e-04
6.823944408965747959e-04
6.822244632848277566e-04
6.820545280123912688e-04
6.818846350689911073e-04
6.817147844441741539e-04
6.815449761274295021e-04
6.813752101112577255e-04
6.812054863832286630e-04
6.810358049315288478e-04
6.808661657454759611e-04
6.806965688129627172e-04
6.805270141241243943e-04
6.803575016692517451e-04
6.801880314380962401e-04
6.800186034202306733e-04
6.798492176051702677e-04
6.796798739854342450e-04
6.795105725486233440e-04
6.793413132829536965e-04
6.791720961777693299e-04
6.790029212209932078e-04
6.788337884027850029e-04
6.786646977134599707e-04
6.784956491427946270e-04
6.783266426803878950e-04
6.781576783157812352e-04
6.779887560415123011e-04
6.778198758452128395e-04
6.776510377151281472e-04
6.774822416406288145e-04
6.773134876096680544e-04
6.771447756124296087e-04
6.769761056392530193e-04
6.768074776799404974e-04
6.766388917241166617e-04
6.764703477613487771e-04
6.763018457841932533e-04
6.761333857803126287e-04
6.759649677379815820e-04
6.757965916465970497e-04
6.756282574941419516e-04
6.754599652708247496e-04
6.752917149670090548e-04
6.751235065725221234e-04
6.749553400770145952e-04
6.747872154700799725e-04
6.746191327442927713e-04
6.744510918873464298e-04
6.742830928875444664e-04
6.741151357343107059e-04
6.739472204156575583e-04
6.737793469218182054e-04
6.736115152431798939e-04
6.734437253695955755e-04
6.732759772907412604e-04
6.731082709962363632e-04
6.729406064786741569e-04
6.727729837257785455e-04
6.726054027258822126e-04
6.724378634684350037e-04
6.722703659414796867e-04
6.721029101352732956e-04
6.719354960402271464e-04
6.717681236462193445e-04
6.716007929429519208e-04
6.714335039200697687e-04
6.712662565701845926e-04
6.710990508810508711e-04
6.709318868410305611e-04
6.707647644395997458e-04
6.707185898003427318e-04
