0.000000000000000000e+00
1.004303639366910120e-03
2.007216420812894982e-03
4.010260512482050586e-03
6.007743173784657956e-03
7.999667468103375742e-03
2.761392358132578814e-02
4.667619692466234982e-02
6.519053910836547505e-02
8.316156943933410151e-02
1.291071982120461370e-01
1.712308514182722397e-01
2.096691144451488242e-01
2.445720201809434835e-01
2.760998549825491866e-01
3.190237082237288857e-01
3.547599448462695482e-01
3.839596101690883612e-01
4.072609074175406185e-01
4.252759828155331379e-01
4.385840739693870893e-01
4.415816758331035374e-01
4.442554506373898593e-01
4.466169729590408477e-01
4.470528092018877797e-01
4.474766987697031406e-01
4.478887306225637910e-01
4.482889932808579725e-01
4.484458231930114613e-01
4.485691126982837562e-01
4.485739893357916230e-01
4.485788641181801539e-01
4.485802344486438664e-01
4.485807481749066183e-01
4.485812618805614660e-01
4.485786507901800557e-01
4.485722289810508689e-01
4.485658067572576568e-01
4.485015895846160561e-01
4.484373816208618857e-01
4.483731828646745909e-01
4.477317014352422131e-01
4.470911393057678818e-01
4.464514951642811758e-01
4.458127676952101104e-01
4.394756219338751824e-01
4.332287101284913455e-01
4.270707475494898153e-01
4.210004676155252312e-01
4.150166218167964383e-01
3.727312908253469503e-01
3.347622217399167655e-01
3.006687822201191684e-01
2.700553765084348634e-01
2.425667894533432845e-01
2.178840561515079099e-01
1.957207721029155245e-01
1.758197666819892868e-01
1.579501197317554617e-01
1.419044821581844917e-01
1.274966698040490010e-01
1.145595031054012086e-01
1.029428672052768168e-01
9.251197008759387552e-02
8.314577851339470527e-02
7.473561360504429874e-02
6.718388978580441817e-02
6.040298244091001079e-02
5.431421116110807246e-02
4.884692677075339745e-02
4.393769154669598109e-02
3.952954311560699652e-02
3.557133348833866476e-02
3.201713556177017417e-02
2.882571020145619639e-02
2.596002772134553202e-02
2.338683820803676844e-02
2.107628570380786631e-02
1.900156177157378071e-02
1.713859442189653165e-02
1.546576879249720628e-02
1.396367633916128712e-02
1.261488962776176510e-02
1.140376011418856722e-02
1.031623656571388319e-02
9.339702016837017964e-03
8.462827367718049609e-03
7.675439926422653047e-03
6.968405369601743740e-03
6.333521751930960147e-03
5.763424334443444791e-03
5.251500127426887710e-03
4.791811156279225659e-03
4.379025559934674947e-03
4.008355722357342249e-03
3.675502719208246540e-03
3.376606435069965176e-03
3.108200772411719853e-03
2.867173432559977191e-03
2.650729801991123357e-03
2.456360524899058560e-03
2.281812385764453183e-03
2.125062164060148324e-03
1.984293157714516614e-03
1.857874005018094908e-03
1.744339747990859921e-03
1.642375518625385647e-03
1.550800338484946200e-03
1.468553744261198290e-03
1.394683532495850009e-03
1.328334692434947079e-03
1.268739488434039372e-03
1.215208551242952066e-03
1.167122878578466961e-03
1.123926652508575085e-03
1.085120789935227221e-03
1.050257151413356432e-03
1.018933341104112048e-03
9.907880375192360239e-04
9.654968008774957641e-04
9.427683084230999632e-04
9.223409740220713405e-04
9.039799128116132558e-04
8.874742156813563137e-04
8.726350104744010463e-04
8.592918857396503358e-04
8.472918409947794750e-04
8.364978168760058138e-04
8.267867235406734829e-04
8.180480309300943538e-04
8.101824915706146201e-04
8.031009880768283154e-04
7.967234991896307615e-04
7.909781713581610745e-04
7.858004850661104521e-04
7.811325062524767087e-04
7.769222141393487087e-04
7.731228976677268286e-04
7.696926135386711375e-04
7.665936995717653009e-04
7.637898285682195301e-04
7.612537034979512292e-04
7.589579456078401768e-04
7.568779761412162358e-04
7.549917539145572978e-04
7.532794897075914629e-04
7.517234159572589109e-04
7.503075803010686700e-04
7.490176601304848227e-04
7.478407960887180003e-04
7.467654425792816372e-04
7.457812335471757873e-04
7.448788619723819594e-04
7.440499716747683064e-04
7.432870601726207114e-04
7.425833914655224346e-04
7.419329177276704932e-04
7.413302090013043329e-04
7.407703900729256446e-04
7.402490837984856270e-04
7.397623602186910669e-04
7.393066908728858225e-04
7.388789077804026016e-04
7.384761666125382821e-04
7.380959136270219371e-04
7.377358559805841532e-04
7.373939350745114521e-04
7.370683026233178009e-04
7.367572991683363649e-04
7.364594347864428150e-04
7.361733717696521866e-04
7.358979090742332136e-04
7.356319683585613514e-04
7.353745814473995699e-04
7.351248790768750725e-04
7.348820807893141106e-04
7.346454858604581188e-04
7.344144651535908491e-04
7.341884538058797947e-04
7.339669446619083350e-04
7.337494823780644788e-04
7.335356581292468495e-04
7.333251048563554269e-04
7.331174929993149094e-04
7.329125266660314842e-04
7.327099401927410520e-04
7.325094950557679754e-04
7.323109770987882867e-04
7.321141940433682511e-04
7.319189732538342085e-04
7.317251597304938243e-04
7.315326143078755257e-04
7.313412120370443251e-04
7.311508407331857246e-04
7.309613996715743972e-04
7.307727984167671376e-04
7.305849436779767413e-04
7.303977729294715455e-04
7.302112239312649484e-04
7.300252552751677892e-04
7.298398007167350258e-04
7.296548047325203575e-04
7.294702243240649324e-04
7.292860172661186531e-04
7.291021527030165997e-04
7.289186033384643156e-04
7.287353425816875136e-04
7.285523458414159843e-04
7.283695907944112008e-04
7.281870573170868806e-04
7.280047273169275822e-04
7.278225845440353938e-04
7.276406144091156995e-04
7.274588038156572104e-04
7.272771410077637569e-04
7.270956154330467320e-04
7.269142176193819872e-04
7.267329390642343666e-04
7.265517721353010943e-04
7.263707099813311585e-04
7.261897464520808334e-04
7.260088760264724918e-04
7.258280937481139576e-04
7.256473951674287815e-04
7.254667762897144996e-04
7.252862335285256267e-04
7.251057636638342943e-04
7.249253638044773906e-04
7.247450313544546779e-04
7.245647639826776005e-04
7.243845595958218380e-04
7.242044163139592112e-04
7.240243324486888904e-04
7.238443064835083486e-04
7.236643370561973536e-04
7.234844229430065048e-04
7.233045630444660031e-04
7.231247563726496365e-04
7.229450020397432770e-04
7.227652992477854015e-04
7.225856472794586370e-04
7.224060454898255379e-04
7.222264932989105836e-04
7.220469901850432850e-04
7.218675356788828218e-04
7.216881294804443304e-04
7.215087711090513315e-04
7.213294601645245862e-04
7.211501963381563912e-04
7.209709793255190393e-04
7.207918089025485992e-04
7.206126848698404504e-04
7.204336070322918699e-04
7.202545752084715987e-04
7.200755892326144488e-04
7.198966489977282057e-04
7.197177543326394641e-04
7.195389050930782113e-04
7.193601011660732914e-04
7.191813424390258638e-04
7.190026288289658391e-04
7.188239602618634594e-04
7.186453366645757356e-04
7.184667579683238093e-04
7.182882241095283303e-04
7.181097350467997723e-04
7.179312907135297411e-04
7.177528910522484743e-04
7.175745360169700788e-04
7.173962255609704283e-04
7.172179596492280580e-04
7.170397382498846627e-04
7.168615613310058265e-04
7.166834288620153133e-04
7.165053408140644549e-04
7.163272971679206973e-04
7.161492978923847137e-04
7.159713429597888571e-04
7.157934323471479331e-04
7.156155660302457441e-04
7.154377439903877173e-04
7.152599662100625781e-04
7.150822326713612582e-04
7.149045433567138277e-04
7.147268982490982041e-04
7.145492973368289648e-04
7.143717406007677731e-04
7.141942280234003185e-04
7.140167595895807306e-04
7.138393352827665777e-04
7.136619550898318579e-04
7.134846189981599272e-04
7.133073269946283617e-04
7.131300790661075813e-04
7.129528751996150240e-04
7.127757153860436084e-04
7.125985996103774596e-04
7.124215278585748585e-04
7.122445001181737685e-04
7.120675163752614905e-04
7.118905766186224950e-04
7.117136808373207600e-04
7.115368290198789214e-04
7.113600211546951485e-04
7.111832572301782359e-04
7.110065372381105817e-04
7.108298611648990011e-04
7.106532289977028540e-04
7.104766407249904579e-04
7.103000963337642885e-04
7.101235958134748420e-04
7.099471391537742759e-04
7.097707263437619133e-04
7.095943573723731456e-04
7.094180322285073689e-04
7.092417509042624841e-04
7.090655133865502195e-04
7.088893196629579780e-04
7.087131697222887701e-04
7.085370635518767292e-04
7.083610011414156462e-04
7.081849824807738688e-04
7.080090075592644161e-04
7.078330763660229319e-04
7.076571888901334517e-04
7.074813451238137893e-04
7.073055450541681187e-04
7.071297886689498343e-04
7.069540759570936772e-04
7.067784069060668124e-04
7.066027815056623437e-04
7.064271997458391496e-04
7.062516616159994791e-04
7.060761671053650615e-04
7.059007162031005972e-04
7.057253089014770258e-04
7.055499451876852575e-04
7.053746250495546892e-04
7.051993484760830542e-04
7.050241154548031117e-04
7.048489259755585977e-04
7.046737800283549031e-04
7.044986776026428490e-04
7.043236186876902435e-04
7.041486032727072150e-04
7.039736313499953858e-04
7.037987029067959734e-04
7.036238179309841278e-04
7.034489764115967221e-04
7.032741783362096667e-04
7.030994236947000911e-04
7.029247124771062375e-04
7.027500446729115615e-04
7.025754202714181319e-04
7.024008392618684947e-04
7.022263016365874744e-04
7.020518073828544521e-04
7.018773564885798146e-04
7.017029489428318768e-04
7.015285847332210266e-04
7.013542638496527998e-04
7.011799862821923267e-04
7.010057520203520111e-04
7.008315610534626532e-04
7.006574133707954219e-04
7.004833089646958499e-04
7.003092478224769287e-04
7.001352299320805954e-04
6.999612552826041129e-04
6.997873238616897449e-04
6.996134356592691563e-04
6.994395906654328476e-04
6.992657888697203280e-04
6.990920302614893941e-04
6.989183148300389704e-04
6.987446425677337801e-04
6.985710134619186901e-04
6.983974275005669710e-04
6.982238846728027739e-04
6.980503849662996960e-04
6.978769283710146640e-04
6.977035148770632236e-04
6.975301444740109047e-04
6.973568171512427175e-04
6.971835328980836074e-04
6.970102917069179215e-04
6.968370935651221855e-04
6.966639384606995939e-04
6.964908263828012945e-04
6.963177573191320011e-04
6.961447312596733602e-04
6.959717481945657458e-04
6.957988081134009253e-04
6.956259110055896047e-04
6.954530568604841596e-04
6.952802456704871518e-04
6.951074774230070908e-04
6.949347521060766615e-04
6.947620697088741169e-04
6.945894302191348534e-04
6.944168336268652375e-04
6.942442799222301461e-04
6.940717690948472593e-04
6.938993011341537372e-04
6.937268760295281934e-04
6.935544937733923799e-04
6.933821543531858145e-04
6.932098577569708892e-04
6.930376039739529620e-04
6.928653929918976787e-04
6.926932248008363423e-04
6.925210993909582243e-04
6.923490167519067004e-04
6.921769768731452768e-04
6.920049797440790216e-04
6.918330253571482267e-04
6.916611136998237434e-04
6.914892447601975623e-04
6.913174185275020381e-04
6.911456349895329573e-04
6.909738941363464514e-04
6.908021959581561863e-04
6.906305404446312331e-04
6.904589275852612276e-04
6.902873573694774754e-04
6.901158297897392420e-04
6.899443448335481699e-04
6.897729024890260656e-04
6.896015027454318463e-04
6.894301455905915482e-04
6.892588310145862391e-04
6.890875590076538711e-04
6.889163295594888858e-04
6.887451426596072649e-04
6.885739982974663350e-04
6.884028964655442267e-04
6.882318371513734823e-04
6.880608203431056152e-04
6.878898460300258890e-04
6.877189141999909142e-04
6.875480248431062617e-04
6.873771779496337360e-04
6.872063735092940164e-04
6.870356115116284549e-04
6.868648919461209411e-04
6.866942148052681454e-04
6.865235800766337267e-04
6.863529877483982551e-04
6.861824378098739909e-04
6.860119302489474684e-04
6.858414650557489783e-04
6.856710422205642861e-04
6.855006617331395498e-04
6.853303235830422507e-04
6.851600277597824076e-04
6.849897742558751224e-04
6.848195630589151706e-04
6.846493941571123957e-04
6.844792675398055125e-04
6.843091831949110878e-04
6.841391411125839154e-04
6.839691412831339383e-04
6.837991836963326847e-04
6.836292683417736571e-04
6.834593952089927866e-04
6.832895642905239316e-04
6.831197755739923340e-04
6.829500290476374358e-04
6.827803247008242980e-04
6.826106625214991945e-04
6.824410424998415305e-04
6.822714646261856435e-04
6.821019288903281070e-04
6.819324352818884440e-04
6.817629837904282813e-04
6.815935744085003427e-04
6.814242071237605527e-04
6.812548819244771932e-04
6.810855988000418882e-04
6.809163577384311607e-04
6.807471587298485937e-04
6.805780017646522687e-04
6.804088868326643464e-04
6.802398139235300454e-04
6.800707830268369050e-04
6.799017941351558634e-04
6.797328472361738533e-04
6.795639423181882134e-04
6.793950793706168053e-04
6.792262583814660760e-04
6.790574793409636777e-04
6.788887422394918698e-04
6.787200470668982915e-04
6.785513938128533151e-04
6.783827824669707175e-04
6.782142130218399767e-04
6.780456854651781664e-04
6.778771997853117902e-04
6.777087559716852725e-04
6.775403540123345510e-04
6.773719938975116721e-04
6.772036756176226394e-04
6.770353991625402456e-04
6.768671645219607753e-04
6.766989716855235926e-04
6.765308206458366070e-04
6.763627113906472499e-04
6.761946439083112983e-04
6.760266181882990891e-04
6.758586342186763754e-04
6.756906919897193815e-04
6.755227914918580717e-04
6.753549327149901754e-04
6.751871156488375644e-04
6.750193402830654069e-04
6.748516066102999353e-04
6.746839146183190470e-04
6.745162642955072506e-04
6.743486556313611205e-04
6.741810886139761169e-04
6.740135632336526419e-04
6.738460794808440787e-04
6.736786373454735268e-04
6.735112368172883369e-04
6.733438778859792643e-04
6.731765605441907560e-04
6.730092847797312840e-04
6.728420505810140881e-04
6.726748579375616552e-04
6.725077068374991527e-04
6.723405972711509436e-04
6.721735292289942633e-04
6.720065027009771482e-04
6.718395176768723193e-04
6.716725741463961188e-04
6.715056721022115340e-04
6.713388115321568522e-04
6.711719924246744781e-04
6.710052147693127030e-04
6.709591353630243353e-04
