0.000000000000000000e+00
1.004303758145616392e-03
2.007216657197175621e-03
4.010260980456182255e-03
6.007743868674943893e-03
7.999668385253261293e-03
2.761392646860331632e-02
4.667620133510181485e-02
6.519054461163929781e-02
8.316157562150441884e-02
1.291072042815312182e-01
1.712308547687596549e-01
2.096691127604441152e-01
2.445720114181967886e-01
2.760998373543440687e-01
3.190236737147822410e-01
3.547598904875162718e-01
3.839595337171999301e-01
4.072608072603263185e-01
4.252758578850215909e-01
4.385839236628360505e-01
4.415815182659033611e-01
4.442552858010224703e-01
4.466168008526266719e-01
4.470526356420004843e-01
4.474765237566531995e-01
4.478885541567169670e-01
4.482888153626347627e-01
4.484456446939678043e-01
4.485689337358697015e-01
4.485738103550307998e-01
4.485786851190731728e-01
4.485800554443790111e-01
4.485805691687079766e-01
4.485810828724290378e-01
4.485783853934229293e-01
4.485719630740203079e-01
4.485655408467209004e-01
4.485013236390227309e-01
4.484371156402222058e-01
4.483729168489987149e-01
4.477314350697677026e-01
4.470908725915164195e-01
4.464512281022723905e-01
4.458125002864612996e-01
4.394753511132070134e-01
4.332284359952739416e-01
4.270704702009789910e-01
4.210001871469025714e-01
4.150163383212085444e-01
3.727309873834492859e-01
3.347619027189786545e-01
3.006684513126985370e-01
2.700550368247495170e-01
2.425664436016709835e-01
2.178837063082298964e-01
1.957204200735149502e-01
1.758194139540864287e-01
1.579497675211831431e-01
1.419041314489691286e-01
1.274963213830612452e-01
1.145591575923477767e-01
1.029425250786238782e-01
9.251163170693989246e-02
8.314544413874755402e-02
7.473528341340139602e-02
6.718356388538582191e-02
6.040266088335063954e-02
5.431389395187757180e-02
4.884661387803834048e-02
4.393738290894979442e-02
3.952923864794712083e-02
3.557103308794739432e-02
3.201683911243618369e-02
2.882541757737573651e-02
2.595973879028718942e-02
2.338655283396009685e-02
2.107600374901438117e-02
1.900128309845853722e-02
1.713831889435938477e-02
1.546549627706501374e-02
1.396340670586530830e-02
1.261462275080859480e-02
1.140349587245757627e-02
1.031597484310961196e-02
9.339442702520940609e-03
8.462570356240669764e-03
7.675185117773861143e-03
6.968152669194746518e-03
6.333271070532821463e-03
5.763175588063293962e-03
5.251253237171176792e-03
4.791566048181918232e-03
4.378782164768987850e-03
4.008113975434587917e-03
3.675262560168360802e-03
3.376367807667517845e-03
3.107963624300510638e-03
2.866937715078740102e-03
2.650495469952348845e-03
2.456127536382539736e-03
2.281580701916784745e-03
2.124831748901117104e-03
1.984063977951066801e-03
1.857646029866404178e-03
1.744112949006718614e-03
1.642149869542796573e-03
1.550575815063571757e-03
1.468330324142269562e-03
1.394461195066312546e-03
1.328113418699744704e-03
1.268519260896289668e-03
1.214989353791724735e-03
1.166904696383864494e-03
1.123709471923795694e-03
1.084904598405272416e-03
1.050041937390053855e-03
1.018719093967109879e-03
9.905747475026380547e-04
9.652844590018088474e-04
9.425569064321725858e-04
9.221305043247144317e-04
9.037703684276032334e-04
8.872655901915358712e-04
8.724272979734517403e-04
8.590850807954462801e-04
8.470859386092209706e-04
8.362928124480651856e-04
8.265826128331767511e-04
8.178448100391399024e-04
8.099801568974275253e-04
8.028995363018901973e-04
7.965229272489145066e-04
7.907784764213079054e-04
7.856016645164028709e-04
7.809345576684659316e-04
7.767251352780093088e-04
7.729266864490168297e-04
7.694972680313869702e-04
7.663992179805878633e-04
7.635962092313295941e-04
7.610609448554502086e-04
7.587660462032729978e-04
7.566869346126613638e-04
7.548015689861274592e-04
7.530901601818290516e-04
7.515349407081908057e-04
7.501199582678623511e-04
7.488308903116564549e-04
7.476548775368455383e-04
7.465803743961801258e-04
7.455970148794960426e-04
7.446954920075962020e-04
7.438674496375089189e-04
7.431053853213439317e-04
7.424025630894664097e-04
7.417529351440836248e-04
7.411510715529202788e-04
7.405920971256634011e-04
7.400716347393552835e-04
7.395857544538869113e-04
7.391309278260503168e-04
7.387039868910466990e-04
7.383020873346038838e-04
7.379226754275736936e-04
7.375634583386203114e-04
7.372223774798809543e-04
7.368975845757370219e-04
7.365874201764938860e-04
7.362903943671868148e-04
7.360051694472505811e-04
7.357305443797021016e-04
7.354654408290551507e-04
7.352088906256556890e-04
7.349600245107106239e-04
7.347180620311682692e-04
7.344823024669761133e-04
7.342521166852472017e-04
7.340269398266356052e-04
7.338062647389003313e-04
7.335896360813223653e-04
7.333766450314375442e-04
7.331669245325498491e-04
7.329601450267779700e-04
7.327560106240298566e-04
7.325542556623698080e-04
7.323546416197929424e-04
7.321569543415034752e-04
7.319610015504657502e-04
7.317666106122872006e-04
7.315736265284494659e-04
7.313819101345586703e-04
7.311913364826700280e-04
7.310017933888794455e-04
7.308131801293002265e-04
7.306254062692629607e-04
7.304383785188036781e-04
7.302520343527643676e-04
7.300663115317421615e-04
7.298811686479492709e-04
7.296965394575838024e-04
7.295123684377722391e-04
7.293286125905197679e-04
7.291452296910590864e-04
7.289621888840937952e-04
7.287794628736716119e-04
7.285970250693632423e-04
7.284148508802320860e-04
7.282329179833580465e-04
7.280512062554577671e-04
7.278696976043044211e-04
7.276883757802746168e-04
7.275072261943367653e-04
7.273262357502310047e-04
7.271453926923027253e-04
7.269646864683958817e-04
7.267841076066107551e-04
7.266036476046288132e-04
7.264232988303575070e-04
7.262430544327498714e-04
7.260629082617605897e-04
7.258828547965052395e-04
7.257028890807810549e-04
7.255230066651960092e-04
7.253432035552289173e-04
7.251634761646123199e-04
7.249838212734926882e-04
7.248042359908794070e-04
7.246247177209411573e-04
7.244452641327570009e-04
7.242658731331677417e-04
7.240865428424085896e-04
7.239072715722401526e-04
7.237280578063201488e-04
7.235489001825871815e-04
7.233697974774491680e-04
7.231907485915928680e-04
7.230117525372473271e-04
7.228328084267526994e-04
7.226539154623009848e-04
7.224750729267276827e-04
7.222962801752471360e-04
7.221175366280355038e-04
7.219388417635731097e-04
7.217601951126695120e-04
7.215815963754460991e-04
7.214030450714034419e-04
7.212245408005294855e-04
7.210460832542673389e-04
7.208676721283595150e-04
7.206893071988806432e-04
7.205109882665621706e-04
7.203327151364449224e-04
7.201544876272435733e-04
7.199763055733395195e-04
7.197981688678448467e-04
7.196200773397591881e-04
7.194420308449768963e-04
7.192640292706747006e-04
7.190860725044220282e-04
7.189081604633856164e-04
7.187302930736698230e-04
7.185524702622735809e-04
7.183746919605622306e-04
7.181969581051017050e-04
7.180192686546059107e-04
7.178416235426376491e-04
7.176640227118898964e-04
7.174864661165238858e-04
7.173089537099822414e-04
7.171314854573790235e-04
7.169540613269899344e-04
7.167766812870211791e-04
7.165993453070400700e-04
7.164220533583420293e-04
7.162448054217972855e-04
7.160676014663770565e-04
7.158904414645755670e-04
7.157133253935539898e-04
7.155362532292621185e-04
7.153592249531404721e-04
7.151822405478103738e-04
7.150052999955034847e-04
7.148284032787926645e-04
7.146515503807994874e-04
7.144747412899405542e-04
7.142979759872473142e-04
7.141212544553670032e-04
7.139445766792992506e-04
7.137679426426670739e-04
7.135913523324791292e-04
7.134148057362510453e-04
7.132383028410002601e-04
7.130618436337397663e-04
7.128854281016296828e-04
7.127090562356651685e-04
7.125327280209992672e-04
7.123564434437510470e-04
7.121802024916038627e-04
7.120040051508095972e-04
7.118278514102868368e-04
7.116517412592318322e-04
7.114756746863061055e-04
7.112996516800500733e-04
7.111236722290145609e-04
7.109477363250839895e-04
7.107718439548337680e-04
7.105959951055832845e-04
7.104201897659457058e-04
7.102444279230875476e-04
7.100687095665932048e-04
7.098930346862462404e-04
7.097174032712847552e-04
7.095418153107856292e-04
7.093662707937901804e-04
7.091907697124978996e-04
7.090153120539883494e-04
7.088398978060085273e-04
7.086645269575059681e-04
7.084891994959779775e-04
7.083139154112515950e-04
7.081386746933268986e-04
7.079634773316547097e-04
7.077883233155117266e-04
7.076132126341237987e-04
7.074381452798094621e-04
7.072631212398405084e-04
7.070881405021292761e-04
7.069132030557544882e-04
7.067383088883461570e-04
7.065634579898304179e-04
7.063886503502965790e-04
7.062138859592852333e-04
7.060391648061581892e-04
7.058644868802212017e-04
7.056898521738461496e-04
7.055152606743906934e-04
7.053407123698427405e-04
7.051662072493434640e-04
7.049917453005881450e-04
7.048173265135529008e-04
7.046429508783733347e-04
7.044686183846377448e-04
7.042943290217539096e-04
7.041200827790725786e-04
7.039458796489957712e-04
7.037717196189309131e-04
7.035976026769113394e-04
7.034235288121168210e-04
7.032494980122851397e-04
7.030755102674255894e-04
7.029015655677055404e-04
7.027276639027464676e-04
7.025538052619893260e-04
7.023799896348169574e-04
7.022062170136542580e-04
7.020324873859461667e-04
7.018588007397608217e-04
7.016851570643088936e-04
7.015115563473623165e-04
7.013379985789579231e-04
7.011644837492902972e-04
7.009910118480086692e-04
7.008175828645825086e-04
7.006441967884231717e-04
7.004708536119753958e-04
7.002975533227174046e-04
7.001242959087486699e-04
6.999510813593077261e-04
6.997779096621981661e-04
6.996047808074826267e-04
6.994316947853806282e-04
6.992586515855678557e-04
6.990856511975404499e-04
6.989126936107367639e-04
6.987397788176206168e-04
6.985669068057021079e-04
6.983940775631104162e-04
6.982212910791115064e-04
6.980485473415392206e-04
6.978758463404812406e-04
6.977031880661815899e-04
6.975305725083415405e-04
6.973579996564839047e-04
6.971854695000728394e-04
6.970129820315915711e-04
6.968405372385806651e-04
6.966681351091992243e-04
6.964957756327396681e-04
6.963234587970664130e-04
6.961511845922914270e-04
6.959789530086830196e-04
6.958067640359682669e-04
6.956346176636955684e-04
6.954625138813555355e-04
6.952904526814496092e-04
6.951184340515497969e-04
6.949464579798440411e-04
6.947745244556516493e-04
6.946026334668668539e-04
6.944307850036261255e-04
6.942589790562217348e-04
6.940872156144064532e-04
6.939154946677542676e-04
6.937438162057820270e-04
6.935721802210096038e-04
6.934005867010396883e-04
6.932290356340896050e-04
6.930575270095048991e-04
6.928860608152098352e-04
6.927146370413652787e-04
6.925432556782875693e-04
6.923719167157545238e-04
6.922006201433663665e-04
6.920293659506656422e-04
6.918581541301906546e-04
6.916869846695745602e-04
6.915158575570640653e-04
6.913447727820311696e-04
6.911737303324297366e-04
6.910027301984450259e-04
6.908317723704173385e-04
6.906608568381498612e-04
6.904899835912682972e-04
6.903191526193408869e-04
6.901483639149247990e-04
6.899776174656837647e-04
6.898069132598933298e-04
6.896362512869516235e-04
6.894656315348424332e-04
6.892950539937753047e-04
6.891245186541146081e-04
6.889540255056883587e-04
6.887835745381481719e-04
6.886131657410880921e-04
6.884427991070833945e-04
6.882724746238284928e-04
6.881021922796278813e-04
6.879319520639058183e-04
6.877617539646760153e-04
6.875915979721720873e-04
6.874214840767819317e-04
6.872514122683591508e-04
6.870813825365805136e-04
6.869113948710660854e-04
6.867414492644094643e-04
6.865715457043353133e-04
6.864016841791770749e-04
6.862318646783853535e-04
6.860620871900032424e-04
6.858923517042885346e-04
6.857226582116530880e-04
6.855530067019752248e-04
6.853833971649575182e-04
6.852138295902456206e-04
6.850443039704514530e-04
6.848748202933299277e-04
6.847053785472434354e-04
6.845359787216684930e-04
6.843666208046777924e-04
6.841973047865533043e-04
6.840280306577304140e-04
6.838587984081127055e-04
6.836896080274280137e-04
6.835204595053475784e-04
6.833513528345016436e-04
6.831822880026753707e-04
6.830132649982598820e-04
6.828442838107576067e-04
6.826753444282708354e-04
6.825064468411056080e-04
6.823375910397208371e-04
6.821687770140450434e-04
6.820000047538315405e-04
6.818312742487770469e-04
6.816625854915300212e-04
6.814939384699057658e-04
6.813253331723241341e-04
6.811567695883136847e-04
6.809882477060058732e-04
6.808197675157307005e-04
6.806513290079707146e-04
6.804829321726793730e-04
6.803145769996353596e-04
6.801462634785606547e-04
6.799779916021220401e-04
6.798097613581648505e-04
6.796415727351375622e-04
6.794734257225946462e-04
6.793053203086969402e-04
6.791372564837982974e-04
6.789692342384047929e-04
6.788012535624944957e-04
6.786333144458715685e-04
6.784654168782833618e-04
6.782975608524148721e-04
6.781297463561414664e-04
6.779619733779400272e-04
6.777942419073909380e-04
6.776265519326842013e-04
6.774589034441975228e-04
6.772912964324603966e-04
6.771237308874759366e-04
6.769562067990732420e-04
6.767887241570251424e-04
6.766212829540345234e-04
6.764538831780067844e-04
6.762865248174474309e-04
6.761192078619624336e-04
6.759519322997710683e-04
6.757846981212747850e-04
6.756175053170266048e-04
6.754503538770542529e-04
6.752832437912118738e-04
6.751161750492975589e-04
6.749491476440322999e-04
6.747821615633514203e-04
6.746152167957888317e-04
6.744483133309762003e-04
6.742814511571619670e-04
6.741146302647711090e-04
6.739478506443800660e-04
6.737811122860412833e-04
6.736144151796339503e-04
6.734477593149815287e-04
6.732811446848226827e-04
6.731145712771227684e-04
6.729480390804439948e-04
6.727815480844435070e-04
6.726150982773988025e-04
6.724486896497588193e-04
6.722823221921230908e-04
6.721159958945685650e-04
6.719497107469995850e-04
6.717834667392646574e-04
6.716172638641204444e-04
6.714511021095621174e-04
6.712849814641798580e-04
6.711189019176566151e-04
6.710730153618803913e-04
