0.000000000000000000e+00
1.004303733574137209e-03
2.007216608048515219e-03
4.010260880981916624e-03
6.007743717697710574e-03
7.999668181602196532e-03
2.761392567519264929e-02
4.667619984188043497e-02
6.519054231473550565e-02
8.316157242306326802e-02
1.291071981983213102e-01
1.712308452355909838e-01
2.096690993119145752e-01
2.445719936800087035e-01
2.760998150347387381e-01
3.190236438230800164e-01
3.547598527380758093e-01
3.839594880312840464e-01
4.072607537289266721e-01
4.252757967361388558e-01
4.385838552327864792e-01
4.415814478413939703e-01
4.442552134176011025e-01
4.466167265472849035e-01
4.470525609568310466e-01
4.474764486931984697e-01
4.478884787165289261e-01
4.482887395472749392e-01
4.484455687135130986e-01
4.485688576509986314e-01
4.485737342654430582e-01
4.485786090252069092e-01
4.485799793492938337e-01
4.485804930731256412e-01
4.485810067673748347e-01
4.485782976915868581e-01
4.485718753715360885e-01
4.485654531435886438e-01
4.485012359294119344e-01
4.484370279241364221e-01
4.483728291264415522e-01
4.477313472826946472e-01
4.470907847402864066e-01
4.464511401872434115e-01
4.458124123079904577e-01
4.394752625197595464e-01
4.332283468215804567e-01
4.270703804808998472e-01
4.210000969134448656e-01
4.150162476065440420e-01
3.727308940033869367e-01
3.347618081272720758e-01
3.006683566916094064e-01
2.700549431254022359e-01
2.425663515789231450e-01
2.178836165508192535e-01
1.957203330301129918e-01
1.758193299557587741e-01
1.579496868007248533e-01
1.419040541575184444e-01
1.274962476043453585e-01
1.145590873548709560e-01
1.029424583660703274e-01
9.251156846702761338e-02
8.314538429074203041e-02
7.473522685447013536e-02
6.718351049595193414e-02
6.040261053158379329e-02
5.431384649744261384e-02
4.884656917520629332e-02
4.393734080916236739e-02
3.952919900191381036e-02
3.557099574734405578e-02
3.201680393126441621e-02
2.882538441303466800e-02
2.595970750440224420e-02
2.338652329300716648e-02
2.107597582477255260e-02
1.900125666831983112e-02
1.713829384152004351e-02
1.546547249061920766e-02
1.396338408081927891e-02
1.261460118803043977e-02
1.140347527857568655e-02
1.031595513037076965e-02
9.339423788617367064e-03
8.462552164113852637e-03
7.675167575401675192e-03
6.968135709367351618e-03
6.333254630621829029e-03
5.763159609787927087e-03
5.251237666364419118e-03
4.791550834559113979e-03
4.378767261700821159e-03
4.008099339725949839e-03
3.675248151844278353e-03
3.376353589767002068e-03
3.107949562678937773e-03
2.866923778219177422e-03
2.650481628786047206e-03
2.456113764118699090e-03
2.281566973881559660e-03
2.124818042385758204e-03
1.984050272069002967e-03
1.857632305419086626e-03
1.744099188357848889e-03
1.642136056500388339e-03
1.550561934770122415e-03
1.468316362972222049e-03
1.394447140530532571e-03
1.328099259356659966e-03
1.268504986269328519e-03
1.214974954292697123e-03
1.166890163241927209e-03
1.123694797119662546e-03
1.084889774610341270e-03
1.050026957910126998e-03
1.018703952690408693e-03
9.905594388518196985e-04
9.652689778897087991e-04
9.425412482210153301e-04
9.221146647885417351e-04
9.037543437176917809e-04
8.872493768045814624e-04
8.724108927216015072e-04
8.590684807806112273e-04
8.470691411983476008e-04
8.362758152500024194e-04
8.265654136779036982e-04
8.178274069587038522e-04
8.099625481084641145e-04
8.028817201896073586e-04
7.965049023524210445e-04
7.907602414201828338e-04
7.855832182183998015e-04
7.809158989982662108e-04
7.767062632669334814e-04
7.729076002256187513e-04
7.694779668128560839e-04
7.663797010648932878e-04
7.635764759956076980e-04
7.610409947372562614e-04
7.587458787014015856e-04
7.566665492816835280e-04
7.547809654313399411e-04
7.530693380546972819e-04
7.515138997021935914e-04
7.500986981147029142e-04
7.488094107778095736e-04
7.476331784204095663e-04
7.465584555240099276e-04
7.455748761045906088e-04
7.446731332067198011e-04
7.438448707090250783e-04
7.430825861832430568e-04
7.423795436775707792e-04
7.417296954104142569e-04
7.411276114642104899e-04
7.405684166620064802e-04
7.400477338929751158e-04
7.395616332280188646e-04
7.391065862339250185e-04
7.386794249549654291e-04
7.382773050850981005e-04
7.378976729026409968e-04
7.375382355830305530e-04
7.371969345445459915e-04
7.368719215171374995e-04
7.365615370561593616e-04
7.362642912512226126e-04
7.359788464059088819e-04
7.357040014869924973e-04
7.354386781623908692e-04
7.351819082655320194e-04
7.349328225404141339e-04
7.346906405365118261e-04
7.344546615360592751e-04
7.342242564082379673e-04
7.339988602955731982e-04
7.337779660475158726e-04
7.335611183248763514e-04
7.333479083065725041e-04
7.331379689371565539e-04
7.329309706598741104e-04
7.327266175856501050e-04
7.325246440534665055e-04
7.323248115421455680e-04
7.321269058976365715e-04
7.319307348435750895e-04
7.317361257461724557e-04
7.315429236074528444e-04
7.313509892635104877e-04
7.311601977668377500e-04
7.309704369339232359e-04
7.307816060412316390e-04
7.305936146544022214e-04
7.304063694838019115e-04
7.302198080044834672e-04
7.300338679772580422e-04
7.298485079944722889e-04
7.296636618125427803e-04
7.294792739087805310e-04
7.292953012853276625e-04
7.291117017175478441e-04
7.289284443502375924e-04
7.287455018875229045e-04
7.285628477390479951e-04
7.283804573139414243e-04
7.281983082893392573e-04
7.280163805420054087e-04
7.278346559797514324e-04
7.276531183529853786e-04
7.274717530726999446e-04
7.272905470426534831e-04
7.271094885072037443e-04
7.269285669142019467e-04
7.267477727917512993e-04
7.265670976375315348e-04
7.263865338194452253e-04
7.262060744864366237e-04
7.260257134884490291e-04
7.258454453045834909e-04
7.256652649786202213e-04
7.254851680611478946e-04
7.253051505576242923e-04
7.251252088817584278e-04
7.249453398136723780e-04
7.247655404623490729e-04
7.245858082319294379e-04
7.244061407914639122e-04
7.242265360477628333e-04
7.240469921210306199e-04
7.238675073229958960e-04
7.236880801372838536e-04
7.235087092017995943e-04
7.233293932929168828e-04
7.231501313112874592e-04
7.229709222691053493e-04
7.227917652786748203e-04
7.226126595421519848e-04
7.224336043423352626e-04
7.222545990344025673e-04
7.220756430384924363e-04
7.218967358330478966e-04
7.217178769488404510e-04
7.215390660859645998e-04
7.213603027638758108e-04
7.211815865825189865e-04
7.210029172332980962e-04
7.208242944119110920e-04
7.206457178943959574e-04
7.204671874814481437e-04
7.202887029780703125e-04
7.201102642029384325e-04
7.199318709903947599e-04
7.197535232335230829e-04
7.195752207612766309e-04
7.193969634295057378e-04
7.192187511253470174e-04
7.190405837363240352e-04
7.188624611795665573e-04
7.186843833811421868e-04
7.185063502680114761e-04
7.183283617715004090e-04
7.181504178281348030e-04
7.179725183966008091e-04
7.177946634104139575e-04
7.176168528122228805e-04
7.174390865561482622e-04
7.172613645955871900e-04
7.170836868956162111e-04
7.169060534244742731e-04
7.167284641503290921e-04
7.165509190427080816e-04
7.163734180728671989e-04
7.161959612216483749e-04
7.160185484579758815e-04
7.158411797542991659e-04
7.156638550877391768e-04
7.154865744341997380e-04
7.153093377750841799e-04
7.151321450929775054e-04
7.149549963700718019e-04
7.147778915889012232e-04
7.146008307325476617e-04
7.144238137893988783e-04
7.142468407404400270e-04
7.140699115682733493e-04
7.138930262578586840e-04
7.137161847927730790e-04
7.135393871599881102e-04
7.133626333469825437e-04
7.131859233407355451e-04
7.130092571282204252e-04
7.128326346965580549e-04
7.126560560367150784e-04
7.124795211337980275e-04
7.123030299738817347e-04
7.121265825446088972e-04
7.119501788321864035e-04
7.117738188254953266e-04
7.115975025136954879e-04
7.114212298854099203e-04
7.112450009291399009e-04
7.110688156333967898e-04
7.108926739900370360e-04
7.107165759855893191e-04
7.105405216073286834e-04
7.103645108438282887e-04
7.101885436822092225e-04
7.100126201120191254e-04
7.098367401230048059e-04
7.096609037043663092e-04
7.094851108451412673e-04
7.093093615343320753e-04
7.091336557641096010e-04
7.089579935215071117e-04
7.087823747942275862e-04
7.086067995711785522e-04
7.084312678398123212e-04
7.082557795899191780e-04
7.080803348114622295e-04
7.079049334938547836e-04
7.077295756263343989e-04
7.075542611980874599e-04
7.073789902014048555e-04
7.072037626235119735e-04
7.070285784522772421e-04
7.068534376767393775e-04
7.066783402844835056e-04
7.065032862653988993e-04
7.063282756095388710e-04
7.061533083064058499e-04
7.059783843453226130e-04
7.058035037155562094e-04
7.056286664094505454e-04
7.054538724143170946e-04
7.052791217180998540e-04
7.051044143099003151e-04
7.049297501773690898e-04
7.047551293104453241e-04
7.045805516992290594e-04
7.044060173332702133e-04
7.042315262019380748e-04
7.040570782945440370e-04
7.038826736034629059e-04
7.037083121160560284e-04
7.035339938203129381e-04
7.033597187053738323e-04
7.031854867589317154e-04
7.030112979709593436e-04
7.028371523315884170e-04
7.026630498304023550e-04
7.024889904568035149e-04
7.023149742001360326e-04
7.021410010527971571e-04
7.019670710021859656e-04
7.017931840363271197e-04
7.016193401443916082e-04
7.014455393141069131e-04
7.012717815354735460e-04
7.010980667986502039e-04
7.009243950932484953e-04
7.007507664086994005e-04
7.005771807343756782e-04
7.004036380626943101e-04
7.002301383810880919e-04
7.000566816776126935e-04
6.998832679414679434e-04
6.997098971604124402e-04
6.995365693244728249e-04
6.993632844238328395e-04
6.991900424481304385e-04
6.990168433868238157e-04
6.988436872293124014e-04
6.986705739680330179e-04
6.984975035904496862e-04
6.983244760846487589e-04
6.981514914398567360e-04
6.979785496438634411e-04
6.978056506867199096e-04
6.976327945586352540e-04
6.974599812492729076e-04
6.972872107481174102e-04
6.971144830445947550e-04
6.969417981311605212e-04
6.967691559953101714e-04
6.965965566251595487e-04
6.964240000099621497e-04
6.962514861375380471e-04
6.960790149979632132e-04
6.959065865814705043e-04
6.957342008777498083e-04
6.955618578763112523e-04
6.953895575666072838e-04
6.952172999411120220e-04
6.950450849873523714e-04
6.948729126934732317e-04
6.947007830487548791e-04
6.945286960410477443e-04
6.943566516604520854e-04
6.941846498972251535e-04
6.940126907410823151e-04
6.938407741815599350e-04
6.936689002081362649e-04
6.934970688133041804e-04
6.933252799846213775e-04
6.931535337102621378e-04
6.929818299795333005e-04
6.928101687803153285e-04
6.926385501027333084e-04
6.924669739370684519e-04
6.922954402730611707e-04
6.921239491002740673e-04
6.919525004082117394e-04
6.917810941893852775e-04
6.916097304313829517e-04
6.914384091224087510e-04
6.912671302517960775e-04
6.910958938074548844e-04
6.909246997795349780e-04
6.907535481583416395e-04
6.905824389336407592e-04
6.904113720950207436e-04
6.902403476320115609e-04
6.900693655371437085e-04
6.898984257980358146e-04
6.897275284029209244e-04
6.895566733411588947e-04
6.893858606006898196e-04
6.892150901716875746e-04
6.890443620444816186e-04
6.888736762088632122e-04
6.887030326544461324e-04
6.885324313707868018e-04
6.883618723504338240e-04
6.881913555810365100e-04
6.880208810508573955e-04
6.878504487492819244e-04
6.876800586642807652e-04
6.875097107860518629e-04
6.873394051049484203e-04
6.871691416107870683e-04
6.869989202932073880e-04
6.868287411417916058e-04
6.866586041491067570e-04
6.864885093028328354e-04
6.863184565912611081e-04
6.861484460038035820e-04
6.859784775284605242e-04
6.858085511554541658e-04
6.856386668751615621e-04
6.854688246774244976e-04
6.852990245519083572e-04
6.851292664882210632e-04
6.849595504789479736e-04
6.847898765117995485e-04
6.846202445750960031e-04
6.844506546582759072e-04
6.842811067493686930e-04
6.841116008386212031e-04
6.839421369164340198e-04
6.837727149726742981e-04
6.836033349970329015e-04
6.834339969791432311e-04
6.832647009116092933e-04
6.830954467821720140e-04
6.829262345791802316e-04
6.827570642920987535e-04
6.825879359089867190e-04
6.824188494201149317e-04
6.822498048159078262e-04
6.820808020862577110e-04
6.819118412208809285e-04
6.817429222094363583e-04
6.815740450445464385e-04
6.814052097139825610e-04
6.812364162061222955e-04
6.810676645104562534e-04
6.808989546150734980e-04
6.807302865102689022e-04
6.805616601864905362e-04
6.803930756336554284e-04
6.802245328415055083e-04
6.800560317997255680e-04
6.798875725009559346e-04
6.797191549329980329e-04
6.795507790842587057e-04
6.793824449442545854e-04
6.792141525011037920e-04
6.790459017451253758e-04
6.788776926667911514e-04
6.787095252560430836e-04
6.785413995026482554e-04
6.783733153963173714e-04
6.782052729297087567e-04
6.780372720906540848e-04
6.778693128675887134e-04
6.777013952500554042e-04
6.775335192262015504e-04
6.773656847863701634e-04
6.771978919210565849e-04
6.770301406202280416e-04
6.768624308736766616e-04
6.766947626711385198e-04
6.765271360052901558e-04
6.763595508639934925e-04
6.761920072357122937e-04
6.760245051100153418e-04
6.758570444750793037e-04
6.756896253212710431e-04
6.755222476391096456e-04
6.753549114185867326e-04
6.751876166495200194e-04
6.750203633216709511e-04
6.748531514277340652e-04
6.746859809556013171e-04
6.745188518937653100e-04
6.743517642318204138e-04
6.741847179579724602e-04
6.740177130626123824e-04
6.738507495362823594e-04
6.736838273689992745e-04
6.735169465506056713e-04
6.733501070708883653e-04
6.731833089225602168e-04
6.730165520935427800e-04
6.728498365723574980e-04
6.726831623486241108e-04
6.725165294105779406e-04
6.723499377486335561e-04
6.721833873533567720e-04
6.720168782147885409e-04
6.718504103227973187e-04
6.716839836671947492e-04
6.715175982407115820e-04
6.713512540312997290e-04
6.711849510275087142e-04
6.710186892189839731e-04
6.709727523146026898e-04
