0.000000000000000000e+00
1.004303203632439479e-03
2.007215550341077091e-03
4.010258775499006209e-03
6.007740574268025623e-03
7.999664010020869631e-03
2.761391175368137219e-02
4.667617711326030316e-02
6.519051168906130067e-02
8.316153477801442595e-02
1.291071457107298981e-01
1.712307834876413137e-01
2.096690333044546051e-01
2.445719278633039229e-01
2.760997533419398131e-01
3.190235953183299666e-01
3.547598241799175822e-01
3.839594846882934953e-01
4.072607795676064790e-01
4.252758545957813219e-01
4.385839469856238071e-01
4.415815494442496547e-01
4.442553249377996782e-01
4.466168480361673576e-01
4.470526844442661574e-01
4.474765741805155628e-01
4.478886062049410866e-01
4.482888690378803997e-01
4.484456990207429383e-01
4.485689885827594536e-01
4.485738652225214063e-01
4.485787400071640785e-01
4.485801103382616728e-01
4.485806240647620680e-01
4.485811377706545033e-01
4.485785912091486138e-01
4.485721704564170631e-01
4.485657482353909709e-01
4.485015310904164054e-01
4.484373231543214433e-01
4.483731244257854187e-01
4.477316432724351425e-01
4.470910814182599280e-01
4.464514375512910749e-01
4.458127103559583193e-01
4.394755672894997689e-01
4.332286581028624295e-01
4.270706980681043818e-01
4.210004206054764886e-01
4.150165772067432868e-01
3.727312621057813913e-01
3.347622055688965759e-01
3.006687757745358791e-01
2.700553774128125473e-01
2.425667957178707645e-01
2.178840661180680149e-01
1.957207843980956763e-01
1.758197801762365620e-01
1.579501335039018017e-01
1.419044954646730139e-01
1.274966820522719646e-01
1.145595138306300803e-01
1.029428760507295759e-01
9.251197678723889484e-02
8.314578287714070870e-02
7.473561550600797687e-02
6.718388914938634715e-02
6.040297923544197395e-02
5.431420538986501956e-02
4.884691846514883917e-02
4.393768076050241778e-02
3.952952992006314448e-02
3.557131796802245893e-02
3.201711781113239508e-02
2.882569032192276032e-02
2.596000581890841458e-02
2.338681439126412756e-02
2.107626008221279851e-02
1.900153445428923518e-02
1.713856551661093949e-02
1.546573840461129556e-02
1.396364457113213366e-02
1.261485657860457812e-02
1.140372587911084312e-02
1.031620123586012017e-02
9.339665679125214864e-03
8.462790104751916759e-03
7.675401816465783969e-03
6.968366486602008830e-03
6.333482165585145075e-03
5.763384110293653419e-03
5.251459326981558137e-03
4.791769837152739901e-03
4.378983776000476905e-03
4.008313523910387623e-03
3.675460153133257562e-03
3.376563545012620932e-03
3.108157598950432934e-03
2.867130013376352829e-03
2.650686172037573177e-03
2.456316716562382402e-03
2.281768429024460913e-03
2.125018086642630789e-03
1.984248985238067867e-03
1.857829761134391702e-03
1.744295454518276188e-03
1.642331195676038436e-03
1.550756004584682600e-03
1.468509416462864415e-03
1.394639226486017909e-03
1.328290422634199105e-03
1.268695268091011002e-03
1.215164392522365870e-03
1.167078792643407720e-03
1.123882649597261274e-03
1.085076879432546239e-03
1.050213341917433747e-03
1.018889640488180540e-03
9.907444529890724674e-04
9.654533390246862684e-04
9.427249752743842911e-04
9.222977750850149242e-04
9.039368531168394741e-04
8.874312998215683375e-04
8.725922426413041267e-04
8.592492697557244574e-04
8.472493803438932132e-04
8.364555147322902656e-04
8.267445827944762231e-04
8.180060542118692884e-04
8.101406812729060282e-04
8.030593463744743060e-04
7.966820280583205866e-04
7.909368725914737996e-04
7.857593602911498026e-04
7.810915569442118114e-04
7.768814416337625371e-04
7.730823031738651586e-04
7.696521981496808095e-04
7.665534642750013693e-04
7.637497742471278722e-04
7.612138309566609607e-04
7.589182555699944483e-04
7.568384692569271729e-04
7.549524307670317774e-04
7.532403508190614822e-04
7.516844617943976110e-04
7.502688112799374420e-04
7.489790766210482507e-04
7.478023984189669741e-04
7.467272310389936902e-04
7.457432083913461632e-04
7.448410234243535953e-04
7.440123199290841517e-04
7.432495953976253796e-04
7.425461138057323773e-04
7.418958273059339482e-04
7.412933059207690422e-04
7.407336744188307157e-04
7.402125556397935822e-04
7.397260196095738509e-04
7.392705378540765856e-04
7.388429423804272452e-04
7.384403888488347886e-04
7.380603235069589782e-04
7.377004535023889498e-04
7.373587202281116576e-04
7.370332753911082490e-04
7.367224595258757775e-04
7.364247827030871935e-04
7.361389072091304147e-04
7.358636319951700764e-04
7.355978787149532834e-04
7.353406791890459504e-04
7.350911641497709240e-04
7.348485531360060422e-04
7.346121454203679603e-04
7.343813118633096869e-04
7.341554875994339268e-04
7.339341654710023486e-04
7.337168901323003678e-04
7.335032527563233994e-04
7.332928862822493850e-04
7.330854611484453496e-04
7.328806814614085598e-04
7.326782815561013037e-04
7.324780229076966300e-04
7.322796913588308209e-04
7.320830946301308973e-04
7.318880600850756783e-04
7.316944327232079246e-04
7.315020733783666193e-04
7.313108571009950933e-04
7.311206717057190749e-04
7.309314164673094086e-04
7.307430009498700179e-04
7.305553318621462984e-04
7.303683466780926028e-04
7.301819831574112712e-04
7.299961998917053017e-04
7.298109306362031987e-04
7.296261198671790456e-04
7.294417245859636557e-04
7.292577025671016918e-04
7.290740229547811079e-04
7.288906584525779936e-04
7.287075824695939206e-04
7.285247704144458139e-04
7.283421999637952919e-04
7.281598509939682514e-04
7.279777054123729232e-04
7.277957469690454761e-04
7.276139610746350239e-04
7.274323346325820309e-04
7.272508558869506456e-04
7.270695142853186507e-04
7.268883003555356602e-04
7.267072055950451592e-04
7.265262223715287593e-04
7.263453438337243899e-04
7.261645638313813864e-04
7.259838768434187604e-04
7.258032779134453117e-04
7.256227625918878436e-04
7.254423268840500720e-04
7.252619672034961613e-04
7.250816803302089766e-04
7.249014633730392837e-04
7.247213137360016986e-04
7.245412290880247960e-04
7.243612073358029037e-04
7.241812465994276835e-04
7.240013451905194476e-04
7.238215015925982205e-04
7.236417144434669716e-04
7.234619825194004783e-04
7.232823047209542035e-04
7.231026800602278473e-04
7.229231076494337365e-04
7.227435866906376698e-04
7.225641164665498129e-04
7.223846963322609095e-04
7.222053257078242788e-04
7.220260040715982715e-04
7.218467309542718827e-04
7.216675060558812825e-04
7.214883288957851196e-04
7.213091990738380909e-04
7.211301162813639346e-04
7.209510802139701803e-04
7.207720906476218449e-04
7.205931473829432559e-04
7.204142502248621566e-04
7.202353989919786214e-04
7.200565935185590126e-04
7.198778336976334501e-04
7.196991193580661505e-04
7.195204503556226630e-04
7.193418265773642494e-04
7.191632479107287149e-04
7.189847142727767617e-04
7.188062255895076883e-04
7.186277817878101645e-04
7.184493827989369905e-04
7.182710285593412337e-04
7.180927190276565697e-04
7.179144541373125516e-04
7.177362338308754123e-04
7.175580580623925437e-04
7.173799267851770078e-04
7.172018399642372637e-04
7.170237975677456891e-04
7.168457995637989846e-04
7.166678459218530067e-04
7.164899366130918299e-04
7.163120716183057771e-04
7.161342509063339020e-04
7.159564744495449870e-04
7.157787422249867974e-04
7.156010542084803236e-04
7.154234103813615674e-04
7.152458107261489614e-04
7.150682552249653127e-04
7.148907438602726755e-04
7.147132766150819270e-04
7.145358534777299792e-04
7.143584744291170928e-04
7.141811394517651700e-04
7.140038485305615166e-04
7.138266016490006725e-04
7.136493987939875354e-04
7.134722399529348433e-04
7.132951251127518308e-04
7.131180542603411188e-04
7.129410273827525629e-04
7.127640444709020667e-04
7.125871055098118110e-04
7.124102104854765057e-04
7.122333593854667487e-04
7.120565521959072459e-04
7.118797889056126087e-04
7.117030695036767390e-04
7.115263939786537145e-04
7.113497623189739055e-04
7.111731745130778735e-04
7.109966305527712187e-04
7.108201304244989201e-04
7.106436741154564416e-04
7.104672616141449520e-04
7.102908929076036815e-04
7.101145679853137008e-04
7.099382868369566576e-04
7.097620494516633169e-04
7.095858558184009457e-04
7.094097059261012493e-04
7.092335997668846800e-04
7.090575373277012384e-04
7.088815185961741061e-04
7.087055435611392534e-04
7.085296122099674597e-04
7.083537245323827652e-04
7.081778805182832245e-04
7.080020801570128652e-04
7.078263234377394231e-04
7.076506103495789181e-04
7.074749408847717152e-04
7.072993150304602607e-04
7.071237327744334025e-04
7.069481941056587329e-04
7.067726990116400630e-04
7.065972474822008543e-04
7.064218395073288250e-04
7.062464750764583165e-04
7.060711541788420665e-04
7.058958768036767591e-04
7.057206429432564274e-04
7.055454525848093867e-04
7.053703057162009210e-04
7.051952023264611812e-04
7.050201424031594640e-04
7.048451259361698633e-04
7.046701529155268264e-04
7.044952233307123996e-04
7.043203371710260495e-04
7.041454944257092381e-04
7.039706950870868981e-04
7.037959391424376517e-04
7.036212265796721026e-04
7.034465573878599751e-04
7.032719315546130667e-04
7.030973490698387562e-04
7.029228099236040170e-04
7.027483141054243973e-04
7.025738616046324318e-04
7.023994524105027591e-04
7.022250865153830800e-04
7.020507639065896388e-04
7.018764845720687094e-04
7.017022485009208072e-04
7.015280556807929665e-04
7.013539061016202131e-04
7.011797997534967341e-04
7.010057366259664835e-04
7.008317167083908360e-04
7.006577399900731614e-04
7.004838064633811100e-04
7.003099161156651868e-04
7.001360689349029991e-04
6.999622649102234685e-04
6.997885040293053962e-04
6.996147862821100460e-04
6.994411116587571919e-04
6.992674801488170258e-04
6.990938917416786779e-04
6.989203464266722978e-04
6.987468441961853767e-04
6.985733850375999698e-04
6.983999689389244758e-04
6.982265958893151383e-04
6.980532658764817665e-04
6.978799788904109947e-04
6.977067349212472082e-04
6.975335339585867281e-04
6.973603759918454645e-04
6.971872610103801299e-04
6.970141890065971891e-04
6.968411599679104644e-04
6.966681738823579531e-04
6.964952307391233293e-04
6.963223305259468683e-04
6.961494732328399240e-04
6.959766588499716015e-04
6.958038873669643515e-04
6.956311587732599963e-04
6.954584730582423534e-04
6.952858302143361023e-04
6.951132302289866156e-04
6.949406730902615978e-04
6.947681587873716109e-04
6.945956873080875050e-04
6.944232586424453537e-04
6.942508727806385484e-04
6.940785297123154519e-04
6.939062294269440160e-04
6.937339719139342959e-04
6.935617571657299446e-04
6.933895851698075596e-04
6.932174559142645527e-04
6.930453693883378320e-04
6.928733255798289305e-04
6.927013244787984247e-04
6.925293660754643175e-04
6.923574503595002335e-04
6.921855773204007960e-04
6.920137469476019725e-04
6.918419592335663896e-04
6.916702141658012193e-04
6.914985117324335805e-04
6.913268519227274865e-04
6.911552347245143941e-04
6.909836601278795997e-04
6.908121281230653922e-04
6.906406386997710921e-04
6.904691918475171263e-04
6.902977875557655919e-04
6.901264258169981973e-04
6.899551066187530144e-04
6.897838299491865438e-04
6.896125957975892534e-04
6.894414041518227409e-04
6.892702550019972393e-04
6.890991483383788899e-04
6.889280841506928172e-04
6.887570624284852523e-04
6.885860831612447466e-04
6.884151463414710063e-04
6.882442519567336537e-04
6.880733999952183544e-04
6.879025904462419223e-04
6.877318232976963128e-04
6.875610985397162620e-04
6.873904161625919804e-04
6.872197761560740713e-04
6.870491785097345696e-04
6.868786232130881563e-04
6.867081102586532941e-04
6.865376396340301798e-04
6.863672113274338609e-04
6.861968253282079312e-04
6.860264816242740531e-04
6.858561802057915741e-04
6.856859210630745572e-04
6.855157041858990843e-04
6.853455295638632115e-04
6.851753971865075319e-04
6.850053070463692651e-04
6.848352591310790738e-04
6.846652534288813876e-04
6.844952899291460377e-04
6.843253686198248276e-04
6.841554894911011740e-04
6.839856525333137512e-04
6.838158577362636863e-04
6.836461050895747309e-04
6.834763945828136074e-04
6.833067262085358584e-04
6.831370999544029380e-04
6.829675158086881154e-04
6.827979737607880019e-04
6.826284737986841079e-04
6.824590159125842447e-04
6.822896000928508307e-04
6.821202263293104718e-04
6.819508946116127233e-04
6.817816049293500035e-04
6.816123572750962863e-04
6.814431516365437088e-04
6.812739880019949221e-04
6.811048663608723413e-04
6.809357867011876179e-04
6.807667490131727407e-04
6.805977532872138722e-04
6.804287995131629886e-04
6.802598876806953410e-04
6.800910177794289345e-04
6.799221898019565001e-04
6.797534037360004238e-04
6.795846595698924134e-04
6.794159572930813388e-04
6.792472968936082330e-04
6.790786783617293711e-04
6.789101016878550934e-04
6.787415668618622042e-04
6.785730738734515417e-04
6.784046227122672405e-04
6.782362133709199208e-04
6.780678458371626515e-04
6.778995200993560887e-04
6.777312361469750145e-04
6.775629939680904946e-04
6.773947935529826565e-04
6.772266348920858011e-04
6.770585179753017780e-04
6.768904427923571211e-04
6.767224093329213350e-04
6.765544175896234715e-04
6.763864675502470657e-04
6.762185592031815049e-04
6.760506925379278090e-04
6.758828675425865339e-04
6.757150842074619848e-04
6.755473425230120984e-04
6.753796424791637691e-04
6.752119840656691180e-04
6.750443672722231288e-04
6.748767920914733928e-04
6.747092585112333691e-04
6.745417665199213934e-04
6.743743161070646147e-04
6.742069072607928624e-04
6.740395399714347278e-04
6.738722142294715665e-04
6.737049300248556432e-04
6.735376873473640155e-04
6.733704861867173628e-04
6.732033265355817078e-04
6.730362083818006505e-04
6.728691317138213663e-04
6.727020965211964829e-04
6.725351027920857538e-04
6.723681505168416228e-04
6.722012396859691893e-04
6.720343702894452211e-04
6.718675423170723630e-04
6.717007557585970984e-04
6.715340106067030140e-04
6.713673068492641760e-04
6.712006444747563826e-04
6.710340234727583909e-04
6.709879873414406528e-04
