0.000000000000000000e+00
1.004303117636852743e-03
2.007215379165406231e-03
4.010258436457992196e-03
6.007740070609778570e-03
7.999663344980749435e-03
2.761390965005973072e-02
4.667617388070897932e-02
6.519050762490138928e-02
8.316153016744419479e-02
1.291071409588701868e-01
1.712307803703101983e-01
2.096690333852641586e-01
2.445719325070319639e-01
2.760997637285403927e-01
3.190236166442359522e-01
3.547598583261481475e-01
3.839595330219041647e-01
4.072608430129698864e-01
4.252759336996151940e-01
4.385840419757133235e-01
4.415816489495665853e-01
4.442554289496378206e-01
4.466169565407357989e-01
4.470527938453002226e-01
4.474766844772345986e-01
4.478887173965281354e-01
4.482889811234823663e-01
4.484458114637038251e-01
4.485691013107835357e-01
4.485739779618296841e-01
4.485788527577560525e-01
4.485802230920259981e-01
4.485807368197157197e-01
4.485812505267974815e-01
4.485787570128372259e-01
4.485723375732069140e-01
4.485659153544203637e-01
4.485016982318376089e-01
4.484374903181268524e-01
4.483732916119673728e-01
4.477318106819620502e-01
4.470912490503681780e-01
4.464516054052187766e-01
4.458128784309451920e-01
4.394757375336372784e-01
4.332288304419785741e-01
4.270708724296796155e-01
4.210005969186112473e-01
4.150167554021266803e-01
3.727314523715504757e-01
3.347624046860751545e-01
3.006689810478280211e-01
2.700555865971172032e-01
2.425670069544649532e-01
2.178842778791400259e-01
1.957209954385535355e-01
1.758199894919155459e-01
1.579503402953563174e-01
1.419046991058492690e-01
1.274968820634441169e-01
1.145597098550543008e-01
1.029430678345395200e-01
9.251216416216431759e-02
8.314596574568196286e-02
7.473579382874541432e-02
6.718406293414302954e-02
6.040314852805370865e-02
5.431437026634238635e-02
4.884707902504328847e-02
4.393783712131229396e-02
3.952968221253642250e-02
3.557146633223141896e-02
3.201726239321156520e-02
2.882583127137569590e-02
2.596014328640112653e-02
2.338694852683383119e-02
2.107639103383027873e-02
1.900166236672123574e-02
1.713869053053628660e-02
1.546586065595091306e-02
1.396376419055837467e-02
1.261497369120030167e-02
1.140384060415280086e-02
1.031631368670477000e-02
9.339775963178361534e-03
8.462898323506211351e-03
7.675508065592592279e-03
6.968470856086115238e-03
6.333584739892608728e-03
5.763484968564654837e-03
5.251558543241369344e-03
4.791867480535109101e-03
4.379079910978715337e-03
4.008408210532230301e-03
3.675553447256341144e-03
3.376655498537997884e-03
3.108248260052068508e-03
2.867219426724994594e-03
2.650774379017746714e-03
2.456403755481590713e-03
2.281854335313912314e-03
2.125102893049046412e-03
1.984332722006301210e-03
1.857912456180662447e-03
1.744377133594129329e-03
1.642411882523379767e-03
1.550835721081392921e-03
1.468588182759662493e-03
1.394717061134852134e-03
1.328367342708421106e-03
1.268771289297668421e-03
1.215239529306976840e-03
1.167153058287577439e-03
1.123956056309515818e-03
1.085149438432746584e-03
1.050285063515136704e-03
1.018960534155301982e-03
9.908145274272004560e-04
9.655226022273761654e-04
9.427934345847637215e-04
9.223654372490034661e-04
9.040037243322788466e-04
8.874973857835443281e-04
8.726575485849607594e-04
8.593138004930532493e-04
8.473131402991699972e-04
8.365185079753986860e-04
8.268068130708496055e-04
8.180675249700217850e-04
8.102013956897348608e-04
8.031193073784878220e-04
7.967412383509532396e-04
7.909953346666362666e-04
7.858170764531517130e-04
7.811485293241878436e-04
7.769376722047174584e-04
7.731377937644524087e-04
7.697069504568123137e-04
7.666074798753873525e-04
7.638030545994879813e-04
7.612663774296401934e-04
7.589700694408590747e-04
7.568895517195339470e-04
7.550027829393413494e-04
7.532899737498814858e-04
7.517333564695380041e-04
7.503169786278273247e-04
7.490265175178635994e-04
7.478491136933057212e-04
7.467732214761415178e-04
7.457884747371648854e-04
7.448855663888256321e-04
7.440561401895433432e-04
7.432926936017007031e-04
7.425884905740295049e-04
7.419374832344770862e-04
7.413342415832258232e-04
7.407738903685359699e-04
7.402520524115929149e-04
7.397647977215005780e-04
7.393085978088785072e-04
7.388802846669544240e-04
7.384770139433026459e-04
7.380962318740975480e-04
7.377356455964860981e-04
7.373931964939632773e-04
7.370670362648813929e-04
7.367555054358926455e-04
7.364571140705386456e-04
7.361705244487232397e-04
7.358945355157159307e-04
7.356280689199025521e-04
7.353701564769737952e-04
7.351199289148179026e-04
7.348766057682781794e-04
7.346394863063006059e-04
7.344079413859971135e-04
7.341814061389295449e-04
7.339593734045892154e-04
7.337413878347387106e-04
7.335270406000746115e-04
7.333159646376784463e-04
7.331078303840051413e-04
7.329023419438070478e-04
7.326992336504533276e-04
7.324982669776607287e-04
7.322992277667346754e-04
7.321019237370834367e-04
7.319061822510704047e-04
7.317118483072149616e-04
7.315187827384172798e-04
7.313268605942583158e-04
7.311359696885704872e-04
7.309460092953937779e-04
7.307568889781586047e-04
7.305685154448924050e-04
7.303808261690500391e-04
7.301937589098250313e-04
7.300072722584705076e-04
7.298212999696535724e-04
7.296357865191501185e-04
7.294506889078861177e-04
7.292659649099845869e-04
7.290815836693124476e-04
7.288975178891468750e-04
7.287137409782881410e-04
7.285302283450622793e-04
7.283469576658523764e-04
7.281639088167197842e-04
7.279810637048208730e-04
7.277984060799514441e-04
7.276159213525307604e-04
7.274335964257795184e-04
7.272514195435501221e-04
7.270693801532170661e-04
7.268874687824335070e-04
7.267056769284528693e-04
7.265239969587728840e-04
7.263424220219525870e-04
7.261609459675675161e-04
7.259795632743670053e-04
7.257982689857938631e-04
7.256170586521130212e-04
7.254359282784695771e-04
7.252548742782709192e-04
7.250738934313469318e-04
7.248929828463972430e-04
7.247121399272873910e-04
7.245313623427997998e-04
7.243506479994830808e-04
7.241699950172852387e-04
7.239894017076849890e-04
7.238088665540611932e-04
7.236283881940776090e-04
7.234479654038704528e-04
7.232675970838576022e-04
7.230872822460022564e-04
7.229070200023813252e-04
7.227268095549248652e-04
7.225466501862092515e-04
7.223665412511913290e-04
7.221864821697911684e-04
7.220064724202347392e-04
7.218265115330784387e-04
7.216465992082644366e-04
7.214667349649964492e-04
7.212869184029819386e-04
7.211071492134117199e-04
7.209274270917435945e-04
7.207477518138208231e-04
7.205681231801479292e-04
7.203885409955260210e-04
7.202090050784270203e-04
7.200295152629883778e-04
7.198500714421481646e-04
7.196706734446183754e-04
7.194913211260204689e-04
7.193120143732846267e-04
7.191327530737014195e-04
7.189535371442106609e-04
7.187743665106935799e-04
7.185952410999139461e-04
7.184161608429979248e-04
7.182371256762706477e-04
7.180581355582747174e-04
7.178791904222888744e-04
7.177002902107365622e-04
7.175214348775349601e-04
7.173426243758508711e-04
7.171638586705732753e-04
7.169851377297569144e-04
7.168064615213742396e-04
7.166278300147553397e-04
7.164492431809570041e-04
7.162707010006792415e-04
7.160922034426109436e-04
7.159137504789785372e-04
7.157353420867007673e-04
7.155569782414531246e-04
7.153786589244523486e-04
7.152003841180996696e-04
7.150221538043944041e-04
7.148439679656734894e-04
7.146658265848207341e-04
7.144877296500832782e-04
7.143096771422119797e-04
7.141316690435869268e-04
7.139537053389668391e-04
7.137757860117010817e-04
7.135979110485756154e-04
7.134200804368871687e-04
7.132422941634215937e-04
7.130645522149563946e-04
7.128868545784154426e-04
7.127092012446249779e-04
7.125315921984582117e-04
7.123540274257684742e-04
7.121765069139986441e-04
7.119990306491281442e-04
7.118215986198538417e-04
7.116442108151533035e-04
7.114668672234578757e-04
7.112895678330732451e-04
7.111123126323146398e-04
7.109351016128981045e-04
7.107579347611205165e-04
7.105808120640357429e-04
7.104037335100179922e-04
7.102266990859621874e-04
7.100497087812313295e-04
7.098727625853913821e-04
7.096958604874511372e-04
7.095190024762533954e-04
7.093421885406045284e-04
7.091654186725364090e-04
7.089886928588505022e-04
7.088120110870301275e-04
7.086353733457838614e-04
7.084587796223383929e-04
7.082822299063007768e-04
7.081057241874537085e-04
7.079292624550192429e-04
7.077528446980410832e-04
7.075764709055109994e-04
7.074001410695802353e-04
7.072238551772436774e-04
7.070476132161505282e-04
7.068714151751415284e-04
7.066952610415772659e-04
7.065191508051638916e-04
7.063430844557746320e-04
7.061670619827220725e-04
7.059910833751355686e-04
7.058151486220875549e-04
7.056392577157833768e-04
7.054634106433047653e-04
7.052876073923771425e-04
7.051118479519045664e-04
7.049361323093137613e-04
7.047604604543616187e-04
7.045848323769684195e-04
7.044092480664948877e-04
7.042337075121175415e-04
7.040582107029544606e-04
7.038827576312415646e-04
7.037073482841114339e-04
7.035319826493356774e-04
7.033566607158580350e-04
7.031813824711480570e-04
7.030061479049966788e-04
7.028309570073571410e-04
7.026558097676236696e-04
7.024807061750067182e-04
7.023056462186572178e-04
7.021306298908348321e-04
7.019556571787100886e-04
7.017807280700907001e-04
7.016058425539516315e-04
7.014310006177981033e-04
7.012562022514490234e-04
7.010814474448852796e-04
7.009067361875300460e-04
7.007320684686227244e-04
7.005574442773436277e-04
7.003828636059729112e-04
7.002083264417153629e-04
7.000338327724102460e-04
6.998593825870621241e-04
6.996849758732079849e-04
6.995106126206938413e-04
6.993362928195256262e-04
6.991620164591540523e-04
6.989877835288460604e-04
6.988135940178098271e-04
6.986394479183448067e-04
6.984653452176883132e-04
6.982912859037109432e-04
6.981172699654446907e-04
6.979432973904583105e-04
6.977693681686231858e-04
6.975954822899706198e-04
6.974216397439777799e-04
6.972478405199388201e-04
6.970740846070884802e-04
6.969003719977460553e-04
6.967267026791807349e-04
6.965530766392935818e-04
6.963794938671438034e-04
6.962059543503313795e-04
6.960324580787530637e-04
6.958590050424650958e-04
6.956855952309708808e-04
6.955122286335913527e-04
6.953389052395882479e-04
6.951656250412995095e-04
6.949923880260268534e-04
6.948191941817009410e-04
6.946460434974086268e-04
6.944729359607807904e-04
6.942998715617389053e-04
6.941268502903644730e-04
6.939538721361870281e-04
6.937809370885538503e-04
6.936080451367535645e-04
6.934351962731435210e-04
6.932623904850565523e-04
6.930896277604537857e-04
6.929169080884489641e-04
6.927442314567039752e-04
6.925715978551655544e-04
6.923990072739394895e-04
6.922264597025815525e-04
6.920539551304655864e-04
6.918814935469069956e-04
6.917090749442819956e-04
6.915366993099550776e-04
6.913643666319171845e-04
6.911920768993094896e-04
6.910198300998241297e-04
6.908476262234331021e-04
6.906754652602668061e-04
6.905033471999071429e-04
6.903312720317544100e-04
6.901592397451501411e-04
6.899872503324902843e-04
6.898153037811701220e-04
6.896434000792110632e-04
6.894715392157807357e-04
6.892997211786023931e-04
6.891279459576727523e-04
6.889562135431470408e-04
6.887845239246327472e-04
6.886128770915568402e-04
6.884412730332874165e-04
6.882697117422387472e-04
6.880981932058382071e-04
6.879267174121364787e-04
6.877552843503285116e-04
6.875838940081680254e-04
6.874125463756767824e-04
6.872412414430342960e-04
6.870699791998739672e-04
6.868987596356488940e-04
6.867275827397539530e-04
6.865564485046224972e-04
6.863853569177128010e-04
6.862143079671054711e-04
6.860433016420223453e-04
6.858723379302475009e-04
6.857014168218275281e-04
6.855305383069665521e-04
6.853597023753236692e-04
6.851889090163782153e-04
6.850181582195516298e-04
6.848474499772956971e-04
6.846767842771002421e-04
6.845061611070754701e-04
6.843355804564703240e-04
6.841650423130988048e-04
6.839945466670326567e-04
6.838240935085000737e-04
6.836536828271861732e-04
6.834833146125965288e-04
6.833129888541787092e-04
6.831427055444032554e-04
6.829724646707912173e-04
6.828022662214823990e-04
6.826321101857524146e-04
6.824619965514456231e-04
6.822919253086585966e-04
6.821218964476439238e-04
6.819519099581122009e-04
6.817819658295950222e-04
6.816120640515664110e-04
6.814422046165157735e-04
6.812723875119950593e-04
6.811026127261735627e-04
6.809328802483535694e-04
6.807631900664100127e-04
6.805935421704636425e-04
6.804239365507915504e-04
6.802543731971300283e-04
6.800848520990366913e-04
6.799153732460115835e-04
6.797459366305630846e-04
6.795765422402738273e-04
6.794071900633429214e-04
6.792378800890988902e-04
6.790686123054469163e-04
6.788993867025326862e-04
6.787302032706572525e-04
6.785610619995822773e-04
6.783919628788916134e-04
6.782229058981115426e-04
6.780538910497688762e-04
6.778849183214772549e-04
6.777159877014649536e-04
6.775470991790873837e-04
6.773782527422797604e-04
6.772094483812121646e-04
6.770406860862097182e-04
6.768719658470598874e-04
6.767032876533722206e-04
6.765346514946990204e-04
6.763660573635858547e-04
6.761975052476771556e-04
6.760289951352304715e-04
6.758605270156277768e-04
6.756921008768343190e-04
6.755237167090444653e-04
6.753553745026076235e-04
6.751870742473365218e-04
6.750188159328667295e-04
6.748505995487764616e-04
6.746824250876298258e-04
6.745142925371020457e-04
6.743462018854799430e-04
6.741781531221719467e-04
6.740101462351730114e-04
6.738421812147023324e-04
6.736742580511329535e-04
6.735063767343032982e-04
6.733385372538744145e-04
6.731707395994505384e-04
6.730029837636144260e-04
6.728352697340718750e-04
6.726675974991388725e-04
6.724999670482501935e-04
6.723323783694307165e-04
6.721648314529239231e-04
6.719973262891270347e-04
6.718298628679035198e-04
6.716624411789403389e-04
6.714950612118675321e-04
6.713277229592862867e-04
6.711604264089330836e-04
6.709931715491527495e-04
6.708259583694066224e-04
6.707797586521154496e-04
