0.000000000000000000e+00
1.004303589222669147e-03
2.007216320002009301e-03
4.010260308722060803e-03
6.007742864996636761e-03
7.999667052218217833e-03
2.761392198274829207e-02
4.667619394712940739e-02
6.519053456500627231e-02
8.316156315245450126e-02
1.291071863859745428e-01
1.712308329849376587e-01
2.096690884919757969e-01
2.445719859390043660e-01
2.760998118145942537e-01
3.190236501074578679e-01
3.547598709220645130e-01
3.839595199257822555e-01
4.072608006378099499e-01
4.252758595273072872e-01
4.385839344027584463e-01
4.415815317088543357e-01
4.442553019907311551e-01
4.466168198282238766e-01
4.470526551790813818e-01
4.474765438565726505e-01
4.478885748207958595e-01
4.482888365921604001e-01
4.484456661500250130e-01
4.485689553727664203e-01
4.485738319990926759e-01
4.485787067703000397e-01
4.485800770976203222e-01
4.485805908227045169e-01
4.485811045271808628e-01
4.485784592754679667e-01
4.485720371424446462e-01
4.485656149171583507e-01
4.485013977295879695e-01
4.484371897509102922e-01
4.483729909798047641e-01
4.477315094014808206e-01
4.470909471236427235e-01
4.464513028343188306e-01
4.458125752179359913e-01
4.394754280121140888e-01
4.332285148134749075e-01
4.270705508912875370e-01
4.210002696630669172e-01
4.150164226178945648e-01
3.727310836882298251e-01
3.347620088763542112e-01
3.006685654744626346e-01
2.700551574096647922e-01
2.425665692602334556e-01
2.178838358918442908e-01
1.957205526075412594e-01
1.758195486142993258e-01
1.579499036132236967e-01
1.419042683904241098e-01
1.274964586878479522e-01
1.145592948571202141e-01
1.029426619709506996e-01
9.251176795503333883e-02
8.314557952255059725e-02
7.473541775686254329e-02
6.718369704977190937e-02
6.040279276146640064e-02
5.431402446307648235e-02
4.884674296392323145e-02
4.393751052967476839e-02
3.952936477904239743e-02
3.557115771759925688e-02
3.201696223916184608e-02
2.882553920804116487e-02
2.595985893842184256e-02
2.338667151832874921e-02
2.107612099241108761e-02
1.900139892669224298e-02
1.713843333540465003e-02
1.546560936035469395e-02
1.396351846170507463e-02
1.261473320989577734e-02
1.140360506548914778e-02
1.031608280046610905e-02
9.339549454014918484e-03
8.462675930919811088e-03
7.675289543770186067e-03
6.968255973612579902e-03
6.333373279369169939e-03
5.763276726155184063e-03
5.251353328165276474e-03
4.791665114522452792e-03
4.378880227700513751e-03
4.008211055016737065e-03
3.675358675300067265e-03
3.376462976118641424e-03
3.108057862749103503e-03
2.867031039152461575e-03
2.650587894272805368e-03
2.456219074611510050e-03
2.281671366803493268e-03
2.124921552329853830e-03
1.984152930988593820e-03
1.857734142808676551e-03
1.744200231424596070e-03
1.642236330326488428e-03
1.550661462465549199e-03
1.468415165818456230e-03
1.394545238115549920e-03
1.328196669701412185e-03
1.268601725946041838e-03
1.215071038535347299e-03
1.166985606049255209e-03
1.123789611351102592e-03
1.084983972075232892e-03
1.050120549450585814e-03
1.018796948258218673e-03
9.906518475797053674e-04
9.653608081573326807e-04
9.426325077160343591e-04
9.222053605630457264e-04
9.038444822403282923e-04
8.873389640086613026e-04
8.724999340505631279e-04
8.591569812271016579e-04
8.471571053418714770e-04
8.363632472923527347e-04
8.266523174750026529e-04
8.179137860498873714e-04
8.100484057434048646e-04
8.029670593530388936e-04
7.965897257868314587e-04
7.908445516466340456e-04
7.856670175556214374e-04
7.809991895801560386e-04
7.767890470585929767e-04
7.729898790380403508e-04
7.695597423163687018e-04
7.664609748014690948e-04
7.636572493812015042e-04
7.611212690916242200e-04
7.588256552467009461e-04
7.567458291509636739e-04
7.548597496765691722e-04
7.531476276539630010e-04
7.515916955662740873e-04
7.501760010930678783e-04
7.488862216640949964e-04
7.477094979574144991e-04
7.466342844082526258e-04
7.456502149904643871e-04
7.447479827102813444e-04
7.439192314114480590e-04
7.431564586339645985e-04
7.424529283971588456e-04
7.418025928931788445e-04
7.412000221805822592e-04
7.406403410607022330e-04
7.401191724029693077e-04
7.396325862603379602e-04
7.391770541832802998e-04
7.387494082012384606e-04
7.383468039946922959e-04
7.379666878297111042e-04
7.376067668706003588e-04
7.372649825255246517e-04
7.369394865152430630e-04
7.366286193867592437e-04
7.363308912220967650e-04
7.360449643179433569e-04
7.357696376348090437e-04
7.355038328349199333e-04
7.352465817465330539e-04
7.349970151089467918e-04
7.347543524673651964e-04
7.345178931001417619e-04
7.342870078729304148e-04
7.340611319250495972e-04
7.338397581030345774e-04
7.336224310650444084e-04
7.334087419875853688e-04
7.331983238130160155e-04
7.329908469825851831e-04
7.327860156054006799e-04
7.325835640187894392e-04
7.323832537000659173e-04
7.321848704938052751e-04
7.319882221223901822e-04
7.317931359508886811e-04
7.315994569802816185e-04
7.314070460457095619e-04
7.312157781987936112e-04
7.310255412552250486e-04
7.308362344907380322e-04
7.306477674703079671e-04
7.304600469035854495e-04
7.302730102651377314e-04
7.300865953152790768e-04
7.299007606460229626e-04
7.297154400132483060e-04
7.295305778937900484e-04
7.293461312894096481e-04
7.291620579750799193e-04
7.289783270953012831e-04
7.287949113539292281e-04
7.286117841603372437e-04
7.284289209233947657e-04
7.282462993199927213e-04
7.280638992266640899e-04
7.278817025510039103e-04
7.276996930432158605e-04
7.275178561140992163e-04
7.273361786672296421e-04
7.271546489467916327e-04
7.269732564004716081e-04
7.267919915562148087e-04
7.266108459115512390e-04
7.264298118342388385e-04
7.262488824730835161e-04
7.260680516778953222e-04
7.258873139276460695e-04
7.257066642659919372e-04
7.255260982434007114e-04
7.253456118652126458e-04
7.251652015450230212e-04
7.249848640628421331e-04
7.248045965275441661e-04
7.246243963431635770e-04
7.244442611786461794e-04
7.242641889407000705e-04
7.240841777494282962e-04
7.239042259164606011e-04
7.237243319253242740e-04
7.235444944138272718e-04
7.233647121582481663e-04
7.231849840591444804e-04
7.230053091286163481e-04
7.228256864788759877e-04
7.226461153119867042e-04
7.224665949106564948e-04
7.222871246299724171e-04
7.221077038899832365e-04
7.219283321690419912e-04
7.217490089978318216e-04
7.215697340763840189e-04
7.213905069240498591e-04
7.212113271406753656e-04
7.210321944175758198e-04
7.208531084503493188e-04
7.206740690149523142e-04
7.204950759120005684e-04
7.203161289464126088e-04
7.201372279367788606e-04
7.199583727173560366e-04
7.197795631811665590e-04
7.196007991570628265e-04
7.194220805007988957e-04
7.192434070994246443e-04
7.190647788403659512e-04
7.188861956406726768e-04
7.187076574263341448e-04
7.185291641242281830e-04
7.183507156655965327e-04
7.181723119868804435e-04
7.179939530467057849e-04
7.178156387784883404e-04
7.176373691247820916e-04
7.174591440396217452e-04
7.172809634763074611e-04
7.171028273998365310e-04
7.169247357783704909e-04
7.167466885799946572e-04
7.165686857741532852e-04
7.163907273320183067e-04
7.162128132343719127e-04
7.160349434500389541e-04
7.158571179513747692e-04
7.156793367154154137e-04
7.155015997179681089e-04
7.153239069403572554e-04
7.151462583650905524e-04
7.149686539742787722e-04
7.147910937503728019e-04
7.146135776763708333e-04
7.144361057406017554e-04
7.142586779239515175e-04
7.140812942089285777e-04
7.139039545804078818e-04
7.137266590218705256e-04
7.135494075202095891e-04
7.133722000628272934e-04
7.131950366366208386e-04
7.130179172284812445e-04
7.128408418254458985e-04
7.126638104184225726e-04
7.124868229924191361e-04
7.123098795334168549e-04
7.121329800289740754e-04
7.119561244652018424e-04
7.117793128309034918e-04
7.116025451151617581e-04
7.114258213065189013e-04
7.112491413933934737e-04
7.110725053642143276e-04
7.108959132107784979e-04
7.107193649195165438e-04
7.105428604776105935e-04
7.103663998735496726e-04
7.101899830943594590e-04
7.100136101295094222e-04
7.098372809686703680e-04
7.096609956009612436e-04
7.094847540153377151e-04
7.093085562007193446e-04
7.091324021492183445e-04
7.089562918477701871e-04
7.087802252839852605e-04
7.086042024466867413e-04
7.084282233232321816e-04
7.082522879033341292e-04
7.080763961768796882e-04
7.079005481332013936e-04
7.077247437614548383e-04
7.075489830507444410e-04
7.073732659933021100e-04
7.071975925762560887e-04
7.070219627873819976e-04
7.068463766156351776e-04
7.066708340485058871e-04
7.064953350758060953e-04
7.063198796875132203e-04
7.061444678730494605e-04
7.059690996216559525e-04
7.057937749225175628e-04
7.056184937679197593e-04
7.054432561450769794e-04
7.052680620418409546e-04
7.050929114472300179e-04
7.049178043488000221e-04
7.047427407364134600e-04
7.045677206000940454e-04
7.043927439293122235e-04
7.042178107133560769e-04
7.040429209414549245e-04
7.038680746059253505e-04
7.036932716940316659e-04
7.035185121936716806e-04
7.033437960939028675e-04
7.031691233823235800e-04
7.029944940488300296e-04
7.028199080834786729e-04
7.026453654757726982e-04
7.024708662150336898e-04
7.022964102905243601e-04
7.021219976945837363e-04
7.019476284145142932e-04
7.017733024382491859e-04
7.015990197548770037e-04
7.014247803520309030e-04
7.012505842196350677e-04
7.010764313477729510e-04
7.009023217259766894e-04
7.007282553435965986e-04
7.005542321899237970e-04
7.003802522573178034e-04
7.002063155331149195e-04
7.000324220052799593e-04
6.998585716629297012e-04
6.996847644937296109e-04
6.995110004876298930e-04
6.993372796347393713e-04
6.991636019246169620e-04
6.989899673466398690e-04
6.988163758901271829e-04
6.986428275474575048e-04
6.984693223059993371e-04
6.982958601537477428e-04
6.981224410798471478e-04
6.979490650719940258e-04
6.977757321201638434e-04
6.976024422144903609e-04
6.974291953445584070e-04
6.972559914997723991e-04
6.970828306694774488e-04
6.969097128460715641e-04
6.967366380169546895e-04
6.965636061701521373e-04
6.963906172948353297e-04
6.962176713787313152e-04
6.960447684118406054e-04
6.958719083843214635e-04
6.956990912857848475e-04
6.955263171056611958e-04
6.953535858333223995e-04
6.951808974611853320e-04
6.950082519766813795e-04
6.948356493678654530e-04
6.946630896239357547e-04
6.944905727326504494e-04
6.943180986840342267e-04
6.941456674682699611e-04
6.939732790749948482e-04
6.938009334936651304e-04
6.936286307136792619e-04
6.934563707274728726e-04
6.932841535225084655e-04
6.931119790868707671e-04
6.929398474097848678e-04
6.927677584790388563e-04
6.925957122846827926e-04
6.924237088169236205e-04
6.922517480654239060e-04
6.920798300196667795e-04
6.919079546690764995e-04
6.917361220061076692e-04
6.915643320182537999e-04
6.913925846936291083e-04
6.912208800214857899e-04
6.910492179896419659e-04
6.908775985881723076e-04
6.907060218073083702e-04
6.905344876367381984e-04
6.903629960659708352e-04
6.901915470844567765e-04
6.900201406846697078e-04
6.898487768541339315e-04
6.896774555809932631e-04
6.895061768545262442e-04
6.893349406625815705e-04
6.891637469952581994e-04
6.889925958428120807e-04
6.888214871949570632e-04
6.886504210412279937e-04
6.884793973711018228e-04
6.883084161770702336e-04
6.881374774466891874e-04
6.879665811681313393e-04
6.877957273307022277e-04
6.876249159222806891e-04
6.874541469329902921e-04
6.872834203531108391e-04
6.871127361723818744e-04
6.869420943803639405e-04
6.867714949665604425e-04
6.866009379234817118e-04
6.864304232387143925e-04
6.862599509004606302e-04
6.860895208980525260e-04
6.859191332193986237e-04
6.857487878546474286e-04
6.855784847941027039e-04
6.854082240275292557e-04
6.852380055445137560e-04
6.850678293345855221e-04
6.848976953902737507e-04
6.847276036991954435e-04
6.845575542495824532e-04
6.843875470307927934e-04
6.842175820307654739e-04
6.840476592396730693e-04
6.838777786478437374e-04
6.837079402450675462e-04
6.835381440209571885e-04
6.833683899650677858e-04
6.831986780699467491e-04
6.830290083232423053e-04
6.828593807132150384e-04
6.826897952292499587e-04
6.825202518593154579e-04
6.823507505936088303e-04
6.821812914224820862e-04
6.820118743357505555e-04
6.818424993230526266e-04
6.816731663739695503e-04
6.815038754810670606e-04
6.813346266320241757e-04
6.811654198151305363e-04
6.809962550197973903e-04
6.808271322340231618e-04
6.806580514480292145e-04
6.804890126521917363e-04
6.803200158363512107e-04
6.801510609901719384e-04
6.799821481032605405e-04
6.798132771682016164e-04
6.796444481727045416e-04
6.794756611050881221e-04
6.793069159547898434e-04
6.791382127098379452e-04
6.789695513604779688e-04
6.788009318971099547e-04
6.786323543095995397e-04
6.784638185876367203e-04
6.782953247208541384e-04
6.781268727018546078e-04
6.779584625183778619e-04
6.777900941587718716e-04
6.776217676125002518e-04
6.774534828676206238e-04
6.772852399144033576e-04
6.771170387432718036e-04
6.769488793441171860e-04
6.767807617066546547e-04
6.766126858205426557e-04
6.764446516784024342e-04
6.762766592680040812e-04
6.761087085777246243e-04
6.759407995970534823e-04
6.757729323140785260e-04
6.756051067190935438e-04
6.754373228025461725e-04
6.752695805543523560e-04
6.751018799642530483e-04
6.749342210219321739e-04
6.747666037200294098e-04
6.745990280463449876e-04
6.744314939892848831e-04
6.742640015383646445e-04
6.740965506817015243e-04
6.739291414096135972e-04
6.737617737125719186e-04
6.735944475805176945e-04
6.734271630032171406e-04
6.732599199703800941e-04
6.730927184746641210e-04
6.729255585039001361e-04
6.727584400465223043e-04
6.725913630920726284e-04
6.724243276286977428e-04
6.722573336467396830e-04
6.720903811366931400e-04
6.719234700885242566e-04
6.717566004920248355e-04
6.715897723369298675e-04
6.714229856159155668e-04
6.712562403168426638e-04
6.710895364281742716e-04
6.709228739394781970e-04
6.708768263487226765e-04
