0.000000000000000000e+00
1.004304218033135951e-03
2.007217577055125848e-03
4.010262809518131896e-03
6.007746596402286504e-03
7.999672001146035730e-03
2.761393839687345531e-02
4.667622056793333668e-02
6.519057017877308291e-02
8.316160658969416752e-02
1.291072454692880067e-01
1.712309003019970854e-01
2.096691574208630893e-01
2.445720506050038101e-01
2.760998670435145241e-01
3.190236817568786742e-01
3.547598702016523942e-01
3.839594800521225482e-01
4.072607165774350113e-01
4.252757277584729434e-01
4.385837526978242362e-01
4.415813355721424083e-01
4.442550913542617774e-01
4.466165946453043434e-01
4.470524270830585345e-01
4.474763128465426010e-01
4.478883408960093737e-01
4.482885997520206778e-01
4.484454279185665082e-01
4.485687164268227223e-01
4.485735930163005092e-01
4.485784677570726631e-01
4.485798380756012005e-01
4.485803517968013909e-01
4.485808635590720628e-01
4.485779980264703037e-01
4.485715756998195358e-01
4.485651534652724259e-01
4.485009361851099996e-01
4.484367281138695871e-01
4.483725292502304116e-01
4.477310467481749878e-01
4.470904835495190799e-01
4.464508383422844950e-01
4.458121098108916436e-01
4.394749536131155598e-01
4.332280317056504959e-01
4.270700593515635579e-01
4.209997699622867739e-01
4.150159150209361547e-01
3.727305246954014661e-01
3.347614108329078908e-01
3.006679387550751925e-01
2.700545106925156258e-01
2.425659097652295704e-01
2.178831695878433727e-01
1.957198843925432030e-01
1.758188824718553978e-01
1.579492427480800043e-01
1.419036153460022098e-01
1.274958154478550987e-01
1.145586629333071454e-01
1.029420424787851063e-01
9.251116167884244901e-02
8.314498697149379225e-02
7.473483921292736754e-02
6.718313260883901350e-02
6.040224236835788768e-02
5.431348794138827346e-02
4.884622004134128725e-02
4.393700085938585104e-02
3.952886795777338369e-02
3.557067330074982492e-02
3.201648975343626691e-02
2.882507816193175323e-02
2.595940883085133197e-02
2.338623184571807234e-02
2.107569125440394986e-02
1.900097863073715518e-02
1.713802200036794107e-02
1.546520651931462126e-02
1.396312366405654329e-02
1.261434602287735129e-02
1.140322507522826927e-02
1.031570961262507323e-02
9.339182694108140448e-03
8.462315244362788452e-03
7.674934595711642785e-03
6.967906448593520242e-03
6.333028880845931879e-03
5.762937175917815999e-03
5.251018365677570347e-03
4.791334496205688041e-03
4.378553726179288015e-03
4.007888458342070276e-03
3.675039786162289518e-03
3.376147611060243553e-03
3.107745851385751695e-03
2.866722223408718975e-03
2.650282127637668128e-03
2.455916221417681761e-03
2.281371301533303888e-03
2.124624158949894783e-03
1.983858102314437107e-03
1.857441779900713278e-03
1.743910243014936724e-03
1.641948632275984886e-03
1.550375977252804825e-03
1.468131822058796158e-03
1.394263970109052737e-03
1.327917417009277659e-03
1.268324432994233928e-03
1.214795654244333256e-03
1.166712083488651410e-03
1.123517907417995220e-03
1.084714047194943343e-03
1.049852367298645048e-03
1.018530475502343359e-03
9.903870536405866721e-04
9.650976649870854091e-04
9.423709895931954659e-04
9.219454439030497044e-04
9.035861454204371446e-04
8.870821872063730995e-04
8.722446990908663518e-04
8.589032714511580461e-04
8.469049054805102275e-04
8.361125433469782705e-04
8.264030966105734592e-04
8.176660364964715225e-04
8.098021167056638873e-04
8.027222209270977590e-04
7.963463288839679874e-04
7.906025879232614567e-04
7.854264793490739818e-04
7.807600698498231087e-04
7.765513393319785308e-04
7.727535773613552778e-04
7.693248412092936785e-04
7.662274692157492297e-04
7.634251346927956299e-04
7.608905410003234931e-04
7.585963097808500052e-04
7.565178626389035136e-04
7.546331587196110184e-04
7.529224091021555253e-04
7.513678464962809120e-04
7.499535187879706249e-04
7.486651035949594630e-04
7.474897417664724082e-04
7.464158878935601635e-04
7.454331760919100320e-04
7.445322994968307708e-04
7.437049020695159609e-04
7.429434814568179135e-04
7.422413017752625859e-04
7.415923153054008315e-04
7.409910921861837972e-04
7.404327572920441384e-04
7.399129335588726895e-04
7.394276911000404427e-04
7.389735015209360821e-04
7.385471969009142898e-04
7.381459329658147939e-04
7.377671560229261995e-04
7.374085732740080692e-04
7.370681261612541980e-04
7.367439664363413174e-04
7.364344346743602028e-04
7.361380409828504733e-04
7.358534476816792338e-04
7.355794537524130159e-04
7.353149808764048801e-04
7.350590608992869533e-04
7.348108245761425213e-04
7.345694914665146409e-04
7.343343608617840376e-04
7.341048036394409813e-04
7.338802549495585491e-04
7.336602076484462004e-04
7.334442064031459650e-04
7.332318423982388256e-04
7.330227485834247972e-04
7.328165954066294483e-04
7.326130869830329868e-04
7.324119576554879822e-04
7.322129689063374205e-04
7.320159065847356991e-04
7.318205784172353290e-04
7.316268117727052402e-04
7.314344516555904138e-04
7.312433589041920836e-04
7.310534085730158692e-04
7.308644884803877726e-04
7.306764979044501817e-04
7.304893464122883592e-04
7.303029407160391935e-04
7.301172182918203458e-04
7.299321169016144504e-04
7.297475951384422080e-04
7.295635867599032732e-04
7.293800362444108603e-04
7.291969005949539614e-04
7.290141375877713052e-04
7.288317163683373599e-04
7.286496096413549181e-04
7.284677908170540976e-04
7.282862353051244245e-04
7.281049207832300790e-04
7.279238271286275286e-04
7.277429362495904143e-04
7.275622318969580818e-04
7.273816994821278529e-04
7.272013259092385265e-04
7.270210994230063986e-04
7.268410094716204169e-04
7.266610465835039549e-04
7.264812022566409727e-04
7.263014688592223317e-04
7.261218395404679974e-04
7.259423081505840796e-04
7.257628691689243551e-04
7.255835176395112468e-04
7.254042491131671832e-04
7.252250595955745923e-04
7.250459455006609544e-04
7.248669036087592235e-04
7.246879310290578946e-04
7.245090251658973862e-04
7.243301836885230769e-04
7.241514045039355819e-04
7.239726857325258025e-04
7.237940256862050508e-04
7.236154228487779545e-04
7.234368758583259061e-04
7.232583834913961429e-04
7.230799446488120341e-04
7.229015583429364159e-04
7.227232236862406308e-04
7.225449398810459157e-04
7.223667062103144047e-04
7.221885220293858829e-04
7.220103867585593495e-04
7.218322998764377515e-04
7.216542609139511020e-04
7.214762695713054655e-04
7.212983253681409497e-04
7.211204279045782062e-04
7.209425768721779799e-04
7.207647719668149478e-04
7.205870129646709671e-04
7.204092996665825439e-04
7.202316318777005500e-04
7.200540094168513330e-04
7.198764321185287208e-04
7.196988998759236205e-04
7.195214125181675045e-04
7.193439699012790832e-04
7.191665719125475177e-04
7.189892184396685449e-04
7.188119093999121179e-04
7.186346447194838592e-04
7.184574243254890618e-04
7.182802481494012696e-04
7.181031161278950527e-04
7.179260282197618380e-04
7.177489843586923627e-04
7.175719844875016844e-04
7.173950285604605405e-04
7.172181165311365637e-04
7.170412483647444282e-04
7.168644240296594746e-04
7.166876434941930754e-04
7.165109067280190118e-04
7.163342137025401502e-04
7.161575643987034808e-04
7.159809587856067479e-04
7.158043968358645225e-04
7.156278785267470481e-04
7.154514038343271756e-04
7.152749727401456039e-04
7.150985852269230777e-04
7.149222412769947995e-04
7.147459408730400974e-04
7.145696839982866892e-04
7.143934706412277203e-04
7.142173007830201906e-04
7.140411744064312487e-04
7.138650914965689442e-04
7.136890520371783758e-04
7.135130560153684883e-04
7.133371034187531391e-04
7.131611942344530906e-04
7.129853284495875874e-04
7.128095060514222413e-04
7.126337270310282137e-04
7.124579913736839906e-04
7.122822990656277938e-04
7.121066500946504228e-04
7.119310444471262751e-04
7.117554821120731416e-04
7.115799630787853934e-04
7.114044873360279853e-04
7.112290548724461764e-04
7.110536656766966099e-04
7.108783197407393846e-04
7.107030170512743756e-04
7.105277575957399082e-04
7.103525413628568102e-04
7.101773683399130281e-04
7.100022385165921613e-04
7.098271518827751342e-04
7.096521084278034804e-04
7.094771081408584885e-04
7.093021510110871864e-04
7.091272370307636578e-04
7.089523661870924739e-04
7.087775384679385936e-04
7.086027538623568874e-04
7.084280123579658750e-04
7.082533139446914750e-04
7.080786586126308017e-04
7.079040463513373502e-04
7.077294771501925529e-04
7.075549509985267762e-04
7.073804678887337999e-04
7.072060278082093398e-04
7.070316307449836957e-04
7.068572766882424930e-04
7.066829656257364155e-04
7.065086975474901528e-04
7.063344724436899404e-04
7.061602903039786118e-04
7.059861511178221671e-04
7.058120548746309869e-04
7.056380015668513262e-04
7.054639911819648784e-04
7.052900237080770782e-04
7.051160991344352421e-04
7.049422174488554314e-04
7.047683786414115584e-04
7.045945827023361542e-04
7.044208296213188896e-04
7.042471193878721688e-04
7.040734519914502824e-04
7.038998274245301685e-04
7.037262456746423093e-04
7.035527067299372425e-04
7.033792105797008823e-04
7.032057572117905980e-04
7.030323466163138036e-04
7.028589787835346891e-04
7.026856537031756682e-04
7.025123713647811290e-04
7.023391317578379965e-04
7.021659348748455435e-04
7.019927807033714403e-04
7.018196692316003770e-04
7.016466004488491675e-04
7.014735743430090082e-04
7.013005909042144184e-04
7.011276501227559337e-04
7.009547519883840491e-04
7.007818964906714502e-04
7.006090836191327092e-04
7.004363133662869396e-04
7.002635857197344466e-04
7.000909006676912533e-04
6.999182581995014958e-04
6.997456583030877038e-04
6.995731009686097669e-04
6.994005861863829407e-04
6.992281139461836324e-04
6.990556842376111990e-04
6.988832970502067759e-04
6.987109523765081247e-04
6.985386502041472092e-04
6.983663905213696515e-04
6.981941733175458251e-04
6.980219985806288344e-04
6.978498663008030718e-04
6.976777764684078623e-04
6.975057290732454172e-04
6.973337241049405721e-04
6.971617615530605917e-04
6.969898414101622112e-04
6.968179636639075351e-04
6.966461283025712423e-04
6.964743353155507027e-04
6.963025846908284027e-04
6.961308764186130210e-04
6.959592104892680601e-04
6.957875868926206679e-04
6.956160056183213758e-04
6.954444666559634692e-04
6.952729699981215726e-04
6.951015156324886904e-04
6.949301035473684496e-04
6.947587337321841326e-04
6.945874061749481498e-04
6.944161208658930322e-04
6.942448777954063517e-04
6.940736769533403013e-04
6.939025183293708911e-04
6.937314019131169936e-04
6.935603276971714481e-04
6.933892956692580501e-04
6.932183058177087244e-04
6.930473581319730996e-04
6.928764526000931847e-04
6.927055892123257968e-04
6.925347679590813845e-04
6.923639888302378365e-04
6.921932518154964246e-04
6.920225569045017171e-04
6.918519040898646593e-04
6.916812933593391877e-04
6.915107247012862836e-04
6.913401981051814880e-04
6.911697135590958666e-04
6.909992710533106311e-04
6.908288705782599740e-04
6.906585121238465038e-04
6.904881956797969712e-04
6.903179212357810979e-04
6.901476887844286943e-04
6.899774983135231873e-04
6.898073498114548315e-04
6.896372432677245383e-04
6.894671786704330806e-04
6.892971560098857392e-04
6.891271752765399088e-04
6.889572364603232428e-04
6.887873395509878623e-04
6.886174845382289677e-04
6.884476714146941503e-04
6.882779001681973031e-04
6.881081707871570868e-04
6.879384832611004337e-04
6.877688375781576069e-04
6.875992337286573062e-04
6.874296717030809953e-04
6.872601514913805054e-04
6.870906730833333280e-04
6.869212364686602505e-04
6.867518416400272959e-04
6.865824885852779558e-04
6.864131772928594053e-04
6.862439077523244894e-04
6.860746799518327443e-04
6.859054938817365056e-04
6.857363495325406559e-04
6.855672468942220713e-04
6.853981859565832883e-04
6.852291667093705733e-04
6.850601891452675132e-04
6.848912532521481741e-04
6.847223590184877036e-04
6.845535064338648589e-04
6.843846954864684501e-04
6.842159261666744480e-04
6.840471984650111541e-04
6.838785123714801644e-04
6.837098678759091688e-04
6.835412649680695871e-04
6.833727036406630042e-04
6.832041838815933014e-04
6.830357056793642497e-04
6.828672690235803016e-04
6.826988739024591069e-04
6.825305203064003807e-04
6.823622082259558430e-04
6.821939376511519182e-04
6.820257085718409076e-04
6.818575209778197097e-04
6.816893748618080154e-04
6.815212702117391967e-04
6.813532070161454303e-04
6.811851852646569729e-04
6.810172049455200972e-04
6.808492660491585876e-04
6.806813685661472577e-04
6.805135124865369263e-04
6.803456978002053734e-04
6.801779244969742176e-04
6.800101925695810389e-04
6.798425020059892417e-04
6.796748527947593004e-04
6.795072449255465169e-04
6.793396783866264372e-04
6.791721531684464814e-04
6.790046692616045565e-04
6.788372266561760928e-04
6.786698253420638070e-04
6.785024653091139288e-04
6.783351465500827952e-04
6.781678690529628671e-04
6.780006328063426999e-04
6.778334377999033992e-04
6.776662840219494595e-04
6.774991714629513941e-04
6.773321001135309627e-04
6.771650699637873395e-04
6.769980810036483948e-04
6.768311332229857286e-04
6.766642266145728082e-04
6.764973611664320185e-04
6.763305368671801042e-04
6.761637537065236497e-04
6.759970116727956639e-04
6.758303107564905127e-04
6.756636509482525071e-04
6.754970322382057579e-04
6.753304546163025300e-04
6.751639180724395770e-04
6.749974225994083638e-04
6.748309681852606573e-04
6.746645548186410660e-04
6.744981824892815449e-04
6.743318511855439425e-04
6.741655608979460436e-04
6.739993116171551441e-04
6.738331033333197495e-04
6.736669360364168444e-04
6.735008097163682275e-04
6.733347243659828195e-04
6.731686799733418774e-04
6.730026765271181991e-04
6.728367140170688930e-04
6.726707924315844305e-04
6.725049117612060152e-04
6.723390719966240367e-04
6.721732731280112864e-04
6.720075151453691435e-04
6.718417980386443434e-04
6.716761218006634792e-04
6.715104864195375152e-04
6.713448918839666794e-04
6.711793381837334507e-04
6.711335968919003537e-04
