0.000000000000000000e+00
1.004303729676437988e-03
2.007216600556840837e-03
4.010260868406170624e-03
6.007743702402818485e-03
7.999668165942507708e-03
2.761392578313064117e-02
4.667620029736185838e-02
6.519054333155151204e-02
8.316157420506398168e-02
1.291072029973790170e-01
1.712308542907768627e-01
2.096691136922108900e-01
2.445720142966632538e-01
2.760998426538490702e-01
3.190236836113741759e-01
3.547599057939995748e-01
3.839595550645135691e-01
4.072608351197281040e-01
4.252758925886329644e-01
4.385839654224443773e-01
4.415815620533845021e-01
4.442553316229418958e-01
4.466168487135201981e-01
4.470526839110619544e-01
4.474765724339718753e-01
4.478886032423671781e-01
4.482888648566761280e-01
4.484456943513791538e-01
4.485689835236199019e-01
4.485738601479426491e-01
4.485787349171466154e-01
4.485801052439035708e-01
4.485806189687765455e-01
4.485811326730416715e-01
4.485784598719326777e-01
4.485720375944846627e-01
4.485656153681310543e-01
4.485013981698890984e-01
4.484371901805423999e-01
4.483729913987703486e-01
4.477315097139202282e-01
4.470909473298081971e-01
4.464513029344622241e-01
4.458125752123085483e-01
4.394754269624926435e-01
4.332285127444530648e-01
4.270705478269786748e-01
4.210002656271130683e-01
4.150164176334751320e-01
3.727310722787497421e-01
3.347619921465581627e-01
3.006685443738332242e-01
2.700551327526318213e-01
2.425665417438479243e-01
2.178838061112517432e-01
1.957205210695224518e-01
1.758195157491068972e-01
1.579498697849233690e-01
1.419042339059220781e-01
1.274964238047651410e-01
1.145592597906543580e-01
1.029426268998511890e-01
9.251173302679821520e-02
8.314554485794251049e-02
7.473538345382818582e-02
6.718366318684002025e-02
6.040275940068980109e-02
5.431399165257568690e-02
4.884671074008261477e-02
4.393747891903537067e-02
3.952933379993079505e-02
3.557112738152628378e-02
3.201693255202150284e-02
2.882551017113567371e-02
2.595983054933603124e-02
2.338664377167373049e-02
2.107609388045489709e-02
1.900137243989268032e-02
1.713840746285775346e-02
1.546558409017056469e-02
1.396349378132110373e-02
1.261470910633625750e-02
1.140358152557885245e-02
1.031605981100460617e-02
9.339527001917364082e-03
8.462654003329250080e-03
7.675268128145753405e-03
6.968235057797297904e-03
6.333352851640620430e-03
5.763256775261836953e-03
5.251333843350875635e-03
4.791646085540510538e-03
4.378861644820700692e-03
4.008192909024640982e-03
3.675340957491634187e-03
3.376445678290374442e-03
3.108040977184944355e-03
2.867014558608136504e-03
2.650571811958285333e-03
2.456203384172144302e-03
2.281656062300254761e-03
2.124906628219085450e-03
1.984138382101558167e-03
1.857719964331169902e-03
1.744186418876811709e-03
1.642222879543288501e-03
1.550648369577275207e-03
1.468402427232410419e-03
1.394532850498157988e-03
1.328184629961143629e-03
1.268590031217120898e-03
1.215059686162265349e-03
1.166974593572097166e-03
1.123778936491674329e-03
1.084973632723987280e-03
1.050110543654322231e-03
1.018787274208539286e-03
9.906425036021973985e-04
9.653517927014524736e-04
9.426238193456612686e-04
9.221969979476733010e-04
9.038364441468629351e-04
8.873312492937956682e-04
8.724925416535104497e-04
8.591499101633088935e-04
8.471503546969526548e-04
8.363568162163007242e-04
8.266462051769778380e-04
8.179079917933997817e-04
8.100429288418605975e-04
8.029618991656281698e-04
7.965848817147381427e-04
7.908400231295423461e-04
7.856628040684985378e-04
7.809952906302909236e-04
7.767854621828737842e-04
7.729866078004493223e-04
7.695567843056832407e-04
7.664583296291484389e-04
7.636549166810520329e-04
7.611192485145196066e-04
7.588239464608627491e-04
7.567444318405281301e-04
7.548586635401675427e-04
7.531468524034633542e-04
7.515912309256298765e-04
7.501758467972647476e-04
7.488863774581862743e-04
7.477099635956398508e-04
7.466350596532325993e-04
7.456512996124633726e-04
7.447493764865350434e-04
7.439209341255487423e-04
7.431584700752997055e-04
7.424552483603991332e-04
7.418052211778103366e-04
7.412029585904802639e-04
7.406435854037420052e-04
7.401227244906711904e-04
7.396364459075443999e-04
7.391812212078602935e-04
7.387538824238197577e-04
7.383515852384158265e-04
7.379717759200081755e-04
7.376121616349904514e-04
7.372706837934293704e-04
7.369454941178188445e-04
7.366349331567432915e-04
7.363375109936680547e-04
7.360518899265958929e-04
7.357768689172369337e-04
7.355113696289111366e-04
7.352544238908751643e-04
7.350051624433399759e-04
7.347628048323431556e-04
7.345266503369999580e-04
7.342960698236609095e-04
7.340704984322820714e-04
7.338494290099824464e-04
7.336324062154559247e-04
7.334190212256992778e-04
7.332089069835210065e-04
7.330017339305834601e-04
7.327972061763748934e-04
7.325950580585722204e-04
7.323950510548124472e-04
7.321969710099687821e-04
7.320006256466988484e-04
7.318058423303256928e-04
7.316124660620660844e-04
7.314203576772801418e-04
7.312293922277930116e-04
7.310394575294857115e-04
7.308504528582702086e-04
7.306622877792883332e-04
7.304748690023700084e-04
7.302881340022107474e-04
7.301020205392562195e-04
7.299164872056123840e-04
7.297314677573060434e-04
7.295469066713066884e-04
7.293627609494887512e-04
7.291789883669439832e-04
7.289955580682664802e-04
7.288124427573996599e-04
7.286296158438070004e-04
7.284470527364467337e-04
7.282647311122957641e-04
7.280826308479708799e-04
7.279007338511474592e-04
7.277190238721080017e-04
7.275374863217280025e-04
7.273561081036576106e-04
7.271748774621539626e-04
7.269937838449741681e-04
7.268128177801333988e-04
7.266319707652295302e-04
7.264512351680877224e-04
7.262706041375798036e-04
7.260900715235802261e-04
7.259096318051257461e-04
7.257292800259349929e-04
7.255490117365386363e-04
7.253688229423386211e-04
7.251887100569913772e-04
7.250086698605680237e-04
7.248286994620025932e-04
7.246487962653897158e-04
7.244689579397341856e-04
7.242891823918029721e-04
7.241094677417578849e-04
7.239298123012869986e-04
7.237502145539754985e-04
7.235706731376890209e-04
7.233911868287637090e-04
7.232117545278145482e-04
7.230323752469985932e-04
7.228530480985848744e-04
7.226737722846937259e-04
7.224945470880897403e-04
7.223153718639162453e-04
7.221362460322782763e-04
7.219571690715856837e-04
7.217781405125773360e-04
7.215991600553244229e-04
7.214202272192442485e-04
7.212413416042459365e-04
7.210625029017011470e-04
7.208837108072717282e-04
7.207049650969669322e-04
7.205262655714533707e-04
7.203476120357036726e-04
7.201690043083634491e-04
7.199904422237444904e-04
7.198119256749087921e-04
7.196334544907741302e-04
7.194550285271563610e-04
7.192766476711618491e-04
7.190983118102796823e-04
7.189200208616115459e-04
7.187417747511975043e-04
7.185635734059691616e-04
7.183854167572229030e-04
7.182073047414551641e-04
7.180292373173306287e-04
7.178512144183302407e-04
7.176732359870693478e-04
7.174953019776387098e-04
7.173174123434016957e-04
7.171395670494069884e-04
7.169617660638667560e-04
7.167840093549195492e-04
7.166062968920643757e-04
7.164286286465277025e-04
7.162510045991305353e-04
7.160734247187626684e-04
7.158958889778406975e-04
7.157183973534559729e-04
7.155409498214787079e-04
7.153635463632851280e-04
7.151861869614328055e-04
7.150088715980862895e-04
7.148316002557501348e-04
7.146543729174771771e-04
7.144771895716351198e-04
7.143000501991742055e-04
7.141229547826642579e-04
7.139459033070355174e-04
7.137688957558318550e-04
7.135919321159974165e-04
7.134150123749846218e-04
7.132381365197436882e-04
7.130613045372197374e-04
7.128845164145044752e-04
7.127077721425441629e-04
7.125310717064111798e-04
7.123544150921473986e-04
7.121778022873666769e-04
7.120012332782422928e-04
7.118247080536285396e-04
7.116482266026581335e-04
7.114717889139266773e-04
7.112953949759061745e-04
7.111190447770794707e-04
7.109427383092823067e-04
7.107664755590093180e-04
7.105902565135033483e-04
7.104140811613082838e-04
7.102379494895121438e-04
7.100618614876351388e-04
7.098858171453980561e-04
7.097098164519726436e-04
7.095338593963680185e-04
7.093579459675575195e-04
7.091820761576920649e-04
7.090062499537709865e-04
7.088304673434648456e-04
7.086547283156520048e-04
7.084790328577517072e-04
7.083033809595273497e-04
7.081277726109155846e-04
7.079522078013017472e-04
7.077766865198948818e-04
7.076012087558529668e-04
7.074257745014462910e-04
7.072503837438664153e-04
7.070750364709496756e-04
7.068997326717059481e-04
7.067244723336873992e-04
7.065492554467563049e-04
7.063740820009394147e-04
7.061989519857117276e-04
7.060238653903672893e-04
7.058488222041449595e-04
7.056738224193679363e-04
7.054988660233141914e-04
7.053239530038958463e-04
7.051490833501853359e-04
7.049742570498003123e-04
7.047994740926532501e-04
7.046247344688179532e-04
7.044500381678163664e-04
7.042753851789896984e-04
7.041007754916212610e-04
7.039262090980650437e-04
7.037516859856488916e-04
7.035772061423305711e-04
7.034027695572214398e-04
7.032283762179815422e-04
7.030540261145573969e-04
7.028797192370542495e-04
7.027054555750276554e-04
7.025312351178518910e-04
7.023570578548430114e-04
7.021829237783779910e-04
7.020088328758221884e-04
7.018347851351686064e-04
7.016607805455597193e-04
7.014868190946900494e-04
7.013129007725338706e-04
7.011390255692234253e-04
7.009651934743427832e-04
7.007914044772948440e-04
7.006176585674240686e-04
7.004439557371277061e-04
7.002702959738046169e-04
7.000966792654793542e-04
6.999231056013226898e-04
6.997495749690608047e-04
6.995760873586937770e-04
6.994026427603792194e-04
6.992292411637280897e-04
6.990558825581700674e-04
6.988825669330768270e-04
6.987092942808645910e-04
6.985360645889647458e-04
6.983628778454316604e-04
6.981897340394634284e-04
6.980166331588172389e-04
6.978435751935181067e-04
6.976705601337486896e-04
6.974975879691455325e-04
6.973246586891650948e-04
6.971517722832050717e-04
6.969789287437014183e-04
6.968061280581160956e-04
6.966333702145336131e-04
6.964606552021790613e-04
6.962879830088403122e-04
6.961153536245667751e-04
6.959427670395656107e-04
6.957702232434992765e-04
6.955977222258501440e-04
6.954252639760427970e-04
6.952528484865312967e-04
6.950804757448093710e-04
6.949081457389908031e-04
6.947358584583273548e-04
6.945636138906371472e-04
6.943914120259944180e-04
6.942192528546305055e-04
6.940471363662336713e-04
6.938750625503124162e-04
6.937030313963172363e-04
6.935310428967212748e-04
6.933590970390489426e-04
6.931871938114436216e-04
6.930153332031836364e-04
6.928435152021171408e-04
6.926717397983435257e-04
6.925000069821179820e-04
6.923283167431540331e-04
6.921566690709865261e-04
6.919850639550921946e-04
6.918135013879625050e-04
6.916419813571528762e-04
6.914705038508359635e-04
6.912990688583169801e-04
6.911276763674741117e-04
6.909563263684310357e-04
6.907850188514671206e-04
6.906137538063216938e-04
6.904425312225550811e-04
6.902713510896702539e-04
6.901002134001773267e-04
6.899291181416626183e-04
6.897580653023280576e-04
6.895870548715050952e-04
6.894160868371020578e-04
6.892451611892670173e-04
6.890742779183038451e-04
6.889034370139766970e-04
6.887326384658722447e-04
6.885618822635190470e-04
6.883911683994459749e-04
6.882204968612700303e-04
6.880498676372225238e-04
6.878792807166610353e-04
6.877087360875241409e-04
6.875382337399844153e-04
6.873677736643691487e-04
6.871973558504685178e-04
6.870269802878942395e-04
6.868566469662016520e-04
6.866863558779376245e-04
6.865161070107497331e-04
6.863459003528985620e-04
6.861757358937683625e-04
6.860056136213272008e-04
6.858355335257719379e-04
6.856654955974541502e-04
6.854954998261889509e-04
6.853255462016141861e-04
6.851556347133105646e-04
6.849857653538438205e-04
6.848159381108923213e-04
6.846461529727451657e-04
6.844764099288131679e-04
6.843067089670941015e-04
6.841370500778092218e-04
6.839674332513338492e-04
6.837978584775084674e-04
6.836283257459965096e-04
6.834588350464045970e-04
6.832893863713166782e-04
6.831199797084415871e-04
6.829506150460976956e-04
6.827812923737218388e-04
6.826120116793416058e-04
6.824427729532024298e-04
6.822735761857035919e-04
6.821044213667106209e-04
6.819353084859126456e-04
6.817662375329416576e-04
6.815972085004005790e-04
6.814282213760281676e-04
6.812592761481720688e-04
6.810903728062950302e-04
6.809215113384545649e-04
6.807526917349198499e-04
6.805839139861143442e-04
6.804151780819284049e-04
6.802464840120766394e-04
6.800778317662171685e-04
6.799092213369708039e-04
6.797406527121068777e-04
6.795721258800016583e-04
6.794036408301443479e-04
6.792351975506217329e-04
6.790667960317273849e-04
6.788984362639081819e-04
6.787301182370795256e-04
6.785618419409818278e-04
6.783936073652984712e-04
6.782254145026686987e-04
6.780572633408919834e-04
6.778891538683736503e-04
6.777210860746284886e-04
6.775530599477733174e-04
6.773850754781254521e-04
6.772171326561554064e-04
6.770492314718036270e-04
6.768813719148361130e-04
6.767135539749615089e-04
6.765457776448372722e-04
6.763780429122934505e-04
6.762103497657636665e-04
6.760426981947890556e-04
6.758750881875154933e-04
6.757075197342844730e-04
6.755399928255900353e-04
6.753725074513976722e-04
6.752050636014985362e-04
6.750376612656268588e-04
6.748703004364584208e-04
6.747029811018530852e-04
6.745357032502735314e-04
6.743684668712864819e-04
6.742012719530673026e-04
6.740341184859813392e-04
6.738670064605462679e-04
6.736999358667524092e-04
6.735329066944159603e-04
6.733659189332969570e-04
6.731989725760889609e-04
6.730320676106821927e-04
6.728652040255676293e-04
6.726983818103381228e-04
6.725316009531980953e-04
6.723648614445369622e-04
6.721981632748956015e-04
6.720315064342893786e-04
6.718648909125597528e-04
6.716983166994918049e-04
6.715317837877975279e-04
6.713652921653969581e-04
6.711988418208094786e-04
6.710324327436538536e-04
6.709864551563312881e-04
