0.000000000000000000e+00
1.004303748573946763e-03
2.007216638032899552e-03
4.010260941782795713e-03
6.007743810128606844e-03
7.999668306472558846e-03
2.761392616811676054e-02
4.667620077939788753e-02
6.519054376950429719e-02
8.316157446395280872e-02
1.291072021418393501e-01
1.712308514900915402e-01
2.096691082219813429e-01
2.445720055315365737e-01
2.760998300600266964e-01
3.190236641608760193e-01
3.547598786742361954e-01
3.839595197123513159e-01
4.072607911850326112e-01
4.252758399013230051e-01
4.385839039629531033e-01
4.415814981167801578e-01
4.442552652202660934e-01
4.466167798581563986e-01
4.470526145669618256e-01
4.474765026017756830e-01
4.478885329227319523e-01
4.482887940502752744e-01
4.484456233504642841e-01
4.485689123675555279e-01
4.485737889857375760e-01
4.485786637488010098e-01
4.485800340738316239e-01
4.485805477980573941e-01
4.485810615016753711e-01
4.485783642434766905e-01
4.485719419239380112e-01
4.485655196964992708e-01
4.485013024874093812e-01
4.484370944872185238e-01
4.483728956946060884e-01
4.477314139015592387e-01
4.470908514096277320e-01
4.464512069068387601e-01
4.458124790776176183e-01
4.394753297775974565e-01
4.332284145459793234e-01
4.270704486507195807e-01
4.210001655080458649e-01
4.150163166057763697e-01
3.727309654439829312e-01
3.347618810850320759e-01
3.006684304027487098e-01
2.700550169633875175e-01
2.425664250344142236e-01
2.178836892142798909e-01
1.957204045767419742e-01
1.758194001324603073e-01
1.579497554148557581e-01
1.419041210671851405e-01
1.274963127100519067e-01
1.145591505923437142e-01
1.029425197001051229e-01
9.251162788622650790e-02
8.314544180302153864e-02
7.473528248323824119e-02
6.718356427686449084e-02
6.040266250980168283e-02
5.431389672532116464e-02
4.884661771035737898e-02
4.393738771283722810e-02
3.952924433766118184e-02
3.557103957990438020e-02
3.201684632566574595e-02
2.882542543386089687e-02
2.595974721520756881e-02
2.338656175585480945e-02
2.107601309987832544e-02
1.900129281378404658e-02
1.713832891313335841e-02
1.546550654173018888e-02
1.396341716225303273e-02
1.261463334804931689e-02
1.140350656287429307e-02
1.031598558209870752e-02
9.339453448424074947e-03
8.462581070210804454e-03
7.675195763637946388e-03
6.968163213315149707e-03
6.333281481669174665e-03
5.763185837236140321e-03
5.251263297528464477e-03
4.791575894869195412e-03
4.378791774803934486e-03
4.008123327586340587e-03
3.675271634841971013e-03
3.376376586793743313e-03
3.107972091231065749e-03
2.866945854487029828e-03
2.650503267739663139e-03
2.456134979589624269e-03
2.281587778640672623e-03
2.124838448217063278e-03
1.984070289839415593e-03
1.857651945144219493e-03
1.744118459263938742e-03
1.642154967082561654e-03
1.550580492846853359e-03
1.468334575736319255e-03
1.394465014596778761e-03
1.328116800806242344e-03
1.268522200691223848e-03
1.214991846822162857e-03
1.166906738596266936e-03
1.123711059631414284e-03
1.084905728258045172e-03
1.050042606346820138e-03
1.018719299269991128e-03
9.905744866534277673e-04
9.652837297402310727e-04
9.425557067158713475e-04
9.221288323108492880e-04
9.037682224559300849e-04
8.872629687688619957e-04
8.724241997590122906e-04
8.590815045883840257e-04
8.470818833365374506e-04
8.362882771533749300e-04
8.265775966666142260e-04
8.178393122481037846e-04
8.099741768181037589e-04
8.028930733514916002e-04
7.965159809185770774e-04
7.907710462695942844e-04
7.855937501633592857e-04
7.809261587901898021e-04
7.767162516016839265e-04
7.729173177483752728e-04
7.694874141225679573e-04
7.663888787183525389e-04
7.635853845082567247e-04
7.610496345929723249e-04
7.587542503520529379e-04
7.566746531499524576e-04
7.547888019133555410e-04
7.530769075224062747e-04
7.515212025055216863e-04
7.501057345835271872e-04
7.488161812237571595e-04
7.476396831384982729e-04
7.465646947941418331e-04
7.455808501929150119e-04
7.446788423668741991e-04
7.438503151832656646e-04
7.430877662034747130e-04
7.423844594662843679e-04
7.417343471815401055e-04
7.411319994238952215e-04
7.405725410093205643e-04
7.400515948205554743e-04
7.395652309226544499e-04
7.391099208770888314e-04
7.386824967232988315e-04
7.382801141508505685e-04
7.379002194340707329e-04
7.375405197447681277e-04
7.371989564979246996e-04
7.368736814204936841e-04
7.365630350651053079e-04
7.362655275188945050e-04
7.359798210831924262e-04
7.357047147227269678e-04
7.354391301035547238e-04
7.351820990574123608e-04
7.349327523267589314e-04
7.346903094596689103e-04
7.344540697371030810e-04
7.342234040270839181e-04
7.339977474710813543e-04
7.337765929175851494e-04
7.335594850265301711e-04
7.333460149760358824e-04
7.331358157099275488e-04
7.329285576707865978e-04
7.327239449689322169e-04
7.325217119427931056e-04
7.323216200706853061e-04
7.321234551980955766e-04
7.319270250482360013e-04
7.317321569869294443e-04
7.315386960158445700e-04
7.313465029707482898e-04
7.311554529038327525e-04
7.309654336313097661e-04
7.307763444293891280e-04
7.305880948634799242e-04
7.304005916436892001e-04
7.302137722448980841e-04
7.300275744277362347e-04
7.298419567844328850e-04
7.296568530712089096e-04
7.294722077651994655e-04
7.292879778684039933e-04
7.291041211560366506e-04
7.289206067727795708e-04
7.287374074226535834e-04
7.285544965151967596e-04
7.283718494594349857e-04
7.281894439324055560e-04
7.280072598107780596e-04
7.278252790022748204e-04
7.276434852572181283e-04
7.274618639865187151e-04
7.272804020938562200e-04
7.270990878235131499e-04
7.269179106232674312e-04
7.267368610211517995e-04
7.265559305147782252e-04
7.263751114719827102e-04
7.261943970416449975e-04
7.260137810736458277e-04
7.258332580470249927e-04
7.256528230055026398e-04
7.254724714996091135e-04
7.252921995347442986e-04
7.251120035245610471e-04
7.249318802491254909e-04
7.247518268173655910e-04
7.245718406333684965e-04
7.243919193661310868e-04
7.242120609224108989e-04
7.240322634223600928e-04
7.238525251776557930e-04
7.236728446718715835e-04
7.234932205428617168e-04
7.233136515669495422e-04
7.231341366447367096e-04
7.229546747883673716e-04
7.227752651100962473e-04
7.225959068120297929e-04
7.224165991769178558e-04
7.222373415598890185e-04
7.220581333810335714e-04
7.218789741187455356e-04
7.216998633037484921e-04
7.215208006361024636e-04
7.213417856352059973e-04
7.211628179009502192e-04
7.209838971246904180e-04
7.208050230020699020e-04
7.206261953090820939e-04
7.204474138463785350e-04
7.202686784189153745e-04
7.200899888453218519e-04
7.199113449598928439e-04
7.197327466556787453e-04
7.195541937615772743e-04
7.193756861333850967e-04
7.191972236581913383e-04
7.190188062234655715e-04
7.188404337462934350e-04
7.186621061526993811e-04
7.184838233695981001e-04
7.183055853282688469e-04
7.181273919651909267e-04
7.179492432390170969e-04
7.177711390832074850e-04
7.175930794403586818e-04
7.174150642645435580e-04
7.172370935091057498e-04
7.170591671390775688e-04
7.168812851226553538e-04
7.167034474279611756e-04
7.165256540244761526e-04
7.163479048834099465e-04
7.161701999855713116e-04
7.159925392998293340e-04
7.158149227985814191e-04
7.156373504589014613e-04
7.154598222566396163e-04
7.152823381731555213e-04
7.151048981909913531e-04
7.149275022922944216e-04
7.147501504595522599e-04
7.145728426758005732e-04
7.143955789293945967e-04
7.142183592012640815e-04
7.140411834739596609e-04
7.138640517323941196e-04
7.136869639600910541e-04
7.135099201439785641e-04
7.133329202714932399e-04
7.131559643295683855e-04
7.129790523051319920e-04
7.128021841852587434e-04
7.126253599608822157e-04
7.124485796170547305e-04
7.122718431397987533e-04
7.120951505167105776e-04
7.119185017339436407e-04
7.117418967803360811e-04
7.115653356450050027e-04
7.113888183165287694e-04
7.112123447833625794e-04
7.110359150339721481e-04
7.108595290601806395e-04
7.106831868484629567e-04
7.105068883860418856e-04
7.103306336614446156e-04
7.101544226617388916e-04
7.099782553764289860e-04
7.098021317952199656e-04
7.096260519072666645e-04
7.094500157015612863e-04
7.092740231670600394e-04
7.090980742959016991e-04
7.089221690750649972e-04
7.087463074922017384e-04
7.085704895361726128e-04
7.083947151943773479e-04
7.082189844565629690e-04
7.080432973126508413e-04
7.078676537520090612e-04
7.076920537638300849e-04
7.075164973372544347e-04
7.073409844645406905e-04
7.071655151328601384e-04
7.069900893300299239e-04
7.068147070450422507e-04
7.066393682654299865e-04
7.064640729810395779e-04
7.062888211818816198e-04
7.061136128574145229e-04
7.059384479969158530e-04
7.057633265896070141e-04
7.055882486277992782e-04
7.054132140987505592e-04
7.052382229903536798e-04
7.050632752916641613e-04
7.048883709902797065e-04
7.047135100760970692e-04
7.045386925391741153e-04
7.043639183690165268e-04
7.041891875549487071e-04
7.040145000862366208e-04
7.038398559552223313e-04
7.036652551492139510e-04
7.034906976561496224e-04
7.033161834651240063e-04
7.031417125637776317e-04
7.029672849420405371e-04
7.027929005900028980e-04
7.026185594972037896e-04
7.024442616530004665e-04
7.022700070466920703e-04
7.020957956706435407e-04
7.019216275122002868e-04
7.017475025593364465e-04
7.015734208011772553e-04
7.013993822253977196e-04
7.012253868219563927e-04
7.010514345809699044e-04
7.008775254920057360e-04
7.007036595444504157e-04
7.005298367276312742e-04
7.003560570339334174e-04
7.001823204507361901e-04
7.000086269660449551e-04
6.998349765690133539e-04
6.996613692473483770e-04
6.994878049910343816e-04
6.993142837902133679e-04
6.991408056344795971e-04
6.989673705132463770e-04
6.987939784158685771e-04
6.986206293347506022e-04
6.984473232573035640e-04
6.982740601715632916e-04
6.981008400667108567e-04
6.979276629304840412e-04
6.977545287528921390e-04
6.975814375241023036e-04
6.974083892337347088e-04
6.972353838712293337e-04
6.970624214259671771e-04
6.968895018903720510e-04
6.967166252518864006e-04
6.965437914985758705e-04
6.963710006196484207e-04
6.961982526028726243e-04
6.960255474382824950e-04
6.958528851160694726e-04
6.956802656258799684e-04
6.955076889571797658e-04
6.953351550993766431e-04
6.951626640449128439e-04
6.949902157812624720e-04
6.948178102965202286e-04
6.946454475799213957e-04
6.944731276192647957e-04
6.943008504046090535e-04
6.941286159261701120e-04
6.939564241736199696e-04
6.937842751364503222e-04
6.936121688040955110e-04
6.934401051690166446e-04
6.932680842187185100e-04
6.930961059413258407e-04
6.929241703261000479e-04
6.927522773608705284e-04
6.925804270357205188e-04
6.924086193408901394e-04
6.922368542660767591e-04
6.920651318007987451e-04
6.918934519345162426e-04
6.917218146597091171e-04
6.915502199639129467e-04
6.913786678352819553e-04
6.912071582631045506e-04
6.910356912352397284e-04
6.908642667417956617e-04
6.906928847730366486e-04
6.905215453186857536e-04
6.903502483682869310e-04
6.901789939113263470e-04
6.900077819403028405e-04
6.898366124427829978e-04
6.896654854069502079e-04
6.894944008221192246e-04
6.893233586761794013e-04
6.891523589592633055e-04
6.889814016616595217e-04
6.888104867731161592e-04
6.886396142832035185e-04
6.884687841814338951e-04
6.882979964603242341e-04
6.881272511074722383e-04
6.879565481110905701e-04
6.877858874605203296e-04
6.876152691436811194e-04
6.874446931507297931e-04
6.872741594719788960e-04
6.871036680972022331e-04
6.869332190159955836e-04
6.867628122178975891e-04
6.865924476954437345e-04
6.864221254362621889e-04
6.862518454285949964e-04
6.860816076618096032e-04
6.859114121238555359e-04
6.857412588049141512e-04
6.855711476953218466e-04
6.854010787848777977e-04
6.852310520632035875e-04
6.850610675198637702e-04
6.848911251474122620e-04
6.847212249335080233e-04
6.845513668664220466e-04
6.843815509355485579e-04
6.842117771288664654e-04
6.840420454365816290e-04
6.838723558490544070e-04
6.837027083561092369e-04
6.835331029473935057e-04
6.833635396124974632e-04
6.831940183439936740e-04
6.830245391295713476e-04
6.828551019575308583e-04
6.826857068172924531e-04
6.825163536968650727e-04
6.823470425864787544e-04
6.821777734765178177e-04
6.820085463568317449e-04
6.818393612170937272e-04
6.816702180469197099e-04
6.815011168389005806e-04
6.813320575807564486e-04
6.811630402608163113e-04
6.809940648685267614e-04
6.808251313919263387e-04
6.806562398212693665e-04
6.804873901469641250e-04
6.803185823588850335e-04
6.801498164467310870e-04
6.799810924001437095e-04
6.798124102117324369e-04
6.796437698692475195e-04
6.794751713610470110e-04
6.793066146766036338e-04
6.791380998039857429e-04
6.789696267334714057e-04
6.788011954554928635e-04
6.786328059599499056e-04
6.784644582365666806e-04
6.782961522750104166e-04
6.781278880679089726e-04
6.779596656030429562e-04
6.777914848687993698e-04
6.776233458546767393e-04
6.774552485487730187e-04
6.772871929413908868e-04
6.771191790229856783e-04
6.769512067834824445e-04
6.767832762126308127e-04
6.766153873001235983e-04
6.764475400386068746e-04
6.762797344158916072e-04
6.761119704203934211e-04
6.759442480416370802e-04
6.757765672677500286e-04
6.756089280890585809e-04
6.754413304960422493e-04
6.752737744786508050e-04
6.751062600266592457e-04
6.749387871297860822e-04
6.747713557806954941e-04
6.746039659672284795e-04
6.744366176778296114e-04
6.742693109020496747e-04
6.741020456280452785e-04
6.739348218461670235e-04
6.737676395469175154e-04
6.736004987202718957e-04
6.734333993560302073e-04
6.732663414439366565e-04
6.730993249766735291e-04
6.729323499421119639e-04
6.727654163287252655e-04
6.725985241260898058e-04
6.724316733223916842e-04
6.722648639080055707e-04
6.720980958734574899e-04
6.719313692087475198e-04
6.717646839037008568e-04
6.715980399480870775e-04
6.714314373346065741e-04
6.712648760511608428e-04
6.710983560862512692e-04
6.709318774294805712e-04
6.708858806219631255e-04
