0.000000000000000000e+00
1.004303002406738664e-03
2.007215148609377969e-03
4.010257974937235688e-03
6.007739377745378168e-03
7.999662420397773283e-03
2.761390638850782370e-02
4.667616824896610173e-02
6.519049959344769274e-02
8.316151971031862655e-02
1.291071238342537120e-01
1.712307564748263289e-01
2.096690026704409460e-01
2.445718949728226121e-01
2.760997194171856406e-01
3.190235619084261787e-01
3.547597934735661762e-01
3.839594584508148056e-01
4.072607591898474988e-01
4.252758411404494177e-01
4.385839412302622309e-01
4.415815459825295775e-01
4.442553238073849164e-01
4.466168492698731618e-01
4.470526861543242525e-01
4.474765763680177422e-01
4.478886088709434499e-01
4.482888721834040746e-01
4.484457023583530155e-01
4.485689920737382930e-01
4.485738687195753860e-01
4.485787435102929765e-01
4.485801138430985935e-01
4.485806275702393098e-01
4.485811412767721773e-01
4.485786440215129844e-01
4.485722244758961197e-01
4.485658022569201098e-01
4.485015851324434255e-01
4.484373772168402938e-01
4.483731785087901600e-01
4.477316975599706650e-01
4.470911359097302085e-01
4.464514922461014779e-01
4.458127652535153196e-01
4.394756241821597409e-01
4.332287169326606846e-01
4.270707587783109105e-01
4.210004831405725345e-01
4.150166415123984209e-01
3.727313380833263690e-01
3.347622906715779223e-01
3.006688678495519351e-01
2.700554746473454726e-01
2.425668965921152775e-01
2.178841693643132904e-01
1.957208889650934036e-01
1.758198851982224475e-01
1.579502382736848176e-01
1.419045994102851316e-01
1.274967847167332857e-01
1.145596148544359844e-01
1.029429751567145362e-01
9.251207376751510725e-02
8.314587758184507904e-02
7.473570783362476488e-02
6.718397903844064434e-02
6.040306665738532504e-02
5.431429034299625064e-02
4.884700096943277864e-02
4.393776085316678653e-02
3.952960765186842168e-02
3.557139340011351153e-02
3.201719101239182408e-02
2.882576136675623485e-02
2.596007478540169819e-02
2.338688135965866915e-02
2.107632513365419180e-02
1.900159766980878337e-02
1.713862697630562371e-02
1.546579818699243825e-02
1.396370275261667182e-02
1.261491323312676806e-02
1.140378107783504048e-02
1.031625504697806020e-02
9.339718167723545447e-03
8.462841332737731925e-03
7.675451842539725289e-03
6.968415366269976527e-03
6.333529951201025132e-03
5.763430851126614442e-03
5.251505069302444921e-03
4.791814624334969283e-03
4.379027648631579617e-03
4.008356519910960883e-03
3.675502307880662133e-03
3.376604891467211746e-03
3.108198167782519165e-03
2.867169833092419410e-03
2.650725269104592385e-03
2.456355115529296543e-03
2.281806152640109692e-03
2.125055155969589500e-03
1.984285419761999594e-03
1.857865578868602352e-03
1.744330672103370453e-03
1.642365828474726987e-03
1.550790066771372527e-03
1.468542921108269934e-03
1.394672185636920778e-03
1.328322847388420987e-03
1.268727168667745878e-03
1.215195778328041851e-03
1.167109672333253466e-03
1.123913031132775867e-03
1.085106770135060069e-03
1.050242748517962732e-03
1.018918569173771866e-03
9.907729094458398236e-04
9.654813284777245342e-04
9.427525025247555750e-04
9.223248445439863677e-04
9.039634688375485687e-04
8.874574655282842402e-04
8.726179617571203518e-04
8.592745454263913752e-04
8.472742154607834034e-04
8.364799119540633704e-04
8.267685445665542542e-04
8.180295827843648854e-04
8.101637787171221726e-04
8.030820145980693825e-04
7.967042688192400553e-04
7.909586875107413968e-04
7.857807508646064143e-04
7.811125245532844199e-04
7.769019875553376166e-04
7.731024285893379686e-04
7.696719041532453127e-04
7.665727518812430084e-04
7.637686443924229492e-04
7.612322845176781134e-04
7.589362933628048457e-04
7.568560920422266834e-04
7.549696392551208174e-04
7.532571456743016296e-04
7.517008436392817001e-04
7.502847806988055578e-04
7.489946341634829080e-04
7.478175446028907918e-04
7.467419663534953641e-04
7.457575332992608672e-04
7.448549383646140736e-04
7.440258253188658131e-04
7.432626916343015476e-04
7.425588012686566101e-04
7.419081063580636312e-04
7.413051769101445653e-04
7.407451376799232450e-04
7.402236114947320514e-04
7.397366683692617982e-04
7.392807798192095690e-04
7.388527778424179918e-04
7.384498180906554033e-04
7.380693468039078000e-04
7.377090711227867175e-04
7.373669324339356601e-04
7.370410824385689036e-04
7.367298616659405169e-04
7.364317801819571891e-04
7.361455002686731735e-04
7.358698208733132230e-04
7.356036636460419132e-04
7.353460604041677819e-04
7.350961418770514183e-04
7.348531276008759845e-04
7.346163168458069714e-04
7.343850804700674008e-04
7.341588536062310013e-04
7.339371290947121779e-04
7.337194515881142066e-04
7.335054122579010667e-04
7.332946440418551147e-04
7.330868173770714981e-04
7.328816363688873872e-04
7.326788353512071056e-04
7.324781757982380031e-04
7.322794435517340382e-04
7.320824463315161275e-04
7.318870115003257241e-04
7.316929840570302393e-04
7.315002248348503357e-04
7.313086088836623063e-04
7.311180240175713541e-04
7.309283695108695399e-04
7.307395549272209263e-04
7.305514869749031841e-04
7.303641031275460559e-04
7.301773411445222845e-04
7.299911596172083779e-04
7.298054923004714759e-04
7.296202836702643047e-04
7.294354907276585529e-04
7.292510712469309772e-04
7.290669943720655931e-04
7.288832328064497306e-04
7.286997599589950091e-04
7.285165512381357742e-04
7.283335843203595211e-04
7.281508390818276734e-04
7.279682974297920113e-04
7.277859431141404933e-04
7.276037615453806364e-04
7.274217396268186807e-04
7.272398656023894292e-04
7.270581289195476079e-04
7.268765201060236767e-04
7.266950306591468461e-04
7.265136529464885726e-04
7.263323801166793412e-04
7.261512060193654880e-04
7.259701251333649770e-04
7.257891325021884879e-04
7.256082236761673054e-04
7.254273946605120128e-04
7.252466418686944003e-04
7.250659620806081031e-04
7.248853524050156332e-04
7.247048102458448701e-04
7.245243332719391704e-04
7.243439193899085110e-04
7.241635667197615037e-04
7.239832735730361698e-04
7.238030384331715439e-04
7.236228599378900393e-04
7.234427368633869612e-04
7.232626681101386257e-04
7.230826526901661284e-04
7.229026897156040589e-04
7.227227783884405867e-04
7.225429179913093330e-04
7.223631078792241717e-04
7.221833474721624192e-04
7.220036362484066406e-04
7.218239737385702621e-04
7.216443596426355689e-04
7.214647934798731725e-04
7.212852748500533104e-04
7.211058034444241521e-04
7.209263789585077919e-04
7.207470011682002914e-04
7.205676698740572398e-04
7.203883848809347146e-04
7.202091460073594981e-04
7.200299530875245522e-04
7.198508060144079550e-04
7.196717046167872955e-04
7.194926487503457233e-04
7.193136383020703409e-04
7.191346731593152531e-04
7.189557532390723153e-04
7.187768784672734970e-04
7.185980487707367779e-04
7.184192640806428588e-04
7.182405243333721658e-04
7.180618294875064410e-04
7.178831794763895855e-04
7.177045742425067340e-04
7.175260137398312274e-04
7.173474979215931861e-04
7.171690267527330897e-04
7.169906002013563123e-04
7.168122182354894067e-04
7.166338808245165636e-04
7.164555879395492159e-04
7.162773395613268373e-04
7.160991356586030466e-04
7.159209762036656361e-04
7.157428611734890792e-04
7.155647905438117500e-04
7.153867642959019961e-04
7.152087824122117885e-04
7.150308448747935697e-04
7.148529516660383784e-04
7.146751027688848842e-04
7.144972981716191497e-04
7.143195378550565430e-04
7.141418218016383013e-04
7.139641499961787638e-04
7.137865224220900709e-04
7.136089390662094661e-04
7.134313999158837681e-04
7.132539049579521718e-04
7.130764541792466082e-04
7.128990475667448335e-04
7.127216851113120106e-04
7.125443667978858609e-04
7.123670926123806466e-04
7.121898625422944324e-04
7.120126765736694164e-04
7.118355346952533148e-04
7.116584368960741100e-04
7.114813831646161655e-04
7.113043734892386194e-04
7.111274078583114519e-04
7.109504862635890885e-04
7.107736086914323743e-04
7.105967751289564340e-04
7.104199855645902282e-04
7.102432399852911301e-04
7.100665383804733149e-04
7.098898807397522942e-04
7.097132670521899859e-04
7.095366973066826420e-04
7.093601714920909525e-04
7.091836896004850626e-04
7.090072516187305137e-04
7.088308575343712321e-04
7.086545073361707634e-04
7.084782010114181383e-04
7.083019385497706100e-04
7.081257199410610726e-04
7.079495451745642732e-04
7.077734142393772576e-04
7.075973271245455725e-04
7.074212838222590592e-04
7.072452843195763551e-04
7.070693286042069444e-04
7.068934166650465371e-04
7.067175484895171951e-04
7.065417240673760270e-04
7.063659433885459155e-04
7.061902064423918133e-04
7.060145132180963099e-04
7.058388637047857250e-04
7.056632578947035677e-04
7.054876957749948866e-04
7.053121773334457105e-04
7.051367025590144161e-04
7.049612714391894188e-04
7.047858839637782423e-04
7.046105401227506070e-04
7.044352399055193873e-04
7.042599833013143355e-04
7.040847702993069824e-04
7.039096008917716286e-04
7.037344750659037381e-04
7.035593928095352015e-04
7.033843541116639687e-04
7.032093589598212811e-04
7.030344073438483813e-04
7.028594992537477324e-04
7.026846346789656023e-04
7.025098136087657872e-04
7.023350360323521273e-04
7.021603019420224502e-04
7.019856113250102754e-04
7.018109641691832722e-04
7.016363604635706156e-04
7.014618001957384583e-04
7.012872833555565573e-04
7.011128099330541557e-04
7.009383799177067945e-04
7.007639932988068933e-04
7.005896500655874569e-04
7.004153502103665878e-04
7.002410937204121746e-04
7.000668805836232200e-04
6.998927107890578472e-04
6.997185843243145182e-04
6.995445011792889023e-04
6.993704613440361552e-04
6.991964648080585976e-04
6.990225115606761878e-04
6.988486015911494695e-04
6.986747348918161691e-04
6.985009114499759423e-04
6.983271312535590169e-04
6.981533942916512718e-04
6.979797005518820685e-04
6.978060500241726636e-04
6.976324426986034747e-04
6.974588785647028435e-04
6.972853576118176163e-04
6.971118798292353334e-04
6.969384452093129118e-04
6.967650537393818826e-04
6.965917054074027229e-04
6.964184002024881998e-04
6.962451381122990082e-04
6.960719191267814498e-04
6.958987432360405536e-04
6.957256104296311158e-04
6.955525206969261119e-04
6.953794740272401876e-04
6.952064704129489077e-04
6.950335098414156792e-04
6.948605923006307946e-04
6.946877177797342344e-04
6.945148862664174850e-04
6.943420977506515679e-04
6.941693522225663403e-04
6.939966496717426192e-04
6.938239900875799431e-04
6.936513734594193037e-04
6.934787997796552396e-04
6.933062690356828163e-04
6.931337812155220334e-04
6.929613363083396513e-04
6.927889343018581647e-04
6.926165751860734231e-04
6.924442589511397867e-04
6.922719855866636598e-04
6.920997550820713606e-04
6.919275674267303354e-04
6.917554226130539878e-04
6.915833206284683916e-04
6.914112614610236872e-04
6.912392450999137400e-04
6.910672715328911855e-04
6.908953407499769184e-04
6.907234527413495849e-04
6.905516074966418271e-04
6.903798050053057671e-04
6.902080452567351974e-04
6.900363282433629288e-04
6.898646539526460432e-04
6.896930223726642798e-04
6.895214334926385007e-04
6.893498873003514821e-04
6.891783837858492722e-04
6.890069229393348035e-04
6.888355047504663049e-04
6.886641292087225703e-04
6.884927963035236296e-04
6.883215060273203999e-04
6.881502583676021639e-04
6.879790533124775006e-04
6.878078908511944855e-04
6.876367709715661440e-04
6.874656936636631358e-04
6.872946589177130047e-04
6.871236667233995669e-04
6.869527170702273118e-04
6.867818099476430491e-04
6.866109453481167779e-04
6.864401232591681385e-04
6.862693436689358507e-04
6.860986065666943362e-04
6.859279119402870864e-04
6.857572597798093725e-04
6.855866500755129159e-04
6.854160828171072285e-04
6.852455579941230373e-04
6.850750755960332812e-04
6.849046356153267161e-04
6.847342380395537737e-04
6.845638828568828809e-04
6.843935700566150223e-04
6.842232996266239386e-04
6.840530715570296207e-04
6.838828858381078594e-04
6.837127424595937537e-04
6.835426414110443768e-04
6.833725826819583632e-04
6.832025662648432253e-04
6.830325921472806200e-04
6.828626603174680308e-04
6.826927707647332220e-04
6.825229234769798585e-04
6.823531184443526508e-04
6.821833556571515675e-04
6.820136351051372947e-04
6.818439567778927096e-04
6.816743206649425761e-04
6.815047267588130548e-04
6.813351750471165940e-04
6.811656655180802758e-04
6.809961981610578854e-04
6.808267729639837706e-04
6.806573899170266029e-04
6.804880490105107453e-04
6.803187502342221459e-04
6.801494935777697027e-04
6.799802790307042004e-04
6.798111065855703397e-04
6.796419762300113599e-04
6.794728879522835083e-04
6.793038417417673501e-04
6.791348375864268315e-04
6.789658754764552355e-04
6.787969554022008859e-04
6.786280773534753182e-04
6.784592413199129089e-04
6.782904472910906805e-04
6.781216952595717651e-04
6.779529852130301935e-04
6.777843171397513779e-04
6.776156910291422295e-04
6.774471068691966186e-04
6.772785646501322228e-04
6.771100643623213268e-04
6.769416059956007278e-04
6.767731895396307150e-04
6.766048149840141147e-04
6.764364823213325989e-04
6.762681915392906645e-04
6.760999426262028888e-04
6.759317355715025290e-04
6.757635703632132711e-04
6.755954469915772956e-04
6.754273654469906312e-04
6.752593257193155538e-04
6.750913277982376146e-04
6.749233716733858777e-04
6.747554573373602295e-04
6.745875847778957414e-04
6.744197539833361559e-04
6.742519649431410762e-04
6.740842176453637870e-04
6.739165120802705381e-04
6.737488482382814276e-04
6.735812261092839932e-04
6.734136456829893733e-04
6.732461069490523276e-04
6.730786099000912823e-04
6.729111545238715582e-04
6.727437408087660626e-04
6.725763687442603113e-04
6.724090383184377299e-04
6.722417495215884204e-04
6.720745023441564419e-04
6.719072967760543772e-04
6.717401328070189519e-04
6.715730104267306211e-04
6.714059296278261342e-04
6.712388903981013864e-04
6.710718927259577997e-04
6.709049366009075610e-04
6.708588078937147972e-04
