0.000000000000000000e+00
1.004303317497930517e-03
2.007215777742960006e-03
4.010259228997855793e-03
6.007741252551915614e-03
7.999664911782012819e-03
2.761391481916930860e-02
4.667618221623210523e-02
6.519051870734071663e-02
8.316154359345853675e-02
1.291071588280005011e-01
1.712308001477257369e-01
2.096690528220359895e-01
2.445719496232912071e-01
2.760997767955874482e-01
3.190236204672397546e-01
3.547598500522045617e-01
3.839595105062186819e-01
4.072608047239604234e-01
4.252758786315620210e-01
4.385839695694059293e-01
4.415815715707401834e-01
4.442553465913464117e-01
4.466168692032385090e-01
4.470527055125971816e-01
4.474765951496613159e-01
4.478886270744719678e-01
4.482888898073822959e-01
4.484457197501205417e-01
4.485690092800661000e-01
4.485738859185576244e-01
4.485787607019300349e-01
4.485801310326704705e-01
4.485806447590369728e-01
4.485811584647955708e-01
4.485785930945583866e-01
4.485721719731797230e-01
4.485657497513159120e-01
4.485015325979656575e-01
4.484373246534978374e-01
4.483731259165918970e-01
4.477316446797046656e-01
4.470910827422859835e-01
4.464514387923664840e-01
4.458127115143751262e-01
4.394755676372482101e-01
4.332286576684252766e-01
4.270706968793182012e-01
4.210004186895435208e-01
4.150165745902445469e-01
3.727312550188888740e-01
3.347621952410854140e-01
3.006687632309217872e-01
2.700553635031073818e-01
2.425667811415094799e-01
2.178840514460282651e-01
1.957207700918368043e-01
1.758197666041077800e-01
1.579501209553424990e-01
1.419044841624839681e-01
1.274966721632038724e-01
1.145595054745046359e-01
1.029428693082823504e-01
9.251197170685031279e-02
8.314577948059991008e-02
7.473561379343736377e-02
6.718388910343761622e-02
6.040298082486143805e-02
5.431420857251306744e-02
4.884692319054777243e-02
4.393768697197773104e-02
3.952953755653441231e-02
3.557132696549324818e-02
3.201712810392190467e-02
2.882570184367635319e-02
2.596001850341951231e-02
2.338682817313523718e-02
2.107627489738009285e-02
1.900155024043162152e-02
1.713858221346168179e-02
1.546575595418790347e-02
1.396366291789789306e-02
1.261487566957330587e-02
1.140374566390478170e-02
1.031622166672943423e-02
9.339686710936337399e-03
8.462811694950873528e-03
7.675423925021773383e-03
6.968389075935607808e-03
6.333505200484877522e-03
5.763407557824058551e-03
5.251483156385357287e-03
4.791794019749251107e-03
4.379008285082084014e-03
4.008338334638500249e-03
3.675485242434956695e-03
3.376588891478932587e-03
3.108183182736969259e-03
2.867155816106901813e-03
2.650712176711067600e-03
2.456342907463564609e-03
2.281794791638457227e-03
2.125044607573569125e-03
1.984275652131802306e-03
1.857856562605372189e-03
1.744322380080485721e-03
1.642358235677812348e-03
1.550783150147604442e-03
1.468536659424422072e-03
1.394666559345891354e-03
1.328317838504053817e-03
1.268722760647644386e-03
1.215191955964041231e-03
1.167106421649214245e-03
1.123910339289338478e-03
1.085104625341008940e-03
1.050241139947842963e-03
1.018917486891403107e-03
9.907723443333829941e-04
9.654812721699657313e-04
9.427529473482797271e-04
9.223257834609267661e-04
9.039648953936143356e-04
8.874593738047754921e-04
8.726203463255596511e-04
8.592774013095099079e-04
8.472775380949352673e-04
8.364836971538265912e-04
8.267727884929167159e-04
8.180342819154557505e-04
8.101689298212948285e-04
8.030876147091761024e-04
7.967103152139322743e-04
7.909651776876377429e-04
7.857876825251855967e-04
7.811198955843662566e-04
7.769097960130278433e-04
7.731106726843206024e-04
7.696805822373148018e-04
7.665818624349751177e-04
7.637781860228507738e-04
7.612422559283707002e-04
7.589466933552804512e-04
7.568669195074546885e-04
7.549808931654662138e-04
7.532688250763045585e-04
7.517129476470659367e-04
7.502973084880596713e-04
7.490075849659668262e-04
7.478309177014222332e-04
7.467557610773781912e-04
7.457717490201131848e-04
7.448695744925656068e-04
7.440408812990913874e-04
7.432781669438615069e-04
7.425746954136177181e-04
7.419244188708762778e-04
7.413219073472547029e-04
7.407622856195962861e-04
7.402411765350730075e-04
7.397546501264123595e-04
7.392991779257074899e-04
7.388715919457041446e-04
7.384690478517159234e-04
7.380889918960385288e-04
7.377291312304697524e-04
7.373874072518173855e-04
7.370619716705313716e-04
7.367511650242570707e-04
7.364534973865250649e-04
7.361676310463159244e-04
7.358923649571472202e-04
7.356266207749010680e-04
7.353694303220795507e-04
7.351199243327627897e-04
7.348773223474215329e-04
7.346409236401181108e-04
7.344100990726155735e-04
7.341842837807056703e-04
7.339629706077274414e-04
7.337457042089434939e-04
7.335320757582354696e-04
7.333217181955840533e-04
7.331143019600844203e-04
7.329095311588937909e-04
7.327071401275727161e-04
7.325068903418362372e-04
7.323085676448124305e-04
7.321119797575735989e-04
7.319169540440022097e-04
7.317233355040069420e-04
7.315309849717578942e-04
7.313397774979994801e-04
7.311496008976294545e-04
7.309603544456657514e-04
7.307719477064358567e-04
7.305842873889183782e-04
7.303973109672258534e-04
7.302109562012192414e-04
7.300251816826079003e-04
7.298399211667903376e-04
7.296551191301864619e-04
7.294707325742409276e-04
7.292867192736116966e-04
7.291030483725704234e-04
7.289196925747678992e-04
7.287366252893789876e-04
7.285538219250897859e-04
7.283712601586245792e-04
7.281889198663665103e-04
7.280067829557762852e-04
7.278248331769372357e-04
7.276430559405419520e-04
7.274614381500700382e-04
7.272799680496213129e-04
7.270986350868063018e-04
7.269174297895041091e-04
7.267363436551853252e-04
7.265553690515562813e-04
7.263744991273771330e-04
7.261937277324185744e-04
7.260130493456179402e-04
7.258324590106013776e-04
7.256519522778117357e-04
7.254715251525673675e-04
7.252911740484456644e-04
7.251108957454418516e-04
7.249306873524182957e-04
7.247505462733998044e-04
7.245704701773251436e-04
7.243904569708974235e-04
7.242105047742168709e-04
7.240306118989112789e-04
7.238507768285084784e-04
7.236709982008179441e-04
7.234912747921212837e-04
7.233116055029797063e-04
7.231319893454985501e-04
7.229524254318957796e-04
7.227729129642420725e-04
7.225934512252525817e-04
7.224140395700226046e-04
7.222346774186096888e-04
7.220553642493768472e-04
7.218760995930167609e-04
7.216968831495682024e-04
7.215177144383949160e-04
7.213385930593555016e-04
7.211595187037769502e-04
7.209804910672708029e-04
7.208015099258053291e-04
7.206225750800077838e-04
7.204436863348087292e-04
7.202648435088112753e-04
7.200860464362852540e-04
7.199072950102623032e-04
7.197285890596106508e-04
7.195499284400987735e-04
7.193713130387909688e-04
7.191927427431281860e-04
7.190142174701734043e-04
7.188357371459289579e-04
7.186573016972856850e-04
7.184789110554994215e-04
7.183005651570255118e-04
7.181222639604996913e-04
7.179440073993545489e-04
7.177657954161594618e-04
7.175876279649639903e-04
7.174095049990844488e-04
7.172314264835316817e-04
7.170533923864804522e-04
7.168754026760296291e-04
7.166974573216381046e-04
7.165195562944917966e-04
7.163416995753831961e-04
7.161638871331543928e-04
7.159861189401766626e-04
7.158083949735003729e-04
7.156307152089495501e-04
7.154530796278622557e-04
7.152754882127594161e-04
7.150979409457661152e-04
7.149204378093471177e-04
7.147429787865151440e-04
7.145655638656093827e-04
7.143881930275328054e-04
7.142108662548101328e-04
7.140335835323310563e-04
7.138563448435931514e-04
7.136791501755031589e-04
7.135019995154763105e-04
7.133248928504243346e-04
7.131478301672521287e-04
7.129708114530120423e-04
7.127938366986216051e-04
7.126169058891060337e-04
7.124400190104625318e-04
7.122631760502642993e-04
7.120863769946387525e-04
7.119096218324028882e-04
7.117329105526527767e-04
7.115562431439447725e-04
7.113796195947116310e-04
7.112030398933965160e-04
7.110265040318066538e-04
7.108500119963899510e-04
7.106735637743442566e-04
7.104971593541734498e-04
7.103207987229196883e-04
7.101444818700659942e-04
7.099682087852962923e-04
7.097919794577438411e-04
7.096157938763781843e-04
7.094396520301333043e-04
7.092635539111317132e-04
7.090874995063257968e-04
7.089114888033419895e-04
7.087355217910183214e-04
7.085595984567282825e-04
7.083837187901982982e-04
7.082078827813287000e-04
7.080320904194657922e-04
7.078563416937793708e-04
7.076806365933883828e-04
7.075049751105347111e-04
7.073293572323634043e-04
7.071537829466663459e-04
7.069782522424132966e-04
7.068027651071108865e-04
7.066273215305847455e-04
7.064519215028250854e-04
7.062765650132680909e-04
7.061012520511693183e-04
7.059259826057278373e-04
7.057507566692389819e-04
7.055755742289341031e-04
7.054004352726813039e-04
7.052253397895129035e-04
7.050502877670012346e-04
7.048752791950221256e-04
7.047003140636128428e-04
7.045253923622572757e-04
7.043505140802574930e-04
7.041756792068574501e-04
7.040008877343833810e-04
7.038261396501167269e-04
7.036514349419712355e-04
7.034767735990184742e-04
7.033021556088733849e-04
7.031275809614456231e-04
7.029530496468041137e-04
7.027785616544664649e-04
7.026041169737681389e-04
7.024297155939860510e-04
7.022553575074692031e-04
7.020810427015369837e-04
7.019067711641381602e-04
7.017325428843757418e-04
7.015583578498991481e-04
7.013842160506460069e-04
7.012101174767126736e-04
7.010360621176451625e-04
7.008620499628074501e-04
7.006880810015050746e-04
7.005141552261076382e-04
7.003402726239681391e-04
7.001664331830667869e-04
6.999926368925351054e-04
6.998188837400546062e-04
6.996451737155888299e-04
6.994715068092595021e-04
6.992978830106391999e-04
6.991243023091192220e-04
6.989507646940326452e-04
6.987772701577681534e-04
6.986038186877104039e-04
6.984304102718708312e-04
6.982570448994079556e-04
6.980837225580342970e-04
6.979104432377385495e-04
6.977372069286674836e-04
6.975640136204194807e-04
6.973908633024129443e-04
6.972177559640069721e-04
6.970446915976094386e-04
6.968716701906372017e-04
6.966986917311308609e-04
6.965257562082762584e-04
6.963528636098165973e-04
6.961800139257653995e-04
6.960072071462937221e-04
6.958344432610265090e-04
6.956617222594078595e-04
6.954890441308237596e-04
6.953164088677007320e-04
6.951438164574868595e-04
6.949712668882525573e-04
6.947987601492104474e-04
6.946262962281344157e-04
6.944538751150625957e-04
6.942814968001904388e-04
6.941091612731688015e-04
6.939368685234676955e-04
6.937646185404997782e-04
6.935924113167102204e-04
6.934202468395782217e-04
6.932481250972037960e-04
6.930760460788265619e-04
6.929040097722503292e-04
6.927320161675382766e-04
6.925600652549102499e-04
6.923881570240422592e-04
6.922162914644309877e-04
6.920444685655148965e-04
6.918726883197583470e-04
6.917009507146712217e-04
6.915292557383831331e-04
6.913576033801605882e-04
6.911859936278375374e-04
6.910144264715016625e-04
6.908429019013973124e-04
6.906714199072259757e-04
6.904999804785104649e-04
6.903285836047150454e-04
6.901572292783231602e-04
6.899859174868757002e-04
6.898146482185317681e-04
6.896434214625838917e-04
6.894722372068967046e-04
6.893010954415823913e-04
6.891299961569094783e-04
6.889589393426049334e-04
6.887879249882174811e-04
6.886169530832378415e-04
6.884460236201675638e-04
6.882751365865788723e-04
6.881042919706599264e-04
6.879334897617301421e-04
6.877627299476840768e-04
6.875920125186583097e-04
6.874213374649453282e-04
6.872507047762982293e-04
6.870801144422909994e-04
6.869095664524408132e-04
6.867390607992677597e-04
6.865685974703746378e-04
6.863981764539792054e-04
6.862277977394273332e-04
6.860574613146431773e-04
6.858871671697882536e-04
6.857169152951790103e-04
6.855467056805934810e-04
6.853765383156321068e-04
6.852064131898378662e-04
6.850363302957494967e-04
6.848662896210002630e-04
6.846962911538373052e-04
6.845263348836328398e-04
6.843564207983411640e-04
6.841865488881478628e-04
6.840167191433936707e-04
6.838469315538819914e-04
6.836771861092388533e-04
6.835074827990332558e-04
6.833378216158222593e-04
6.831682025472699199e-04
6.829986255816526512e-04
6.828290907083687990e-04
6.826595979154028012e-04
6.824901471929643122e-04
6.823207385314181356e-04
6.821513719205928288e-04
6.819820473501404410e-04
6.818127648096554503e-04
6.816435242917136738e-04
6.814743257840097422e-04
6.813051692748489088e-04
6.811360547536559739e-04
6.809669822084450826e-04
6.807979516294502837e-04
6.806289630070602335e-04
6.804600163311287512e-04
6.802911115913334731e-04
6.801222487772946813e-04
6.799534278816065161e-04
6.797846488919941825e-04
6.796159117967919905e-04
6.794472165854509782e-04
6.792785632460147808e-04
6.791099517687420586e-04
6.789413821440447782e-04
6.787728543618024545e-04
6.786043684117178771e-04
6.784359242834372408e-04
6.782675219695732255e-04
6.780991614578811772e-04
6.779308427367244623e-04
6.777625657955802484e-04
6.775943306225218777e-04
6.774261372078320799e-04
6.772579855419466740e-04
6.770898756147701114e-04
6.769218074160309861e-04
6.767537809354009712e-04
6.765857961655110699e-04
6.764178530941472025e-04
6.762499517097013586e-04
6.760820920016767264e-04
6.759142739581765723e-04
6.757464975695073699e-04
6.755787628261287906e-04
6.754110697179703309e-04
6.752434182347858468e-04
6.750758083662729237e-04
6.749082401050805627e-04
6.747407134390251502e-04
6.745732283565275154e-04
6.744057848471166506e-04
6.742383828989254209e-04
6.740710225022843692e-04
6.739037036476770194e-04
6.737364263250572626e-04
6.735691905242050838e-04
6.734019962348432222e-04
6.732348434496387849e-04
6.730677321564385160e-04
6.729006623436918676e-04
6.727336340009541782e-04
6.725666471163871526e-04
6.723997016803456199e-04
6.722327976833367396e-04
6.720659351153393394e-04
6.718991139661584493e-04
6.717323342255425043e-04
6.715655958861771512e-04
6.713988989359386244e-04
6.712322433633053243e-04
6.710656291578583933e-04
6.710195949037358861e-04
