0.000000000000000000e+00
1.004304154041225873e-03
2.007217449027753724e-03
4.010262556095513069e-03
6.007746220164580583e-03
7.999671504663385599e-03
2.761393683717102907e-02
4.667621819111170828e-02
6.519056722123735270e-02
8.316160327831510768e-02
1.291072422650082763e-01
1.712308986201078187e-01
2.096691585095223909e-01
2.445720555556463172e-01
2.760998768017847160e-01
3.190237006076855897e-01
3.547598996639894642e-01
3.839595212382057587e-01
4.072607702485606107e-01
4.252757943760128723e-01
4.385838324693139834e-01
4.415814190868916356e-01
4.442551786073990483e-01
4.466166856278894204e-01
4.470525188101195924e-01
4.474764053175386835e-01
4.478884341103702704e-01
4.482886937091472013e-01
4.484455222309876588e-01
4.485688109200459683e-01
4.485736875189003658e-01
4.485785622673854056e-01
4.485799325881433264e-01
4.485804463103319484e-01
4.485809589490156180e-01
4.485781366411711879e-01
4.485717143163440168e-01
4.485652920836203927e-01
4.485010748216897714e-01
4.484368667686751131e-01
4.483726679232559187e-01
4.477311856030705695e-01
4.470906225856870475e-01
4.464509775591289364e-01
4.458122492078175347e-01
4.394750947784297201e-01
4.332281745813059692e-01
4.270702038807956957e-01
4.209999160895888659e-01
4.150160626920345597e-01
3.727306823419962445e-01
3.347615759299471527e-01
3.006681091844448650e-01
2.700546846861863193e-01
2.425660858558602584e-01
2.178833465658318314e-01
1.957200612686942620e-01
1.758190584449924043e-01
1.579494171769695587e-01
1.419037877250518831e-01
1.274959853861058479e-01
1.145588301363009709e-01
1.029422067329405915e-01
9.251132283801385969e-02
8.314514494543188972e-02
7.473499395739316431e-02
6.718328411715338011e-02
6.040239066419694769e-02
5.431363307265826140e-02
4.884636207498751354e-02
4.393713987700904877e-02
3.952900405194252620e-02
3.557080657191502571e-02
3.201662030735754477e-02
2.882520610755071044e-02
2.595953427854189380e-02
2.338635490586125909e-02
2.107581203623865723e-02
1.900109724144545195e-02
1.713813854435904463e-02
1.546532109767643701e-02
1.396323637414809311e-02
1.261445695803897239e-02
1.140333432458987689e-02
1.031581726099538993e-02
9.339288821930439785e-03
8.462419927724680602e-03
7.675037906398353947e-03
6.968008454175667055e-03
6.333129644794207452e-03
5.763036757738179520e-03
5.251116821061552198e-03
4.791431877191316621e-03
4.378650081318903424e-03
4.007983832873951782e-03
3.675134222183559351e-03
3.376241147699000911e-03
3.107838524970790717e-03
2.866814067635541780e-03
2.650373173729760317e-03
2.456006498282309672e-03
2.281460835911255924e-03
2.124712975558787353e-03
1.983946223985337109e-03
1.857529227707894765e-03
1.743997036398822493e-03
1.642034789159504135e-03
1.550461514150782653e-03
1.468216754180847600e-03
1.394348311456175635e-03
1.328001180464330206e-03
1.268407630406523682e-03
1.214878296508591516e-03
1.166794180618650756e-03
1.123599468615083885e-03
1.084795080911766380e-03
1.049932881298321812e-03
1.018610476913362622e-03
9.904665490076786875e-04
9.651766603183207366e-04
9.424494904035501681e-04
9.220234552546665435e-04
9.036636719598052604e-04
8.871592331986344424e-04
8.723212684522341958e-04
8.589793677767791407e-04
8.469805320713048738e-04
8.361877032348940999e-04
8.264777925812765921e-04
8.177402711102146416e-04
8.098758923164711947e-04
8.027955397003780575e-04
7.964191928126813274e-04
7.906749988427501548e-04
7.854984389506603588e-04
7.808315796932740202e-04
7.766224008569245097e-04
7.728241918977484231e-04
7.693950099869808351e-04
7.662971933732348360e-04
7.634944152789103046e-04
7.609593789954429560e-04
7.586647060959002134e-04
7.565858181214075821e-04
7.547006741594004722e-04
7.529894852364943467e-04
7.514344840145424642e-04
7.500197183359063723e-04
7.487308657785967866e-04
7.475550671556680784e-04
7.464807770252421043e-04
7.454976294730351330e-04
7.445963176070789129e-04
7.437684853637467099e-04
7.430066303673091808e-04
7.423040167137503380e-04
7.416545966649360031e-04
7.410529403428241886e-04
7.404941726063948501e-04
7.399739163774877787e-04
7.394882417566990291e-04
7.390336203378037455e-04
7.386068841895995166e-04
7.382051890283299056e-04
7.378259811525615447e-04
7.374669677561265270e-04
7.371260902740140158e-04
7.368015004513531370e-04
7.364915388572841311e-04
7.361947155939386166e-04
7.359096929762689015e-04
7.356352699813743876e-04
7.353703682865484490e-04
7.351140197337331303e-04
7.348653550746566537e-04
7.346235938658124322e-04
7.343880353958079105e-04
7.341580505396118296e-04
7.339330744450037452e-04
7.337125999662055939e-04
7.334961717683609675e-04
7.332833810343220883e-04
7.330738607122155772e-04
7.328672812485329284e-04
7.326633467571479945e-04
7.324617915797228913e-04
7.322623771975142340e-04
7.320648894586850256e-04
7.318691360888830103e-04
7.316749444561494384e-04
7.314821595641731681e-04
7.312906422505631703e-04
7.311002675691912400e-04
7.309109233378015963e-04
7.307225088340031996e-04
7.305349336244152140e-04
7.303481044206117188e-04
7.301619586983632134e-04
7.299764342192725363e-04
7.297914895761345487e-04
7.296070585261573999e-04
7.294230855473910966e-04
7.292395276425389433e-04
7.290563425875429228e-04
7.288734995276460260e-04
7.286909711673491673e-04
7.285087309166771163e-04
7.283267541851207736e-04
7.281450186501551257e-04
7.279635041888589397e-04
7.277821927093359620e-04
7.276010679622660522e-04
7.274201153588945269e-04
7.272393218032154440e-04
7.270586755398068639e-04
7.268781660167261119e-04
7.266977837622697100e-04
7.265175202742995371e-04
7.263373679208900112e-04
7.261573198511471483e-04
7.259773699151685295e-04
7.257975125922007040e-04
7.256177429261633123e-04
7.254380564677779522e-04
7.252584492226292565e-04
7.250789176045484286e-04
7.248994583937748556e-04
7.247200686994045501e-04
7.245407459256878336e-04
7.243614877417808547e-04
7.241822920545969502e-04
7.240031569844402855e-04
7.238240808431370627e-04
7.236450621144074500e-04
7.234660994362494650e-04
7.232871915851279455e-04
7.231083374617842952e-04
7.229295360785002516e-04
7.227507865476666014e-04
7.225720880715244586e-04
7.223934399329568108e-04
7.222148414872239710e-04
7.220362921545467674e-04
7.218577914134493255e-04
7.216793387947843547e-04
7.215009339987024086e-04
7.213225765447524133e-04
7.211442660329682843e-04
7.209660021548327039e-04
7.207877846061325287e-04
7.206096131629784922e-04
7.204314876261363023e-04
7.202534078006829965e-04
7.200753735053698956e-04
7.198973845746148249e-04
7.197194409015551320e-04
7.195415423152331678e-04
7.193636886715831834e-04
7.191858798578180121e-04
7.190081157615466545e-04
7.188303962999689160e-04
7.186527213992210299e-04
7.184750909863353227e-04
7.182975049927115040e-04
7.181199633549487918e-04
7.179424660317859207e-04
7.177650129568256994e-04
7.175876040727989427e-04
7.174102393339013613e-04
7.172329186936138518e-04
7.170556421170821331e-04
7.168784095726128073e-04
7.167012210284444971e-04
7.165240764541775829e-04
7.163469758211405553e-04
7.161699191102274950e-04
7.159929062904487598e-04
7.158159373343353287e-04
7.156390122190826354e-04
7.154621309206780954e-04
7.152852934205928019e-04
7.151084997014794118e-04
7.149317497456008112e-04
7.147550435355629278e-04
7.145783810545199705e-04
7.144017622909120671e-04
7.142251872258092646e-04
7.140486558418956617e-04
7.138721681242042811e-04
7.136957240563957623e-04
7.135193236255093358e-04
7.133429668190908795e-04
7.131666536241899239e-04
7.129903840278514456e-04
7.128141580172686316e-04
7.126379755834596260e-04
7.124618367116159617e-04
7.122857413878936781e-04
7.121096896000086562e-04
7.119336813342507257e-04
7.117577165795686139e-04
7.115817953251889292e-04
7.114059175598048523e-04
7.112300832719891091e-04
7.110542924503250508e-04
7.108785450867200839e-04
7.107028411677879980e-04
7.105271806808843935e-04
7.103515636146561559e-04
7.101759899563064469e-04
7.100004596954501276e-04
7.098249728219011186e-04
7.096495293249290709e-04
7.094741291936425233e-04
7.092987724171158619e-04
7.091234589875709121e-04
7.089481888921256173e-04
7.087729621185636210e-04
7.085977786558652009e-04
7.084226384915646340e-04
7.082475416155198595e-04
7.080724880177601205e-04
7.078974776877681140e-04
7.077225106148526306e-04
7.075475867882715037e-04
7.073727062003663628e-04
7.071978688384471636e-04
7.070230746904622400e-04
7.068483237455231664e-04
7.066736159912971431e-04
7.064989514177404464e-04
7.063243300149719831e-04
7.061497517725641134e-04
7.059752166799103043e-04
7.058007247263484033e-04
7.056262759042733826e-04
7.054518702010808499e-04
7.052775076047945995e-04
7.051031881045885475e-04
7.049289116881948380e-04
7.047546783456198373e-04
7.045804880670287476e-04
7.044063408420413088e-04
7.042322366600971750e-04
7.040581755105786458e-04
7.038841573859111597e-04
7.037101822735394386e-04
7.035362501615332470e-04
7.033623610391047734e-04
7.031885148940283372e-04
7.030147117163434815e-04
7.028409514962471755e-04
7.026672342233920105e-04
7.024935598872504919e-04
7.023199284772376622e-04
7.021463399858011859e-04
7.019727944004236237e-04
7.017992917092086757e-04
7.016258319013999722e-04
7.014524149648057681e-04
7.012790408894928199e-04
7.011057096656855272e-04
7.009324212830639117e-04
7.007591757311291015e-04
7.005859729993242201e-04
7.004128130801168814e-04
7.002396959610228226e-04
7.000666216301770772e-04
6.998935900768507058e-04
6.997206012888837305e-04
6.995476552563687118e-04
6.993747519695543355e-04
6.992018914181474028e-04
6.990290735916759304e-04
6.988562984796096045e-04
6.986835660744349042e-04
6.985108763636993338e-04
6.983382293355677424e-04
6.981656249793381872e-04
6.979930632828814817e-04
6.978205442363145808e-04
6.976480678299107818e-04
6.974756340534023647e-04
6.973032428963435838e-04
6.971308943482301462e-04
6.969585884015676129e-04
6.967863250439340628e-04
6.966141042635242689e-04
6.964419260496625260e-04
6.962697903902498970e-04
6.960976972754275146e-04
6.959256466954931789e-04
6.957536386402047570e-04
6.955816730991418737e-04
6.954097500618265822e-04
6.952378695207829832e-04
6.950660314636198387e-04
6.948942358785610866e-04
6.947224827549575848e-04
6.945507720807401033e-04
6.943791038460746029e-04
6.942074780412821940e-04
6.940358946561467650e-04
6.938643536802730936e-04
6.936928551032095795e-04
6.935213989174985379e-04
6.933499851107796305e-04
6.931786136713056351e-04
6.930072845884537557e-04
6.928359978501843607e-04
6.926647534466880227e-04
6.924935513683099213e-04
6.923223916048585561e-04
6.921512741459650512e-04
6.919801989812032848e-04
6.918091661031340036e-04
6.916381754994273354e-04
6.914672271583650063e-04
6.912963210693508914e-04
6.911254572203747414e-04
6.909546356016514146e-04
6.907838562035498349e-04
6.906131190159037637e-04
6.904424240283701291e-04
6.902717712305480712e-04
6.901011606150172020e-04
6.899305921694778984e-04
6.897600658822408345e-04
6.895895817427356899e-04
6.894191397389824640e-04
6.892487398612198680e-04
6.890783820998406780e-04
6.889080664447038089e-04
6.887377928854914507e-04
6.885675614118286561e-04
6.883973720163132515e-04
6.882272246866759716e-04
6.880571194112566555e-04
6.878870561795107866e-04
6.877170349794879635e-04
6.875470558014509662e-04
6.873771186358166403e-04
6.872072234724684037e-04
6.870373703011140335e-04
6.868675591114046033e-04
6.866977898959559373e-04
6.865280626425293445e-04
6.863583773394928535e-04
6.861887339763285106e-04
6.860191325411150792e-04
6.858495730241397342e-04
6.856800554158424144e-04
6.855105797061320167e-04
6.853411458847416884e-04
6.851717539413477651e-04
6.850024038685847191e-04
6.848330956542435666e-04
6.846638292867212846e-04
6.844946047555261568e-04
6.843254220487661119e-04
6.841562811567520686e-04
6.839871820699480352e-04
6.838181247782877366e-04
6.836491092715296907e-04
6.834801355393754947e-04
6.833112035744776189e-04
6.831423133646577625e-04
6.829734648983414166e-04
6.828046581650623441e-04
6.826358931529583974e-04
6.824671698523641309e-04
6.822984882537670801e-04
6.821298483471256897e-04
6.819612501222239564e-04
6.817926935687891729e-04
6.816241786794914820e-04
6.814557054421827237e-04
6.812872738453172291e-04
6.811188838784543479e-04
6.809505355297610979e-04
6.807822287895964278e-04
6.806139636484709668e-04
6.804457400963680961e-04
6.802775581230968574e-04
6.801094177184100224e-04
6.799413188749959484e-04
6.797732615807361824e-04
6.796052458241136785e-04
6.794372715947138075e-04
6.792693388807326434e-04
6.791014476725527708e-04
6.789335979607083460e-04
6.787657897352075784e-04
6.785980229858845549e-04
6.784302977025173089e-04
6.782626138778123041e-04
6.780949714996813366e-04
6.779273705566352245e-04
6.777598110382853595e-04
6.775922929328569806e-04
6.774248162307560913e-04
6.772573809225408085e-04
6.770899869982435195e-04
6.769226344477235731e-04
6.767553232607842646e-04
6.765880534301501638e-04
6.764208249437624488e-04
6.762536377901607774e-04
6.760864919589821284e-04
6.759193874384806892e-04
6.757523242190864241e-04
6.755853022913803265e-04
6.754183216454196122e-04
6.752513822710885663e-04
6.750844841582158548e-04
6.749176272995437197e-04
6.747508116830434801e-04
6.745840372972829830e-04
6.744173041319244692e-04
6.742506121752515078e-04
6.740839614177173734e-04
6.739173518499264786e-04
6.737507834619606501e-04
6.735842562437293268e-04
6.734177701850857858e-04
6.732513252787904840e-04
6.730849215128445560e-04
6.729185588758439295e-04
6.727522373574762156e-04
6.725859569460541487e-04
6.724197176320545304e-04
6.722535194061048667e-04
6.720873622583114874e-04
6.719212461786087682e-04
6.717551711568752479e-04
6.715891371858890560e-04
6.714231442536808172e-04
6.712571923488746487e-04
6.710912814611840740e-04
6.710454414975488028e-04
