0.000000000000000000e+00
1.004303710573130077e-03
2.007216562040323171e-03
4.010260789638056197e-03
6.007743581682509736e-03
7.999668001577574586e-03
2.761392509096909087e-02
4.667619891703073121e-02
6.519054111049966960e-02
8.316157099838218658e-02
1.291071964550160045e-01
1.712308435456314504e-01
2.096690980065071819e-01
2.445719930519464624e-01
2.760998153409078837e-01
3.190236460257159790e-01
3.547598572683027252e-01
3.839594952182960874e-01
4.072607638133344810e-01
4.252758098822608246e-01
4.385838715398283072e-01
4.415814650563897881e-01
4.442552315429518228e-01
4.466167455843266243e-01
4.470525801762817997e-01
4.474764680950636397e-01
4.478884983008060705e-01
4.482887593139540661e-01
4.484455885679352605e-01
4.485688775494359182e-01
4.485737541661851124e-01
4.485786289278321792e-01
4.485799992524640012e-01
4.485805129765387811e-01
4.485810266799954982e-01
4.485783287689255050e-01
4.485719064493720043e-01
4.485654842219219951e-01
4.485012670127180856e-01
4.484370590124139300e-01
4.483728602196890289e-01
4.477313784255602669e-01
4.470908159326234532e-01
4.464511714289055577e-01
4.458124435988315981e-01
4.394752942944279983e-01
4.332283790658206790e-01
4.270704131807683268e-01
4.210001300553043446e-01
4.150162811770574112e-01
3.727309303949910557e-01
3.347618467182755797e-01
3.006683969594861061e-01
2.700549846329983184e-01
2.425663939624740362e-01
2.178836595095240691e-01
1.957203763170687338e-01
1.758193733700906813e-01
1.579497301807615828e-01
1.419040973748808554e-01
1.274962905588335749e-01
1.145591299700485372e-01
1.029425005854559400e-01
9.251161025081697242e-02
8.314542561299101409e-02
7.473526770067902281e-02
6.718355086099864204e-02
6.040265041795968987e-02
5.431388591375080344e-02
4.884660813488710118e-02
4.393737932941540331e-02
3.952923710278968134e-02
3.557103345098230202e-02
3.201684126125730473e-02
2.882542139389919142e-02
2.595974416114467387e-02
2.338655965076692073e-02
2.107601190853364281e-02
1.900129250267985903e-02
1.713832945050795808e-02
1.546550789755428770e-02
1.396341930820484654e-02
1.261463625747664789e-02
1.140351021074659243e-02
1.031598994495150530e-02
9.339458504297876162e-03
8.462586798586123685e-03
7.675202145367953678e-03
6.968170230557032760e-03
6.333289117815238227e-03
5.763194076845369607e-03
5.251272126259197946e-03
4.791585299413386560e-03
4.378801742823378203e-03
4.008133847651152923e-03
3.675282696371522714e-03
3.376388180000191534e-03
3.107984207065561146e-03
2.866958484588649769e-03
2.650516404387067999e-03
2.456148615655420753e-03
2.281601907548424721e-03
2.124853063900899661e-03
1.984085386706134144e-03
1.857667518037833029e-03
1.744134503432523582e-03
1.642171478147256159e-03
1.550597466773057185e-03
1.468352008806864334e-03
1.394482903386987452e-03
1.328135142160771255e-03
1.268540991702587096e-03
1.215011084810835871e-03
1.166926421092269114e-03
1.123731184357277483e-03
1.084926293113076725e-03
1.050063609392574114e-03
1.018740738716863471e-03
9.905963608482996462e-04
9.653060371550833485e-04
9.425784459373035907e-04
9.221520020304347157e-04
9.037918214613468960e-04
8.872869959357413631e-04
8.724486540432681726e-04
8.591063850196432265e-04
8.471071890118161193e-04
8.363140072311745377e-04
8.266037503616203595e-04
8.178658888263252340e-04
8.100011755924180733e-04
8.029204936775663189e-04
7.965438221911362799e-04
7.907993079190025944e-04
7.856224316524956829e-04
7.809552596115916165e-04
7.767457712749333693e-04
7.729472558177125649e-04
7.695177701547111079e-04
7.664196523005050148e-04
7.636165752476975141e-04
7.610812421123095165e-04
7.587862742894329725e-04
7.567070931576725659e-04
7.548216576565890470e-04
7.531101786780494385e-04
7.515548887611437625e-04
7.501398356364136167e-04
7.488506967800365698e-04
7.476746129123476494e-04
7.466000385070633563e-04
7.456166075730763206e-04
7.447150131485087178e-04
7.438868991061261659e-04
7.431247630123359940e-04
7.424218689104912462e-04
7.417721690145955308e-04
7.411702334030860094e-04
7.406111868953769561e-04
7.400906523773413811e-04
7.396046999168865354e-04
7.391498010780799899e-04
7.387227879027256265e-04
7.383208160825424637e-04
7.379413318938174296e-04
7.375820425101455502e-04
7.372408893481358343e-04
7.369160241362255736e-04
7.366057874283975368e-04
7.363086893130210220e-04
7.360233920925536664e-04
7.357486947327517316e-04
7.354835189006113817e-04
7.352268964287285132e-04
7.349779580603482253e-04
7.347359233442647946e-04
7.345000915620979827e-04
7.342698335824753572e-04
7.340445845474217459e-04
7.338238373059375675e-04
7.336071365184268240e-04
7.333940733634416835e-04
7.331842807852062896e-04
7.329774292266706985e-04
7.327732227984949708e-04
7.325713958394241762e-04
7.323717098280675252e-04
7.321739506101847782e-04
7.319779259092423730e-04
7.317834630913005057e-04
7.315904071582498853e-04
7.313986189460659152e-04
7.312079735071364429e-04
7.310183586578576989e-04
7.308296736746134952e-04
7.306418281229778251e-04
7.304547287132386870e-04
7.302683129204070971e-04
7.300825185052488894e-04
7.298973040600884900e-04
7.297126033413031156e-04
7.295283608261693030e-04
7.293445335168082487e-04
7.291610791885658411e-04
7.289779669862276462e-04
7.287951696139134813e-04
7.286126604812638748e-04
7.284304149974059773e-04
7.282484108394769382e-04
7.280666278842438163e-04
7.278850480395244538e-04
7.277036550557351409e-04
7.275224343438782245e-04
7.273413728077235494e-04
7.271604586916423103e-04
7.269796814435005791e-04
7.267990315914171773e-04
7.266185006330892933e-04
7.264380809364372801e-04
7.262577656504249062e-04
7.260775486250147697e-04
7.258974243393290617e-04
7.257173878371693532e-04
7.255374346691463279e-04
7.253575608407404271e-04
7.251777627656838662e-04
7.249980372241220323e-04
7.248183813250621416e-04
7.246387924726694057e-04
7.244592683360189835e-04
7.242798068219461491e-04
7.241004060506808001e-04
7.239210643339769307e-04
7.237417801554856455e-04
7.235625521531378499e-04
7.233833791033334381e-04
7.232042599067507131e-04
7.230251935756100467e-04
7.228461792222423774e-04
7.226672160488303810e-04
7.224883033381993653e-04
7.223094404455541323e-04
7.221306267910603243e-04
7.219518618531879650e-04
7.217731451627356623e-04
7.215944764198172151e-04
7.214158551439202923e-04
7.212372809350204791e-04
7.210587534845492837e-04
7.208802724882364251e-04
7.207018377221452573e-04
7.205234489869969273e-04
7.203451060878206594e-04
7.201668088433195274e-04
7.199885570878633264e-04
7.198103507145556853e-04
7.196321895523820344e-04
7.194540734572233906e-04
7.192760023162445568e-04
7.190979760170009743e-04
7.189199944766477791e-04
7.187420576212784872e-04
7.185641653778801052e-04
7.183863176778061558e-04
7.182085144576101036e-04
7.180307556759971815e-04
7.178530412665158796e-04
7.176753711718458382e-04
7.174977453461354971e-04
7.173201637428137109e-04
7.171426263269826138e-04
7.169651330669070659e-04
7.167876839307810210e-04
7.166102788881595397e-04
7.164329179103260097e-04
7.162556009781419859e-04
7.160783280605640495e-04
7.159010991300726557e-04
7.157239141638166175e-04
7.155467731377316339e-04
7.153696760332462976e-04
7.151926228329711982e-04
7.150156135191256370e-04
7.148386480742703305e-04
7.146617264815144930e-04
7.144848487292663770e-04
7.143080147985427951e-04
7.141312246719767800e-04
7.139544783345560348e-04
7.137777757698893742e-04
7.136011169649738532e-04
7.134245019073136079e-04
7.132479305839143670e-04
7.130714029817766548e-04
7.128949190880486640e-04
7.127184788937167715e-04
7.125420823839194928e-04
7.123657295447623434e-04
7.121894203639158845e-04
7.120131548276182297e-04
7.118369329247763643e-04
7.116607546445750465e-04
7.114846199756643058e-04
7.113085289065719822e-04
7.111324814258370829e-04
7.109564775253351390e-04
7.107805171916271392e-04
7.106046004120187025e-04
7.104287271751107439e-04
7.102528974680557931e-04
7.100771112804264273e-04
7.099013686019952588e-04
7.097256694219886792e-04
7.095500137294711001e-04
7.093744015134718049e-04
7.091988327661816107e-04
7.090233074746656603e-04
7.088478256266572903e-04
7.086723872110917838e-04
7.084969922154523521e-04
7.083216406295549756e-04
7.081463324433878064e-04
7.079710676463904983e-04
7.077958462278272815e-04
7.076206681769120791e-04
7.074455334859545367e-04
7.072704421422125682e-04
7.070953941335844173e-04
7.069203894491366642e-04
7.067454280764855516e-04
7.065705100055455056e-04
7.063956352263948838e-04
7.062208037285624615e-04
7.060460155013980124e-04
7.058712705341951485e-04
7.056965688193170749e-04
7.055219103441073576e-04
7.053472950965401344e-04
7.051727230657445439e-04
7.049981942394016642e-04
7.048237086074763368e-04
7.046492661600932145e-04
7.044748668868286694e-04
7.043005107770786621e-04
7.041261978201816905e-04
7.039519280085312089e-04
7.037777013295207652e-04
7.036035177711695999e-04
7.034293773226456660e-04
7.032552799716726508e-04
7.030812257082486808e-04
7.029072145225299592e-04
7.027332464041263597e-04
7.025593213424665860e-04
7.023854393269217703e-04
7.022116003499081355e-04
7.020378043988564172e-04
7.018640514618212011e-04
7.016903415280012317e-04
7.015166745851542400e-04
7.013430506233062165e-04
7.011694696326403612e-04
7.009959316027941948e-04
7.008224365232255861e-04
7.006489843833336398e-04
7.004755751755547448e-04
7.003022088873529219e-04
7.001288855068139817e-04
6.999556050231647494e-04
6.997823674241946150e-04
6.996091726999552644e-04
6.994360208406550511e-04
6.992629118359578420e-04
6.990898456753482856e-04
6.989168223482525918e-04
6.987438418471263396e-04
6.985709041594651003e-04
6.983980092733849338e-04
6.982251571781396618e-04
6.980523478615493571e-04
6.978795813136903173e-04
6.977068575247959408e-04
6.975341764845557901e-04
6.973615381824806430e-04
6.971889426080230554e-04
6.970163897536574716e-04
6.968438796069106878e-04
6.966714121559282541e-04
6.964989873899906639e-04
6.963266052969485642e-04
6.961542658669026473e-04
6.959819690901104892e-04
6.958097149562874565e-04
6.956375034549702394e-04
6.954653345756375230e-04
6.952932083107824001e-04
6.951211246479626748e-04
6.949490835753532793e-04
6.947770850822610530e-04
6.946051291565670006e-04
6.944332157883964258e-04
6.942613449680305401e-04
6.940895166852105143e-04
6.939177309294989509e-04
6.937459876904005559e-04
6.935742869604268534e-04
6.934026287271665475e-04
6.932310129788236269e-04
6.930594397047319275e-04
6.928879088928019446e-04
6.927164205331833762e-04
6.925449746161818285e-04
6.923735711315634088e-04
6.922022100689169573e-04
6.920308914177728758e-04
6.918596151706614449e-04
6.916883813152017264e-04
6.915171898396271994e-04
6.913460407332978289e-04
6.911749339841539259e-04
6.910038695823697997e-04
6.908328475182750174e-04
6.906618677816611651e-04
6.904909303621423449e-04
6.903200352492749794e-04
6.901491824356079975e-04
6.899783719087910355e-04
6.898076036570866291e-04
6.896368776698809811e-04
6.894661939351443263e-04
6.892955524430752602e-04
6.891249531840272025e-04
6.889543961478170010e-04
6.887838813240844535e-04
6.886134087024118949e-04
6.884429782753662521e-04
6.882725900306281694e-04
6.881022439564890222e-04
6.879319400423611428e-04
6.877616782762449067e-04
6.875914586483628703e-04
6.874212811490921973e-04
6.872511457682749974e-04
6.870810524955765471e-04
6.869110013206053108e-04
6.867409922359464297e-04
6.865710252293107975e-04
6.864011002890189547e-04
6.862312174045094712e-04
6.860613765638119959e-04
6.858915777571735883e-04
6.857218209749951559e-04
6.855521062071438538e-04
6.853824334433105455e-04
6.852128026731293909e-04
6.850432138892039629e-04
6.848736670792755126e-04
6.847041622316932035e-04
6.845346993359218432e-04
6.843652783800208963e-04
6.841958993542612746e-04
6.840265622490676297e-04
6.838572670543322700e-04
6.836880137597716465e-04
6.835188023550452891e-04
6.833496328327752023e-04
6.831805051807329950e-04
6.830114193872965618e-04
6.828423754419567313e-04
6.826733733328024583e-04
6.825044130501287240e-04
6.823354945843840324e-04
6.821666179254855201e-04
6.819977830631750084e-04
6.818289899871377230e-04
6.816602386900137743e-04
6.814915291596049121e-04
6.813228613843180879e-04
6.811542353536700423e-04
6.809856510557790038e-04
6.808171084809640228e-04
6.806486076196973474e-04
6.804801484619207256e-04
6.803117309974015658e-04
6.801433552158504640e-04
6.799750211099259622e-04
6.798067286674599509e-04
6.796384778768877876e-04
6.794702687277521256e-04
6.793021012082006834e-04
6.791339753085765809e-04
6.789658910193754849e-04
6.787978483305640801e-04
6.786298472319350367e-04
6.784618877132243212e-04
6.782939697671085816e-04
6.781260933814499577e-04
6.779582585447122131e-04
6.777904652464641303e-04
6.776227134748825931e-04
6.774550032203346820e-04
6.772873344733391573e-04
6.771197072238878574e-04
6.769521214617987143e-04
6.767845771768329563e-04
6.766170743616853377e-04
6.764496130042478138e-04
6.762821930930132050e-04
6.761148146175756640e-04
6.759474775661413479e-04
6.757801819291011898e-04
6.756129276969973689e-04
6.754457148598465516e-04
6.752785434074917150e-04
6.751114133297195664e-04
6.749443246192428575e-04
6.747772772639835763e-04
6.746102712524626238e-04
6.744433065743001736e-04
6.742763832177317649e-04
6.741095011731714241e-04
6.739426604311851829e-04
6.737758609818145358e-04
6.736091028149271799e-04
6.734423859203353012e-04
6.732757102907694323e-04
6.731090759141815935e-04
6.729424827791212005e-04
6.727759308752339056e-04
6.726094201907841961e-04
6.724429507162101678e-04
6.722765224421009458e-04
6.721101353585226361e-04
6.719437894553679808e-04
6.717774847224743193e-04
6.716112211525903991e-04
6.714449987336977305e-04
6.712788174543742438e-04
6.711126773042910701e-04
6.710667740069093485e-04
