0.000000000000000000e+00
1.004302957131295330e-03
2.007215058707503830e-03
4.010257797764490463e-03
6.007739115886322895e-03
7.999662076426423615e-03
2.761390536274484567e-02
4.667616678733436941e-02
6.519049793169248708e-02
8.316151807419351616e-02
1.291071233231361470e-01
1.712307584850900344e-01
2.096690084248716002e-01
2.445719055320963453e-01
2.760997356917743728e-01
3.190235886158876988e-01
3.547598320285597073e-01
3.839595098550843688e-01
4.072608240912030664e-01
4.252759198862702261e-01
4.385840339156104051e-01
4.415816426141369599e-01
4.442554243716407281e-01
4.466169537491955777e-01
4.470527914142185533e-01
4.474766824076023553e-01
4.478887156893083810e-01
4.482889797796115183e-01
4.484458102654284017e-01
4.485691002287855444e-01
4.485739768844375086e-01
4.485788516849696927e-01
4.485802220205345470e-01
4.485807357487096581e-01
4.485812494562769759e-01
4.485787931291394526e-01
4.485723748545766831e-01
4.485659526374027317e-01
4.485017355309418030e-01
4.484375276333483207e-01
4.483733289433016744e-01
4.477318481741758838e-01
4.470912867030106264e-01
4.464516432178400884e-01
4.458129164030963376e-01
4.394757770766068439e-01
4.332288715119191336e-01
4.270709149836766638e-01
4.210006409146659911e-01
4.150168007991384966e-01
3.727315070602066349e-01
3.347624667394191178e-01
3.006690488366766667e-01
2.700556587492866090e-01
2.425670823192810632e-01
2.178843554965216589e-01
1.957210745120881445e-01
1.758200693654503599e-01
1.579504204326616090e-01
1.419047790729723868e-01
1.274969615134162459e-01
1.145597885146534961e-01
1.029431454928501494e-01
9.251224066070334873e-02
8.314604096989196280e-02
7.473586770067790208e-02
6.718413540617775015e-02
6.040321957751879772e-02
5.431443989091676999e-02
4.884714723883769316e-02
4.393790395153838318e-02
3.952974769668456817e-02
3.557153051568825303e-02
3.201732532725677649e-02
2.882589301150547192e-02
2.596020389093247477e-02
2.338700805574991937e-02
2.107644954783206501e-02
1.900171992645538835e-02
1.713874719597321614e-02
1.546591648589036062e-02
1.396381924224295717e-02
1.261502802002017858e-02
1.140389426342682151e-02
1.031636672752564432e-02
9.339828434310974009e-03
8.462950271329925875e-03
7.675559534079566364e-03
6.968521886808904178e-03
6.333635372055303019e-03
5.763535239052655461e-03
5.251608486685680963e-03
4.791917129387673023e-03
4.379129295595841909e-03
4.008457359263709920e-03
3.675602386538199054e-03
3.376704252987213113e-03
3.108296852561904296e-03
2.867267878559812740e-03
2.650822709906431977e-03
2.456451983708869691e-03
2.281902477809031205e-03
2.125150965471392199e-03
1.984380738827664411e-03
1.857960430763909866e-03
1.744425078268198098e-03
1.642459808654634333e-03
1.550883639141065022e-03
1.468636102387549554e-03
1.394764991199370354e-03
1.328415291363059438e-03
1.268819264033952494e-03
1.215287537004069909e-03
1.167201105258653228e-03
1.124004148345043776e-03
1.085197580840839386e-03
1.050333261159105492e-03
1.019008791488572449e-03
9.908628485257341741e-04
9.655709908197449487e-04
9.428418940800170883e-04
9.224139707624662548e-04
9.040523347094129875e-04
8.875460756219981547e-04
8.727063202554387073e-04
8.593626561572756655e-04
8.473620819271804761e-04
8.365675373618923711e-04
8.268559318498513349e-04
8.181167346283985033e-04
8.102506975796317434e-04
8.031687027287590184e-04
7.967907282776626968e-04
7.910449201826991053e-04
7.858667584771839194e-04
7.811983086886230407e-04
7.769875496632498452e-04
7.731877699988583437e-04
7.697570260832004149e-04
7.666576554499211337e-04
7.638533306194473941e-04
7.613167543473580703e-04
7.590205476630561884e-04
7.569401316112554226e-04
7.550534648277117990e-04
7.533407579274645173e-04
7.517842431974041881e-04
7.503679681383578328e-04
7.490776100173080539e-04
7.479003093641188680e-04
7.468245204791135747e-04
7.458398772133667098e-04
7.449370724613819331e-04
7.441077499652502033e-04
7.433444071724993338e-04
7.426403080183505492e-04
7.419894046184650083e-04
7.413862669618532511e-04
7.408260197866211108e-04
7.403042859047240546e-04
7.398171353168786143e-04
7.393610395260835893e-04
7.389328305186439617e-04
7.385296639358467606e-04
7.381489860081558683e-04
7.377885038675347906e-04
7.374461588927715529e-04
7.371201027779471400e-04
7.368086760458370790e-04
7.365103887564659370e-04
7.362239031865467536e-04
7.359480182784547539e-04
7.356816556779515685e-04
7.354238471983486070e-04
7.351737235653770918e-04
7.349305043119258368e-04
7.346934887051691275e-04
7.344620476006144929e-04
7.342356161283702942e-04
7.340136871266122760e-04
7.337958052459115938e-04
7.335815616558868067e-04
7.333705892926436608e-04
7.331625585917555176e-04
7.329571736571764305e-04
7.327541688215547834e-04
7.325533055579559359e-04
7.323543697070969156e-04
7.321571689878548410e-04
7.319615307621138867e-04
7.317673000279612721e-04
7.315743376179073987e-04
7.313825185811824838e-04
7.311917307313032252e-04
7.310018733420255458e-04
7.308128559765244246e-04
7.306245853425641628e-04
7.304369989134233297e-04
7.302500344481205677e-04
7.300636505377921257e-04
7.298777809369224202e-04
7.296923701211303513e-04
7.295073750912244720e-04
7.293227536212138493e-04
7.291384748548831139e-04
7.289545114954377753e-04
7.287708369516098005e-04
7.285874266316626647e-04
7.284042582119249192e-04
7.282213115684097772e-04
7.280385686082324094e-04
7.278560130811527300e-04
7.276736303975599694e-04
7.274914074606494540e-04
7.273093325142528792e-04
7.271273950057277179e-04
7.269455854627137909e-04
7.267638953824546565e-04
7.265823171324406731e-04
7.264008438612268651e-04
7.262194694183862764e-04
7.260381882826686751e-04
7.258569954975190378e-04
7.256758866132060910e-04
7.254948576348802447e-04
7.253139049759562600e-04
7.251330254162720442e-04
7.249522160645369834e-04
7.247714743246270238e-04
7.245907978653360823e-04
7.244101845932249132e-04
7.242296326282552906e-04
7.240491402819192656e-04
7.238687060376106618e-04
7.236883285330081989e-04
7.235080065442637057e-04
7.233277389718116481e-04
7.231475248276310547e-04
7.229673632238159658e-04
7.227872533623143272e-04
7.226071945257194276e-04
7.224271860690064349e-04
7.222472274121133091e-04
7.220673180332844512e-04
7.218874574630950152e-04
7.217076454015003981e-04
7.215278813677265422e-04
7.213481649615022685e-04
7.211684958740380161e-04
7.209888738008137041e-04
7.208092985176909164e-04
7.206297698251920656e-04
7.204502875281381009e-04
7.202708514450197009e-04
7.200914614099945908e-04
7.199121173160146110e-04
7.197328189918155003e-04
7.195535662930407266e-04
7.193743591066409631e-04
7.191951973199299823e-04
7.190160808498660292e-04
7.188370096223494149e-04
7.186579835641632077e-04
7.184790026064536306e-04
7.183000666855657648e-04
7.181211757600569580e-04
7.179423297632293692e-04
7.177635286375294273e-04
7.175847723368946945e-04
7.174060608145153926e-04
7.172273940352992582e-04
7.170487719673197900e-04
7.168701945785694966e-04
7.166916618383983081e-04
7.165131737178830713e-04
7.163347301977386486e-04
7.161563312466775674e-04
7.159779768369490226e-04
7.157996669454924675e-04
7.156214015480062696e-04
7.154431806257266838e-04
7.152650041610734803e-04
7.150868721360658167e-04
7.149087845330603626e-04
7.147307413349615265e-04
7.145527425300307600e-04
7.143747880990426648e-04
7.141968780244002061e-04
7.140190122908824863e-04
7.138411908818625062e-04
7.136634137841448748e-04
7.134856809850449689e-04
7.133079924713685901e-04
7.131303482299129748e-04
7.129527482476224857e-04
7.127751925153374577e-04
7.125976810179551714e-04
7.124202137413516165e-04
7.122427906729898381e-04
7.120654117988728946e-04
7.118880771077164098e-04
7.117107865885163821e-04
7.115335402297241069e-04
7.113563380196651119e-04
7.111791799466745745e-04
7.110020660024831763e-04
7.108249961734112131e-04
7.106479704465356456e-04
7.104709888102506317e-04
7.102940512514742963e-04
7.101171577595888308e-04
7.099403083241783048e-04
7.097635029342714598e-04
7.095867415787307205e-04
7.094100242463829498e-04
7.092333509292737901e-04
7.090567216142285587e-04
7.088801362887531265e-04
7.087035949415766700e-04
7.085270975599489715e-04
7.083506441334953005e-04
7.081742346520174345e-04
7.079978691047565100e-04
7.078215474807765051e-04
7.076452697690885970e-04
7.074690359618588829e-04
7.072928460461056681e-04
7.071167000095003813e-04
7.069405978409043631e-04
7.067645395277008611e-04
7.065885250596149999e-04
7.064125544265384372e-04
7.062366276178028406e-04
7.060607446225579484e-04
7.058849054298958195e-04
7.057091100320358936e-04
7.055333584160835376e-04
7.053576505697866164e-04
7.051819864820693543e-04
7.050063661403811353e-04
7.048307895344978246e-04
7.046552566543580259e-04
7.044797674893417622e-04
7.043043220286455009e-04
7.041289202614068373e-04
7.039535621798760027e-04
7.037782477712089960e-04
7.036029770231998692e-04
7.034277499248124199e-04
7.032525664635387499e-04
7.030774266291890933e-04
7.029023304117342549e-04
7.027272778005881930e-04
7.025522687849808769e-04
7.023773033540831870e-04
7.022023815001686648e-04
7.020275032104313648e-04
7.018526684727011177e-04
7.016778772759730545e-04
7.015031296077749471e-04
7.013284254579444602e-04
7.011537648164806961e-04
7.009791476728260192e-04
7.008045740162396724e-04
7.006300438359213756e-04
7.004555571241655957e-04
7.002811138681998889e-04
7.001067140558863951e-04
6.999323576762491936e-04
6.997580447168480402e-04
6.995837751675474878e-04
6.994095490183717921e-04
6.992353662587906396e-04
6.990612268780907034e-04
6.988871308654996759e-04
6.987130782133308890e-04
6.985390689088452924e-04
6.983651029399349499e-04
6.981911802956524554e-04
6.980173009635885729e-04
6.978434649336333340e-04
6.976696721958364732e-04
6.974959227396938062e-04
6.973222165545192195e-04
6.971485536295668603e-04
6.969749339571701180e-04
6.968013575246213842e-04
6.966278243198436226e-04
6.964543343319159899e-04
6.962808875484609089e-04
6.961074839593934561e-04
6.959341235547880861e-04
6.957608063241670689e-04
6.955875322568707457e-04
6.954143013421805854e-04
6.952411135724485174e-04
6.950679689349988088e-04
6.948948674177844557e-04
6.947218090099121536e-04
6.945487936990347912e-04
6.943758214750929240e-04
6.942028923281852925e-04
6.940300062478609467e-04
6.938571632234861401e-04
6.936843632443691213e-04
6.935116063028809019e-04
6.933388923863776244e-04
6.931662214828421004e-04
6.929935935814076969e-04
6.928210086697587445e-04
6.926484667378604099e-04
6.924759677758362620e-04
6.923035117732609378e-04
6.921310987195277960e-04
6.919587286039714314e-04
6.917864014189818288e-04
6.916141171519463561e-04
6.914418757908779656e-04
6.912696773249373461e-04
6.910975217418389690e-04
6.909254090315730462e-04
6.907533391842879747e-04
6.905813121895844125e-04
6.904093280368816306e-04
6.902373867155410037e-04
6.900654882179714901e-04
6.898936325315918995e-04
6.897218196444449998e-04
6.895500495457181512e-04
6.893783222231566164e-04
6.892066376667756525e-04
6.890349958667479425e-04
6.888633968126997315e-04
6.886918404940773957e-04
6.885203269002683306e-04
6.883488560237003596e-04
6.881774278518235175e-04
6.880060423727103877e-04
6.878346995755752185e-04
6.876633994481939557e-04
6.874921419806064677e-04
6.873209271630099405e-04
6.871497549850566402e-04
6.869786254362186383e-04
6.868075385059100018e-04
6.866364941865778530e-04
6.864654924657030179e-04
6.862945333313875702e-04
6.861236167728731886e-04
6.859527427779657429e-04
6.857819113367299296e-04
6.856111224393875462e-04
6.854403760756163375e-04
6.852696722349146128e-04
6.850990109067231102e-04
6.849283920835070585e-04
6.847578157527790506e-04
6.845872819026705422e-04
6.844167905224499918e-04
6.842463415999535184e-04
6.840759351252706467e-04
6.839055710886473519e-04
6.837352494797871829e-04
6.835649702882147950e-04
6.833947335033967304e-04
6.832245391178172998e-04
6.830543871190199959e-04
6.828842774951658732e-04
6.827142102355498446e-04
6.825441853280387119e-04
6.823742027627462863e-04
6.822042625299431541e-04
6.820343646193582346e-04
6.818645090205423124e-04
6.816946957229879506e-04
6.815249247191985417e-04
6.813551959967481531e-04
6.811855095438276546e-04
6.810158653497584138e-04
6.808462634024373735e-04
6.806767036920030644e-04
6.805071862087499254e-04
6.803377109424327881e-04
6.801682778826284581e-04
6.799988870188555194e-04
6.798295383436359042e-04
6.796602318445746881e-04
6.794909675098921228e-04
6.793217453289363559e-04
6.791525652896340370e-04
6.789834273821485251e-04
6.788143315967983286e-04
6.786452779233637577e-04
6.784762663514473137e-04
6.783072968705940349e-04
6.781383694733442852e-04
6.779694841473341482e-04
6.778006408808128240e-04
6.776318396631550228e-04
6.774630804823176438e-04
6.772943633284884404e-04
6.771256881920099903e-04
6.769570550626879740e-04
6.767884639301509136e-04
6.766199147839696516e-04
6.764514076167032000e-04
6.762829424160183255e-04
6.761145191701937182e-04
6.759461378686303264e-04
6.757777984993149729e-04
6.756095010524599143e-04
6.754412455184317975e-04
6.752730318870614565e-04
6.751048601480034344e-04
6.749367302908543774e-04
6.747686423081917292e-04
6.746005961877130476e-04
6.744325919177262966e-04
6.742646294876585532e-04
6.740967088855266730e-04
6.739288301015671986e-04
6.737609931261708462e-04
6.735931979491937118e-04
6.734254445603159254e-04
6.732577329491601544e-04
6.730900631083222736e-04
6.729224350255306325e-04
6.727548486891218177e-04
6.725873040885497946e-04
6.724198012118608007e-04
6.722523400493158816e-04
6.720849205913292804e-04
6.719175428277828974e-04
6.717502067483822328e-04
6.715829123427757581e-04
6.714156596035778879e-04
6.712484485185472209e-04
6.710812790760498341e-04
6.709141512655653885e-04
6.708679751304316013e-04
