0.000000000000000000e+00
2.118986538924060828e-10
7.885617812465618895e-10
2.888557160430316690e-09
7.585508430289348642e-09
1.618250645635304395e-08
5.797754515511987859e-07
2.879285772115695554e-06
8.023577671249876130e-06
1.702724849191428571e-05
5.133408522839363793e-05
1.125149283703781995e-04
2.061432363961163540e-04
3.367316362648298299e-04
5.078597001896677926e-04
9.723598247247893346e-04
1.617381971565118488e-03
2.265925508455771641e-03
3.034565186462642120e-03
3.922213955646904407e-03
4.926873402196781104e-03
6.045556269483728408e-03
7.274563284549259538e-03
9.116658697017727964e-03
1.114410857581274797e-02
1.334509134276712708e-02
1.570761952616759813e-02
1.821978337556706684e-02
2.086994295236535915e-02
2.412964484286108865e-02
2.754554068917950890e-02
3.110137783349792989e-02
3.478187814021140023e-02
3.857276318923483910e-02
4.330039141038860562e-02
4.814906407381479292e-02
5.309876647431594626e-02
5.813127133461104545e-02
6.323002194904965567e-02
6.954836914009880633e-02
7.591905279200761303e-02
8.232017758947275665e-02
8.873245648800362484e-02
1.001488859792612068e-01
1.114671491696112293e-01
1.226243362264817782e-01
1.335713851658464346e-01
1.442705387097494019e-01
1.574135125791974732e-01
1.700751867544685048e-01
1.822310508004129082e-01
1.938680457456418704e-01
2.049817416294601180e-01
2.097331604221483181e-01
2.143830121048397042e-01
2.189319805440160249e-01
2.233808718721341513e-01
2.278973804853057505e-01
2.323081309621657931e-01
2.366144828632608665e-01
2.460382701335355193e-01
2.549443238046917304e-01
2.633520971201627203e-01
2.712807042981096317e-01
2.817955629087321445e-01
2.914336000514621827e-01
3.002506618248532155e-01
3.083007898879118747e-01
3.168219784244684645e-01
3.244400838134067766e-01
3.262121142374570515e-01
3.279334446364072786e-01
3.296050358772013578e-01
3.312279293463744057e-01
3.328030167030915365e-01
3.343468501076660715e-01
3.358439939906396887e-01
3.372956258791548478e-01
3.387028262883101104e-01
3.401151937213698906e-01
3.414816510118613424e-01
3.428032666951544294e-01
3.473755852561795643e-01
3.513812478049572197e-01
3.548667290987745915e-01
3.578744322303200054e-01
3.618223164610019915e-01
3.626481307510128760e-01
3.634138625094527342e-01
3.641216041253261260e-01
3.647733383855509270e-01
3.653709103534730773e-01
3.657233040683577352e-01
3.660550100609956115e-01
3.663665598991303063e-01
3.666584843226531887e-01
3.669350873585580097e-01
3.671922329761297954e-01
3.674303737683836113e-01
3.682936808051337496e-01
3.688025005186479910e-01
3.689924657636966532e-01
3.688956051422991322e-01
3.688300627822220235e-01
3.687488783088163080e-01
3.686524211879612656e-01
3.685411282459947757e-01
3.684308316324343413e-01
3.683095337410829950e-01
3.681774934699583168e-01
3.678752946528755507e-01
3.675313328797477630e-01
3.671476186618649606e-01
3.658726160798901339e-01
3.655120786311958914e-01
3.651360197461321344e-01
3.647448728199330636e-01
3.646447923861256268e-01
3.645438105836385501e-01
3.644419355095543378e-01
3.644163281217057127e-01
3.643906632334185103e-01
3.643895883267434521e-01
3.643885133236923202e-01
3.643863630284618349e-01
3.643842123216933793e-01
3.643820612432837613e-01
3.643816309838460721e-01
3.643812007089998195e-01
3.643807704164690464e-01
3.643806330799419513e-01
3.643804957421630242e-01
3.643802210636992167e-01
3.643799463793441773e-01
3.643796716885627229e-01
3.643769244044111066e-01
3.643741763607958317e-01
3.643714274528324082e-01
3.643438681499051590e-01
3.643161113792449113e-01
3.642880622646623712e-01
3.642596317482725832e-01
3.641335124440673310e-01
3.639938973438074932e-01
3.638368032084340897e-01
3.636592992007992575e-01
3.634593280672980820e-01
3.631085399552036463e-01
3.626999042488164293e-01
3.622327875770166572e-01
3.617079162409782001e-01
3.611269292864750513e-01
3.604920507403941987e-01
3.596428404888585839e-01
3.587214380303133665e-01
3.577331125729657502e-01
3.566830724360675609e-01
3.555763771172580912e-01
3.542018709778771979e-01
3.527623839166189601e-01
3.512648029781993975e-01
3.497154851268050035e-01
3.478751499162541783e-01
3.459819694868332962e-01
3.440431648039096735e-01
3.420652008010878209e-01
3.399556080987703455e-01
3.378152773909778306e-01
3.356494493110119270e-01
3.334627491551325762e-01
3.285606235519029084e-01
3.236140925977178950e-01
3.186520401542952685e-01
3.136967126070552836e-01
3.087644139406526822e-01
3.054315937272946146e-01
3.021185245205129100e-01
2.988277886698886832e-01
2.955614239530448550e-01
2.933065921561154310e-01
2.910647845112744325e-01
2.888363621079123034e-01
2.818122126404720151e-01
2.749360291311616633e-01
2.682117582511504006e-01
2.616408045737757537e-01
2.567015279747655310e-01
2.518520709910819222e-01
2.470916250271752157e-01
2.448518844154584928e-01
2.426319948266442705e-01
2.404318275545193617e-01
2.377534891323103416e-01
2.351045190652273909e-01
2.324846161531055888e-01
2.264926061069475194e-01
2.206535742495848995e-01
2.149640219844001499e-01
2.117202727231496384e-01
2.085252187267221113e-01
2.053781458370345647e-01
2.022783507352078347e-01
2.007758048457673750e-01
1.992843905071070565e-01
1.978040132079056657e-01
1.963467748033862481e-01
1.949002303671237002e-01
1.934643001665981854e-01
1.850546478271348216e-01
1.770096389501963630e-01
1.750535058024288437e-01
1.731189645452601567e-01
1.712057849936211296e-01
1.693137066405945856e-01
1.680565460632638120e-01
1.668086946125668935e-01
1.655701086734668037e-01
1.643527796667452190e-01
1.631443881208750890e-01
1.619448680055519396e-01
1.573152670294463706e-01
1.528178290329491873e-01
1.484488384711508679e-01
1.375495718516012156e-01
1.349522298675747134e-01
1.324039743023249227e-01
1.299038711333030116e-01
1.292862671424732102e-01
1.286716041201478866e-01
1.280598683134838711e-01
1.274510460400319900e-01
1.265088475386029476e-01
1.255736285911743799e-01
1.246453374934364949e-01
1.237261177550573049e-01
1.228136892435570671e-01
1.219080021348947496e-01
1.132111869144919319e-01
1.111359285602005059e-01
1.090988098966683278e-01
1.070991355530158951e-01
1.051362173165211744e-01
1.043568036724148024e-01
1.035831859507819475e-01
1.028153214340360166e-01
1.020565864254300292e-01
1.013034694937954283e-01
1.005559295302643347e-01
9.851859205199636760e-02
9.652269229229461234e-02
9.456735967127638531e-02
9.253794540543421043e-02
9.055227206525882921e-02
8.860941199210017882e-02
8.484838960663169949e-02
8.124781250716736625e-02
7.780083997745852742e-02
7.450096068031469843e-02
6.836342898042693794e-02
6.273505516885501121e-02
5.757371547275919044e-02
5.284075832386286170e-02
4.850061111028269867e-02
4.343775096388311635e-02
3.890962643543440652e-02
3.485990466900865808e-02
3.123812288772364471e-02
2.799908852056284814e-02
2.499615568494302498e-02
2.232226139623250116e-02
1.994138776273403704e-02
1.782144447376424537e-02
1.593384261592514436e-02
1.425312287384038028e-02
1.275661738155980940e-02
1.142414129609209406e-02
1.023771815517795884e-02
9.181338793788891214e-03
8.240748070305396050e-03
7.403253629319830886e-03
6.657554144132051335e-03
5.993586340189701461e-03
5.402389508684073659e-03
4.875985165564951720e-03
4.407269587340206102e-03
3.989917795861780934e-03
3.618298082442334470e-03
3.287396075080099844e-03
2.992747176205094381e-03
2.730376318679521644e-03
2.496744260906030681e-03
2.288699788584087728e-03
2.103437193589704265e-03
1.938458413725348793e-03
1.791539301953574319e-03
1.660699586022343138e-03
1.544176128472531627e-03
1.440399123113953687e-03
1.347970899010206324e-03
1.265647045431280218e-03
1.192319606212626166e-03
1.127002117607973919e-03
1.068816286775737482e-03
1.016980130707687089e-03
9.707974156406847617e-04
9.296482543277009760e-04
8.929807341763185136e-04
8.603034634244062506e-04
8.311789348009370870e-04
8.052176168701530475e-04
7.820726931387351859e-04
7.614353780027546164e-04
7.430307464107656530e-04
7.266140208732483263e-04
7.119672655743820204e-04
6.988964429513647809e-04
6.872287930579927713e-04
6.768105003284240022e-04
6.675046161904200567e-04
6.591892094595930285e-04
6.517557195561045433e-04
6.451074903142187122e-04
6.391584645724929107e-04
6.338320219062649682e-04
6.290599438100268320e-04
6.247814923587869133e-04
6.209425899028372768e-04
6.174950887139113486e-04
6.143961207196585710e-04
6.116075185459198676e-04
6.090953000470158063e-04
6.068292093610041463e-04
6.047823082916182515e-04
6.029306124988442891e-04
6.012527675844807134e-04
5.997297606974437466e-04
5.983446637637654169e-04
5.970824048736436988e-04
5.959295647379406896e-04
5.948741954648867998e-04
5.939056592093521847e-04
5.930144845155873711e-04
5.921922384132438568e-04
5.914314125391341567e-04
5.907253217466648535e-04
5.900680138335906476e-04
5.894541891689000519e-04
5.888791291332901587e-04
5.883386324067354763e-04
5.878289582426535036e-04
5.873467759625406251e-04
5.868891199889513357e-04
5.864533498094820713e-04
5.860371143310403761e-04
5.856383201429672366e-04
5.852551032603781327e-04
5.848858039660812577e-04
5.845289444112897973e-04
5.841832086726033400e-04
5.838474249959110449e-04
5.835205499873963612e-04
5.832016545381316910e-04
5.828899112921586594e-04
5.825845834887973494e-04
5.822850150284891810e-04
5.819906216280047164e-04
5.817008829455534670e-04
5.814153355694424074e-04
5.811335667755863780e-04
5.808552089695579335e-04
5.805799347381127712e-04
5.803074524433556340e-04
5.800375023000435082e-04
5.797698528862486574e-04
5.795042979310118924e-04
5.792406536218994064e-04
5.789787563675299811e-04
5.787184604710446335e-04
5.784596361174661281e-04
5.782021676048880758e-04
5.779459515068859337e-04
5.776908954565968457e-04
5.774369172563929842e-04
5.771839437980191140e-04
5.769319098699935127e-04
5.766807571617887668e-04
5.764304335903598598e-04
5.761808927323299303e-04
5.759320931775504474e-04
5.756839979854566549e-04
5.754365743225218566e-04
5.751897925517462755e-04
5.749436259581238362e-04
5.746980487996846765e-04
5.744530389612614602e-04
5.742085799449346203e-04
5.739646556859523061e-04
5.737212511176910043e-04
5.734783524878523699e-04
5.732359473618194815e-04
5.729940245291402848e-04
5.727525738868140953e-04
5.725115863238054194e-04
5.722710536142425588e-04
5.720309683209806465e-04
5.717913237093006718e-04
5.715521136699485815e-04
5.713133326505918019e-04
5.710749764020618246e-04
5.708370403744150029e-04
5.705995192892302989e-04
5.703624090616986157e-04
5.701257059572522852e-04
5.698894066604100628e-04
5.696535085317378129e-04
5.694180089281204249e-04
5.691829052886556708e-04
5.689481951887826730e-04
5.687138767148312542e-04
5.684799477673961295e-04
5.682464058679096005e-04
5.680132490018005402e-04
5.677804752417640616e-04
5.675480828212372490e-04
5.673160702863213603e-04
5.670844361456157511e-04
5.668531789159016003e-04
5.666222971520300028e-04
5.663917896814375016e-04
5.661616551869587529e-04
5.659318920856761491e-04
5.657024990304010533e-04
5.654734746802658361e-04
5.652448177734453261e-04
5.650165272442052170e-04
5.647886019797670196e-04
5.645610408529100213e-04
5.643338427439235612e-04
5.641070067280474793e-04
5.638805317512322413e-04
5.636544165332877006e-04
5.634286599558860961e-04
5.632032608823409796e-04
5.629782182286751507e-04
5.627535310677945959e-04
5.625291984235891718e-04
5.623052192989258383e-04
5.620815926947640099e-04
5.618583177796410751e-04
5.616353935999838761e-04
5.614128189925276157e-04
5.611905929302892166e-04
5.609687143607992605e-04
5.607471822752761476e-04
5.605259958068527530e-04
5.603051540400079454e-04
5.600846560366133523e-04
5.598645008538128288e-04
5.596446877047406851e-04
5.594252156849914646e-04
5.592060836895671296e-04
5.589872907393194940e-04
5.587688358279514073e-04
5.585507179892608160e-04
5.583329363916374405e-04
5.581154901558805972e-04
5.578983783801437632e-04
5.576816001570906664e-04
5.574651547288026225e-04
5.572490412235109368e-04
5.570332585755444037e-04
5.568178058394522741e-04
5.566026820426609638e-04
5.563878862508159912e-04
5.561734176592967715e-04
5.559592754171461962e-04
5.557454586511943479e-04
5.555319664826562261e-04
5.553187981772442000e-04
5.551059528901696209e-04
5.548934295885704334e-04
5.546812273557397144e-04
5.544693452483887225e-04
5.542577823601287784e-04
5.540465379102891066e-04
5.538356110731515241e-04
5.536250010013503420e-04
5.534147068419773214e-04
5.532047278822975781e-04
5.529950633022558256e-04
5.527857120991752811e-04
5.525766733830267917e-04
5.523679462378815663e-04
5.521595297835894854e-04
5.519514232620369252e-04
5.517436258713352736e-04
5.515361367885445072e-04
5.513289551853121570e-04
5.511220803694012651e-04
5.509155115443220042e-04
5.507092477361934593e-04
5.505032880805105482e-04
5.502976316875842324e-04
5.500922777024611424e-04
5.498872253887183113e-04
5.496824739674007138e-04
5.494780226390947545e-04
5.492738705991195673e-04
5.490700171750139335e-04
5.488664615930337201e-04
5.486632029071058462e-04
5.484602402773978763e-04
5.482575728396029205e-04
5.480551997631535931e-04
5.478531203326271644e-04
5.476513337912793577e-04
5.474498393624869412e-04
5.472486362645067551e-04
5.470477238440434563e-04
5.468471013494047165e-04
5.466467678614765754e-04
5.464467225643559155e-04
5.462469646183579696e-04
5.460474932165752457e-04
5.458483076639630274e-04
5.456494072253307605e-04
5.454507911461740216e-04
5.452524586670130921e-04
5.450544091531569959e-04
5.448566418743188084e-04
5.446591559375575349e-04
5.444619505502018000e-04
5.442650248964746871e-04
5.440683781924421890e-04
5.438720097628472550e-04
5.436759188934298537e-04
5.434801048511653417e-04
5.432845668981946177e-04
5.430893044178946097e-04
5.428943167007667771e-04
5.426996028792890284e-04
5.425051621833525605e-04
5.423109938204012485e-04
5.421170970288139660e-04
5.419234711525535309e-04
5.417301154976890279e-04
5.415370293520588990e-04
5.413442119988039550e-04
5.411516628388506707e-04
5.409593811828929035e-04
5.407673661880976887e-04
5.405756171062728278e-04
5.403841331674165286e-04
5.401929136315816249e-04
5.400019578613999205e-04
5.398112651826869656e-04
5.396208349035465672e-04
5.394306663275183662e-04
5.392407588725752062e-04
5.390511118690248125e-04
5.388617244980169890e-04
5.386725960326479556e-04
5.384837257248248268e-04
5.382951128556536912e-04
5.381067568059001759e-04
5.379186569205619698e-04
5.377308125274274375e-04
5.375432229498510990e-04
5.373558876223643839e-04
5.371688058943279191e-04
5.369819769701863511e-04
5.367954001437157553e-04
5.366090746881049421e-04
5.364229999049105468e-04
5.362371751925134461e-04
5.360515999145434515e-04
5.358662734179111100e-04
5.356811950452180235e-04
5.354963642470805200e-04
5.353117803913662320e-04
5.351274427051489488e-04
5.349433505022921928e-04
5.347595030766569323e-04
5.345758997496657472e-04
5.343925399368099592e-04
5.342094230198190510e-04
5.340265483641774705e-04
5.338439153311836695e-04
5.336615233870785216e-04
5.334793719177068159e-04
5.332974601721239983e-04
5.331157874837058695e-04
5.329343531663946650e-04
5.327531565609090530e-04
5.325721970993623671e-04
5.323914741810648618e-04
5.322109871895440610e-04
5.320307355042598867e-04
5.318507186066298749e-04
5.316709358999627093e-04
5.314913866546653546e-04
5.313120702230680675e-04
5.311329859386192901e-04
5.309541331607820283e-04
5.307755113378154459e-04
5.305971198861078250e-04
5.304189582067128173e-04
5.302410256967323744e-04
5.300633218523270133e-04
5.298858460937683028e-04
5.297085977122045373e-04
5.295315760783777864e-04
5.293547805446841177e-04
5.291782104887949537e-04
5.290018653746532016e-04
5.288257446352357619e-04
5.286498476886216215e-04
5.284741739490495232e-04
5.282987229270011019e-04
5.281234940592250890e-04
5.279484866570181584e-04
5.277737001090064030e-04
5.275991337859921738e-04
5.274247870833338086e-04
5.272506594802085561e-04
5.270767504257082474e-04
5.269030593544494221e-04
5.267295856973172293e-04
5.265563289787043768e-04
5.263832886513659980e-04
5.262104640461694833e-04
5.260378545691142896e-04
5.258654596088814786e-04
5.256932785780099810e-04
5.255213109704760799e-04
5.253495562510251005e-04
5.251780138703378807e-04
5.250066832754694693e-04
5.248355640043257447e-04
5.246646555252099499e-04
5.244939571880003100e-04
5.243234684155723222e-04
5.241531886139741241e-04
5.239831172124340955e-04
5.238132537193036309e-04
5.236435976145333406e-04
5.234741483644089841e-04
5.233049054316926641e-04
5.231358683674168031e-04
5.229670366549877972e-04
5.227984096627507618e-04
5.226299868299740057e-04
5.224617675795760691e-04
5.222937513569969733e-04
5.221259376845517695e-04
5.219583260569615876e-04
5.217909159556700927e-04
5.216237068586973644e-04
5.214566983298265851e-04
5.212898898671349240e-04
5.211232808569062720e-04
5.209568707543323985e-04
5.207906589987195594e-04
5.206246450512553789e-04
5.204588284478192531e-04
5.202932086974799931e-04
5.201277852964053799e-04
5.199625577374371874e-04
5.197975255967437645e-04
5.196326883866541181e-04
5.194680455108765691e-04
5.193035964400715245e-04
5.191393406294636048e-04
5.189752775555375513e-04
5.188114067673488521e-04
5.186477277879034120e-04
5.184842401276720239e-04
5.183209432938934739e-04
5.181578368747677193e-04
5.179949203964667520e-04
5.178321932796258907e-04
5.176696550099305245e-04
5.175073050580688162e-04
5.173451429153843890e-04
5.171831681437322800e-04
5.170213802796560674e-04
5.168597788475208120e-04
5.166983633685500983e-04
5.165371334426310411e-04
5.163760886093829916e-04
5.162152283058833030e-04
5.160545520324130025e-04
5.158940592746806813e-04
5.157337495384642714e-04
5.155736223980514647e-04
5.154136774031369949e-04
5.152539140915816376e-04
5.150943319981943561e-04
5.149349307342146204e-04
5.147757098523244668e-04
5.146166688055728473e-04
5.144578071084186842e-04
5.142991242611611108e-04
5.141406197835993955e-04
5.139822932620984833e-04
5.138241442591273949e-04
5.136661723256569700e-04
5.135083770096923218e-04
5.133507579335009913e-04
5.131933146624534326e-04
5.130360466651132057e-04
5.128789534697115278e-04
5.127220345907211986e-04
5.125652895615609092e-04
5.124087179803272140e-04
5.122523194218982613e-04
5.120960934499798212e-04
5.119400396253954207e-04
5.117841575811248435e-04
5.116284468948645130e-04
5.114729070502486161e-04
5.113175375888862322e-04
5.111623380390180110e-04
5.110073079472930539e-04
5.108524469232034225e-04
5.106977545536815332e-04
5.105432304148033607e-04
5.103888740798446025e-04
5.102346851921906725e-04
5.100806633415108388e-04
5.099268080260787282e-04
5.097731188004989925e-04
5.096195952063860236e-04
5.094662368032405134e-04
5.093130432689715837e-04
5.093040140129295170e-04
