0.000000000000000000e+00
2.149466680079395451e-10
7.626629139028636071e-10
2.681884279354250998e-09
6.858238870800691620e-09
1.445280328872088507e-08
5.067700158491235626e-07
2.519088290045126770e-06
7.023521107377950529e-06
1.490897619147954308e-05
4.496591768825955107e-05
9.860056512372006169e-05
1.807282243661207971e-04
2.953200308063574767e-04
4.455580371844157354e-04
8.536411724137707956e-04
1.420881021015407003e-03
1.991576104631189240e-03
2.668487091156569908e-03
3.450772645829020425e-03
4.336743564482527236e-03
5.323933868646575120e-03
6.409221171218315236e-03
8.037150282018762359e-03
9.830478944366260671e-03
1.177901034194888882e-02
1.387237781994504413e-02
1.610026451686689952e-02
1.845255849001551166e-02
2.134858710336800733e-02
2.438643300191857891e-02
2.755190382599818216e-02
3.083164918902093349e-02
3.421315944813321103e-02
3.843496850307186880e-02
4.277015898014509265e-02
4.720120663117661347e-02
5.171199549789530503e-02
5.628790486568248375e-02
6.196635001555942518e-02
6.770077116544369333e-02
7.347170021627784375e-02
7.926192407657499384e-02
8.959419378122153443e-02
9.986767897326306875e-02
1.100250437543220244e-01
1.200216676812893152e-01
1.298223307854474984e-01
1.419047786536928868e-01
1.535924849545063919e-01
1.648603055868324563e-01
1.756933532145688592e-01
1.860846044156971579e-01
1.905414884765896377e-01
1.949117525018868036e-01
1.991958270662212149e-01
2.033941763695339966e-01
2.076652317586921981e-01
2.118452247816615397e-01
2.159350421802203046e-01
2.249171761455288909e-01
2.334499489719955301e-01
2.415468086194729191e-01
2.492232668485099278e-01
2.594714720820300857e-01
2.689416540264501498e-01
2.776786023518350022e-01
2.857260253707678554e-01
2.943300695582518611e-01
3.021109447900738321e-01
3.039347211409541560e-01
3.057117567369115885e-01
3.074429856987928034e-01
3.091292789724694456e-01
3.107714347633030449e-01
3.123867141061947295e-01
3.139587189153648095e-01
3.154883334820814955e-01
3.169763133089964491e-01
3.184754375571861029e-01
3.199316255757629346e-01
3.213458006395784605e-01
3.262878703906716971e-01
3.306939546162724342e-01
3.346029104742158644e-01
3.380536487491995201e-01
3.427461078086149193e-01
3.437619640198099624e-01
3.447187740258237376e-01
3.456181907773244744e-01
3.464621543281919958e-01
3.472526442800674684e-01
3.477279610379601649e-01
3.481827080973823318e-01
3.486173190989011461e-01
3.490321813850976729e-01
3.494334399415168213e-01
3.498151776017120462e-01
3.501778099182784043e-01
3.516116083711320894e-01
3.526846848988839933e-01
3.534298612618611002e-01
3.538762642448813334e-01
3.539447776974927184e-01
3.539968758939562310e-01
3.540329012099598938e-01
3.540532301380119318e-01
3.540584411603106552e-01
3.540519951909967267e-01
3.540341177374713433e-01
3.539630452206138367e-01
3.538472608314452428e-01
3.536886718594195456e-01
3.530294985040239863e-01
3.528190002125295988e-01
3.525912737185328827e-01
3.523468865009222739e-01
3.522832529598872164e-01
3.522186224579145764e-01
3.521530038618617131e-01
3.521364447901882411e-01
3.521198225848831687e-01
3.521191257849382028e-01
3.521184288777523541e-01
3.521170346606264379e-01
3.521156400763841843e-01
3.521142450835958448e-01
3.521139660336334853e-01
3.521136869616300347e-01
3.521134078729846184e-01
3.521133187962990907e-01
3.521132297181610582e-01
3.521130515566496810e-01
3.521128733814448131e-01
3.521126951398153571e-01
3.521109125375580517e-01
3.521091292489488822e-01
3.521073448846527842e-01
3.520894241298431204e-01
3.520712985087654512e-01
3.520528789372349143e-01
3.520340862149977101e-01
3.519485085553329951e-01
3.518491985284755152e-01
3.517321391082215420e-01
3.515944092726632775e-01
3.514339607052663350e-01
3.511428267451501828e-01
3.507931602358462797e-01
3.503843371666213180e-01
3.499170834731656354e-01
3.493930208982930496e-01
3.488144255194101095e-01
3.480334554039524186e-01
3.471793746571926187e-01
3.462575033051632500e-01
3.452730962391750147e-01
3.442312400807038264e-01
3.429323923933614293e-01
3.415675673882835883e-01
3.401436986455949607e-01
3.386671964196645845e-01
3.369096611970791022e-01
3.350982233332074900e-01
3.332401583881361984e-01
3.313419803875043423e-01
3.293150703327167306e-01
3.272564753672609905e-01
3.251714584254251639e-01
3.230648640040554298e-01
3.183371651606415886e-01
3.135612999571446013e-01
3.087666097989714142e-01
3.039750559205422475e-01
2.992032866863764684e-01
2.959781221554029229e-01
2.927714146468975431e-01
2.895856852251548208e-01
2.864230357746782030e-01
2.842395131519773743e-01
2.820684431763835209e-01
2.799102353246912811e-01
2.731066049533602547e-01
2.664451080728103549e-01
2.599302895738878627e-01
2.535638220563900536e-01
2.487779283827241394e-01
2.440788099550719181e-01
2.394657273671730313e-01
2.372953021792071626e-01
2.351441105519395114e-01
2.330120259892769219e-01
2.304165563539857242e-01
2.278495311788240885e-01
2.253106949066995546e-01
2.195041724119930759e-01
2.138458578043239966e-01
2.083321288191953835e-01
2.051885827378383265e-01
2.020921930489719132e-01
1.990422658691881896e-01
1.960381457803183625e-01
1.945819718305267787e-01
1.931365831482188267e-01
1.917019024579313946e-01
1.902896534138396045e-01
1.888877707713471354e-01
1.874961728299363306e-01
1.793459419728187232e-01
1.715490573716978717e-01
1.696532534887394694e-01
1.677783567036319479e-01
1.659241447635585731e-01
1.640903865221448044e-01
1.628719847333298110e-01
1.616625944021605477e-01
1.604621007246077313e-01
1.592821789739713723e-01
1.581109723806257139e-01
1.569483857411572703e-01
1.524612403576644792e-01
1.481023738510569010e-01
1.438687821256137422e-01
1.333065760824698187e-01
1.307894157691665837e-01
1.283197711459822254e-01
1.258967781094341432e-01
1.252982238793763081e-01
1.247025188795206213e-01
1.241096496364873236e-01
1.235196010552344487e-01
1.226064539671180981e-01
1.217000473978490788e-01
1.208003173217457316e-01
1.199094001609833371e-01
1.190250863918522334e-01
1.181472701575671386e-01
1.097186707778594200e-01
1.077074312806936968e-01
1.057331008068594369e-01
1.037950655482713508e-01
1.018926430554662754e-01
1.011372439792974365e-01
1.003874567774341309e-01
9.964324446169958716e-02
9.890788310746319312e-02
9.817797350765505859e-02
9.745347342981848515e-02
9.547890657500014699e-02
9.354448313109076096e-02
9.164936568674739159e-02
8.968243250850008175e-02
8.775789093426339393e-02
8.587497843497068906e-02
8.223035659293392863e-02
7.874082750326484581e-02
7.540002829039517407e-02
7.220179392214265413e-02
6.625331966038751352e-02
6.079838693216400858e-02
5.579616259524723676e-02
5.120904644845385156e-02
4.700270472745989025e-02
4.209572893690795292e-02
3.770628268330417088e-02
3.378036623188804266e-02
3.026951860771809333e-02
2.712995347460978729e-02
2.421934815714074651e-02
2.162764681170258746e-02
1.931992167936830151e-02
1.726510348998772787e-02
1.543550669556419466e-02
1.380649124541273240e-02
1.235608727937142527e-02
1.106467459521801554e-02
9.914784249251630890e-03
8.890908756041215194e-03
7.979261753974604618e-03
7.167550934355167852e-03
6.444812033302291764e-03
5.801282983792477657e-03
5.228281477889177437e-03
4.718080192679366749e-03
4.263794947779359773e-03
3.859292873490871058e-03
3.499114040051785890e-03
3.178399086100758622e-03
2.892821903382752132e-03
2.638529857168809591e-03
2.412092112677185953e-03
2.210454180909596916e-03
2.030896868008786726e-03
1.870999195966041931e-03
1.728605468893274280e-03
1.601796256325725351e-03
1.488862641470494862e-03
1.388283167568632502e-03
1.298703216225767119e-03
1.218916671946880959e-03
1.147849656783817267e-03
1.084546059749157262e-03
1.028154626416773578e-03
9.779174472144978782e-04
9.331597146460020179e-04
8.932806151108708612e-04
8.577452206774986623e-04
8.260772644627563128e-04
7.978527052922517295e-04
7.726939996420865249e-04
7.502650038609304153e-04
7.302664354341030853e-04
7.124318308282240591e-04
6.965239460922754847e-04
6.823315525285373511e-04
6.696665841442759953e-04
6.583615978757891268e-04
6.482675120926274228e-04
6.392515930122728276e-04
6.311956620020551471e-04
6.239944995382400942e-04
6.175544241703359843e-04
6.117920272686246412e-04
6.066330465045772927e-04
6.020113628809133132e-04
5.978681077587197964e-04
5.941508678023625168e-04
5.908129770999671470e-04
5.878128869070096962e-04
5.851136045064393243e-04
5.826821936047650889e-04
5.804893295128200296e-04
5.785089031029630024e-04
5.767176681954732645e-04
5.750949276127345156e-04
5.736222536605972786e-04
5.722832392610478595e-04
5.710632763749392280e-04
5.699493587225132156e-04
5.689299061374271643e-04
5.679946081818985568e-04
5.671342849107057675e-04
5.663407629035229363e-04
5.656067648913521524e-04
5.649258114863774192e-04
5.642921336879741945e-04
5.637005949831577810e-04
5.631466219893615371e-04
5.626261427028175430e-04
5.621355315185280407e-04
5.616715602792604015e-04
5.612313546924278069e-04
5.608123555262222283e-04
5.604122840609210938e-04
5.600291113287438321e-04
5.596610307268219458e-04
5.593064336333824311e-04
5.589638876978218198e-04
5.586321175114566072e-04
5.583099873978856738e-04
5.579964860905361514e-04
5.576907130904420638e-04
5.573918665200080537e-04
5.570992323087083217e-04
5.568121745646640013e-04
5.565301270020569417e-04
5.562525853086002251e-04
5.559791003499764406e-04
5.557092721194675181e-04
5.554427443510566616e-04
5.551791997232485105e-04
5.549183555888292712e-04
5.546599601728941994e-04
5.544037891877918013e-04
5.541496428192678502e-04
5.538973430412662095e-04
5.536467310918804802e-04
5.533976655931160645e-04
5.531500206976574293e-04
5.529036842405659962e-04
5.526585563206986348e-04
5.524145477400873227e-04
5.521715787145951891e-04
5.519295780909135116e-04
5.516884825975254666e-04
5.514482358846040143e-04
5.512087875982804022e-04
5.509700926865978904e-04
5.507321109436989553e-04
5.504948065190716933e-04
5.502581473900772235e-04
5.500221050276981813e-04
5.497866539910621761e-04
5.495517711588461009e-04
5.493174358078185566e-04
5.490836294584817718e-04
5.488503356067752584e-04
5.486175394702685285e-04
5.483852277785902351e-04
5.481533886010646383e-04
5.479220111996976937e-04
5.476910858998318421e-04
5.474606039747471073e-04
5.472305575334863960e-04
5.470009394502603831e-04
5.467717432721369130e-04
5.465429631391381183e-04
5.463145937213378283e-04
5.460866301622083196e-04
5.458590680276088208e-04
5.456319032599528168e-04
5.454051321372364826e-04
5.451787512365345719e-04
5.449527574015101310e-04
5.447271477135014282e-04
5.445019194657810431e-04
5.442770701406388686e-04
5.440525973889748235e-04
5.438284990121276244e-04
5.436047729456945860e-04
5.433814172451221407e-04
5.431584300728774500e-04
5.429358096870231902e-04
5.427135544310455681e-04
5.424916627247948356e-04
5.422701330564187175e-04
5.420489639751792463e-04
5.418281540850561871e-04
5.416077020390500964e-04
5.413876065341092321e-04
5.411678663066125505e-04
5.409484801283446056e-04
5.407294468029145377e-04
5.405107651625627729e-04
5.402924340653190039e-04
5.400744523924712283e-04
5.398568190463098491e-04
5.396395329481190823e-04
5.394225930363879141e-04
5.392059982652153485e-04
5.389897476028910782e-04
5.387738400306292443e-04
5.385582745414410838e-04
5.383430501391303072e-04
5.381281658373976559e-04
5.379136206590428215e-04
5.376994136352522330e-04
5.374855438049662079e-04
5.372720102143111560e-04
5.370588119160968343e-04
5.368459479693662951e-04
5.366334174380722917e-04
5.364212193926488296e-04
5.362093529095433332e-04
5.359978170695182433e-04
5.357866109573878807e-04
5.355757336622707409e-04
5.353651842776193086e-04
5.351549619009958458e-04
5.349450656338102308e-04
5.347354945811338012e-04
5.345262478515799831e-04
5.343173245572058454e-04
5.341087238134099684e-04
5.339004447388387680e-04
5.336924864552958572e-04
5.334848480876656094e-04
5.332775287638433356e-04
5.330705276146748949e-04
5.328638437739012914e-04
5.326574763781067407e-04
5.324514245666737847e-04
5.322456874817403562e-04
5.320402642681633506e-04
5.318351540734829550e-04
5.316303560478922909e-04
5.314258693442074901e-04
5.312216931178425413e-04
5.310178265267840279e-04
5.308142687315693361e-04
5.306110188952661627e-04
5.304080761834528918e-04
5.302054397642010303e-04
5.300031088080588365e-04
5.298010824880357078e-04
5.295993599795873266e-04
5.293979404606024338e-04
5.291968231113897093e-04
5.289960071146655209e-04
5.287954916555421062e-04
5.285952759215167308e-04
5.283953591024622559e-04
5.281957403906151031e-04
5.279964189805643046e-04
5.277973940692438047e-04
5.275986648559249795e-04
5.274002305422063365e-04
5.272020903320050579e-04
5.270042434315468094e-04
5.268066890493599934e-04
5.266094263962675095e-04
5.264124546853784061e-04
5.262157731320797486e-04
5.260193809540298976e-04
5.258232773711502689e-04
5.256274616056187199e-04
5.254319328818621770e-04
5.252366904265500219e-04
5.250417334685858516e-04
5.248470612391017325e-04
5.246526729714509358e-04
5.244585679012008905e-04
5.242647452661274368e-04
5.240712043062070204e-04
5.238779442636093192e-04
5.236849643826918229e-04
5.234922639099935443e-04
5.232998420942289479e-04
5.231076981862801435e-04
5.229158314391907066e-04
5.227242411081596063e-04
5.225329264505353512e-04
5.223418867258092669e-04
5.221511211956084489e-04
5.219606291236905584e-04
5.217704097759366666e-04
5.215804624203455083e-04
5.213907863270275190e-04
5.212013807681981125e-04
5.210122450181721519e-04
5.208233783533570103e-04
5.206347800522473672e-04
5.204464493954183771e-04
5.202583856655207915e-04
5.200705881472735860e-04
5.198830561274574548e-04
5.196957888949099323e-04
5.195087857405195379e-04
5.193220459572203554e-04
5.191355688399845519e-04
5.189493536858169566e-04
5.187633997937493146e-04
5.185777064648349746e-04
5.183922730021427085e-04
5.182070987107500982e-04
5.180221828977382226e-04
5.178375248721862369e-04
5.176531239451646503e-04
5.174689794297303389e-04
5.172850906409207994e-04
5.171014568957477521e-04
5.169180775131919370e-04
5.167349518141972587e-04
5.165520791216650408e-04
5.163694587604490379e-04
5.161870900573490390e-04
5.160049723411039291e-04
5.158231049423881104e-04
5.156414871938052149e-04
5.154601184298832246e-04
5.152789979870677503e-04
5.150981252037167184e-04
5.149174994200950584e-04
5.147371199783692822e-04
5.145569862226022795e-04
5.143770974987469215e-04
5.141974531546411814e-04
5.140180525400020635e-04
5.138388950064212658e-04
5.136599799073582415e-04
5.134813065981364043e-04
5.133028744359365144e-04
5.131246827797918001e-04
5.129467309905824278e-04
5.127690184310304067e-04
5.125915444656942762e-04
5.124143084609637929e-04
5.122373097850533175e-04
5.120605478079972607e-04
5.118840219016462887e-04
5.117077314396607096e-04
5.115316757975054860e-04
5.113558543524444888e-04
5.111802664835360518e-04
5.110049115716273340e-04
5.108297889993499829e-04
5.106548981511134120e-04
5.104802384131008983e-04
5.103058091732637271e-04
5.101316098213162049e-04
5.099576397487312141e-04
5.097838983487340330e-04
5.096103850162983246e-04
5.094370991481399560e-04
5.092640401427133128e-04
5.090912074002045765e-04
5.089186003225289060e-04
5.087462183133232814e-04
5.085740607779422762e-04
5.084021271234525274e-04
5.082304167586292661e-04
5.080589290939504631e-04
5.078876635415921666e-04
5.077166195154228642e-04
5.075457964309988213e-04
5.073751937055602859e-04
5.072048107580254175e-04
5.070346470089859498e-04
5.068647018807015533e-04
5.066949747970960405e-04
5.065254651837519445e-04
5.063561724679058575e-04
5.061870960784436600e-04
5.060182354458956418e-04
5.058495900024316235e-04
5.056811591818569443e-04
5.055129424196066080e-04
5.053449391527418131e-04
5.051771488199442066e-04
5.050095708615110054e-04
5.048422047193504422e-04
5.046750498369782963e-04
5.045081056595123641e-04
5.043413716336680140e-04
5.041748472077527653e-04
5.040085318316626017e-04
5.038424249568773097e-04
5.036765260364555992e-04
5.035108345250307671e-04
5.033453498788053844e-04
5.031800715555476101e-04
5.030149990145863122e-04
5.028501317168066224e-04
5.026854691246450575e-04
5.025210107020857244e-04
5.023567559146554411e-04
5.021927042294188582e-04
5.020288551149747723e-04
5.018652080414516808e-04
5.017017624805027946e-04
5.015385179053010508e-04
5.013754737905356433e-04
5.012126296124073607e-04
5.010499848486253335e-04
5.008875389784006376e-04
5.007252914824433668e-04
5.005632418429572118e-04
5.004013895436367496e-04
5.002397340696615891e-04
5.000782749076927930e-04
4.999170115458684326e-04
4.997559434737988172e-04
4.995950701825630251e-04
4.994343911647043492e-04
4.992739059142257442e-04
4.991136139265860312e-04
4.989535146986954529e-04
4.987936077289114450e-04
4.986338925170347332e-04
4.984743685643051045e-04
4.983150353733967457e-04
4.981558924484142314e-04
4.979969392948880788e-04
4.978381754197714953e-04
4.976796003314362584e-04
4.975212135396681621e-04
4.973630145556621378e-04
4.972050028920195442e-04
4.970471780627435049e-04
4.968895395832350053e-04
4.967320869702885559e-04
4.965748197420879638e-04
4.964177374182031886e-04
4.962608395195851384e-04
4.961041255685626336e-04
4.959475950888380703e-04
4.957912476054830838e-04
4.956350826449355124e-04
4.954790997349941932e-04
4.953232984048162521e-04
4.951676781849122244e-04
4.950122386071426940e-04
4.948569792047138481e-04
4.947018995121742245e-04
4.945469990654107004e-04
4.943922774016438300e-04
4.942377340594249170e-04
4.940833685786317868e-04
4.939291805004648829e-04
4.937751693674435807e-04
4.936213347234027181e-04
4.934676761134878251e-04
4.933141930841518710e-04
4.931608851831508194e-04
4.930077519595411342e-04
4.928547929636757684e-04
4.927020077471996103e-04
4.925493958630459057e-04
4.923969568654328966e-04
4.922446903098600269e-04
4.920925957531044727e-04
4.919406727532168056e-04
4.917889208695175231e-04
4.916373396625934710e-04
4.914859286942942652e-04
4.913346875277283888e-04
4.911836157272597226e-04
4.910327128585039672e-04
4.908819784883247401e-04
4.907314121848299973e-04
4.905810135173691066e-04
4.904307820565282933e-04
4.902807173741279305e-04
4.901308190432175508e-04
4.899810866380732450e-04
4.898315197341946261e-04
4.896821179083009259e-04
4.895328807383266586e-04
4.893838078034191269e-04
4.892348986839341937e-04
4.890861529614333545e-04
4.889375702186800517e-04
4.887891500396359876e-04
4.886408920094575470e-04
4.884927957144928699e-04
4.883448607422777310e-04
4.881970866815327215e-04
4.880494731221593453e-04
4.879020196552368753e-04
4.877547258730188296e-04
4.876075913689295019e-04
4.874606157375608716e-04
4.873137985746690804e-04
4.871671394771711250e-04
4.870206380431404665e-04
4.870120032181127798e-04
