0.000000000000000000e+00
2.090750984882622436e-10
8.080656702454334082e-10
3.088873412946129479e-09
8.303550849935201354e-09
1.790837456941189087e-08
6.531669742773377509e-07
3.239436892586499434e-06
9.022387220001030860e-06
1.914140755095803057e-05
5.768569573261027029e-05
1.263837010926904532e-04
2.314598483811717319e-04
3.779535513768268371e-04
5.698322390386296446e-04
1.090279946225149871e-03
1.812317173344814552e-03
2.537859692628162238e-03
3.396978452572586328e-03
4.388508777444998302e-03
5.509993031699277240e-03
6.757902946066830438e-03
8.127992954213453594e-03
1.017996432724651429e-02
1.243642953639342852e-02
1.488391159159926230e-02
1.750876996907721819e-02
2.029749587363548907e-02
2.323691105439743346e-02
2.684907232642880920e-02
3.063058193952997860e-02
3.456312345699640715e-02
3.862951852527444357e-02
4.281373626375725716e-02
4.802618240440704317e-02
5.336563505160276527e-02
5.880971291311805349e-02
6.433808695678536194e-02
6.993235016441255725e-02
7.685523636997551589e-02
8.382475624140715842e-02
9.081675738262902364e-02
9.781000230387028316e-02
1.102331933331337083e-01
1.225144602259719828e-01
1.345858500545340231e-01
1.463944234851601023e-01
1.579006701057604489e-01
1.719856691939365967e-01
1.855007482697560717e-01
1.984229283545001499e-01
2.107417294200860935e-01
2.224564048958017903e-01
2.274490310782786573e-01
2.323253752849268050e-01
2.370865906765346476e-01
2.417338506573140922e-01
2.464420914899000115e-01
2.510302457677328070e-01
2.554999712004540902e-01
2.652470846652582592e-01
2.744129327106387684e-01
2.830212309808426974e-01
2.910960845074696546e-01
3.017341587976934969e-01
3.114065090034217054e-01
3.201803998714030097e-01
3.281201240390764773e-01
3.364388994161763291e-01
3.437881501542547347e-01
3.454840030632241876e-01
3.471258222389795867e-01
3.487148462768260848e-01
3.502522686815096598e-01
3.517392693367028533e-01
3.531916928038972281e-01
3.545949906664973561e-01
3.559503927033368931e-01
3.572589141815643576e-01
3.585668043661958682e-01
3.598264383891903728e-01
3.610390795051870994e-01
3.651882392862179638e-01
3.687513881505996016e-01
3.717800177906870895e-01
3.743216226052377138e-01
3.775071862182005078e-01
3.781418627593762793e-01
3.787166640647637306e-01
3.792337825990676481e-01
3.796953590283417279e-01
3.801035060732535498e-01
3.803360532954287998e-01
3.805483315885386242e-01
3.807408393308535643e-01
3.809140233532454789e-01
3.810704983743314900e-01
3.812078984530493653e-01
3.813267454918631283e-01
3.816485076136200139e-01
3.816293417146101041e-01
3.813062212319480726e-01
3.807126183325874047e-01
3.805255408213078505e-01
3.803238729465891477e-01
3.801080206078044643e-01
3.798783771112220764e-01
3.796644112714777641e-01
3.794402762152909170e-01
3.792062513674657742e-01
3.786981118704773608e-01
3.781519055722559752e-01
3.775694694687365960e-01
3.757572628327979780e-01
3.752667074268796754e-01
3.747622845442645789e-01
3.742445254279999078e-01
3.741130572362113549e-01
3.739807923448249527e-01
3.738477434116592169e-01
3.738143594410300308e-01
3.737809238287768121e-01
3.737795236918274866e-01
3.737781235548782166e-01
3.737753232767707101e-01
3.737725227912898074e-01
3.737697219965286921e-01
3.737691617969950975e-01
3.737686015839354892e-01
3.737680413564575810e-01
3.737678625509772701e-01
3.737676837443061895e-01
3.737673261268312230e-01
3.737669685037915412e-01
3.737666108751007688e-01
3.737630342506782499e-01
3.737594569466213268e-01
3.737558788712277980e-01
3.737200325069945928e-01
3.736839975179875317e-01
3.736476801156936589e-01
3.736109921275687085e-01
3.734501212354606192e-01
3.732759941711965568e-01
3.730846702384096880e-01
3.728732529375352045e-01
3.726397010141063171e-01
3.722384051473848210e-01
3.717800691584352557e-01
3.712640217736483117e-01
3.706910246417748356e-01
3.700626886035036089e-01
3.693812036680859667e-01
3.684757672015512853e-01
3.674991751884145175e-01
3.664566437223049644e-01
3.653533311068069556e-01
3.641942345739961895e-01
3.627588559445632521e-01
3.612595836891684398e-01
3.597032473928472029e-01
3.580961313495664711e-01
3.561903366178069685e-01
3.542327785009688479e-01
3.522306149602049685e-01
3.501902504197068611e-01
3.480161999042482579e-01
3.458123364899052810e-01
3.435838947599182958e-01
3.413355241131898477e-01
3.362991759005380388e-01
3.312218626417294809e-01
3.261317664896791757e-01
3.210508947776169464e-01
3.159958291183552204e-01
3.125812080666607873e-01
3.091873579479854639e-01
3.058168507337398756e-01
3.024716623067308374e-01
3.001626365078347569e-01
2.978671244318473743e-01
2.955854903767147213e-01
2.883940595723309408e-01
2.813551304322081670e-01
2.744723570470688490e-01
2.677469799017949681e-01
2.626916805679953004e-01
2.577282894694433169e-01
2.528559912590260250e-01
2.505636951633727350e-01
2.482917461216938848e-01
2.460400092069108258e-01
2.432989364798378018e-01
2.405878751321356424e-01
2.379066701481526991e-01
2.317743647710327481e-01
2.257989323192888809e-01
2.199766629949288232e-01
2.166571130364351727e-01
2.133874139378323376e-01
2.101667913042991609e-01
2.069945323323681974e-01
2.054568687287821327e-01
2.039305819335864023e-01
2.024155894312586190e-01
2.009242791321821653e-01
1.994439181816078377e-01
1.979743973932256706e-01
1.893679132760654471e-01
1.811353166225124212e-01
1.791337537851015183e-01
1.771542487446264857e-01
1.751965131054986080e-01
1.732602730884162667e-01
1.719737717964734125e-01
1.706968176330214970e-01
1.694293396339729696e-01
1.681836013142727904e-01
1.669470151121568990e-01
1.657195121379567704e-01
1.609819134506070004e-01
1.563796613766406940e-01
1.519089526133499679e-01
1.407559079320132578e-01
1.380980749376332639e-01
1.354906008318771116e-01
1.329325249713188550e-01
1.323006023443869805e-01
1.316716856844886430e-01
1.310457587074990715e-01
1.304228051292935231e-01
1.294587163320173873e-01
1.285017353209025881e-01
1.275518188116834262e-01
1.266111929433000605e-01
1.256775245314414313e-01
1.247507566659067368e-01
1.158514322802135094e-01
1.137278161481420774e-01
1.116429890384820767e-01
1.095966331824260453e-01
1.075877571684938083e-01
1.067901582251293557e-01
1.059985112310359717e-01
1.052126916778597931e-01
1.044361968298987836e-01
1.036654756756701656e-01
1.029005265333697711e-01
1.008157665649914575e-01
9.877342348057550903e-02
9.677262379396495140e-02
9.469603960255518205e-02
9.266421070204020061e-02
9.067617477417268257e-02
8.682777218517699624e-02
8.314354730991042886e-02
7.961651107113255910e-02
7.624004680331358808e-02
6.995992901194379721e-02
6.420049829404549102e-02
5.891888482029954133e-02
5.407565953315521257e-02
4.963449668114014446e-02
4.445388878843681280e-02
3.982046064628831650e-02
3.567652792869144274e-02
3.197047632332387229e-02
2.865611716098093870e-02
2.558345916484313851e-02
2.284760855931313589e-02
2.041156510617857939e-02
1.824246546313190720e-02
1.631106335154058201e-02
1.459133898478180355e-02
1.306009814801640211e-02
1.169669087917955819e-02
1.048270627253605064e-02
9.401774473009162983e-03
8.439331894937182957e-03
7.582416306093054358e-03
6.819452798316809512e-03
6.140111970626240152e-03
5.535210832591093769e-03
4.996593426720822434e-03
4.517004726730643356e-03
4.089977866451914405e-03
3.709737182729734833e-03
3.371150117630242627e-03
3.069654896128527072e-03
2.801188825662487628e-03
2.562131249987012471e-03
2.349256809816676912e-03
2.159693739250006985e-03
1.990885644231550015e-03
1.840557421083425984e-03
1.706685927661892284e-03
1.587466470614839901e-03
1.481288222338822793e-03
1.386718454330772548e-03
1.302485340477237694e-03
1.227457426277301158e-03
1.160625665353899128e-03
1.101090532183079387e-03
1.048051511622834090e-03
1.000796533397853858e-03
9.586917325475838043e-04
9.211724818732758150e-04
8.877357876271378375e-04
8.579338638022494150e-04
8.313683338478182862e-04
8.076844914589463749e-04
7.865662372409456832e-04
7.677322493795148963e-04
7.509322170369207156e-04
7.359428470939620957e-04
7.225656606208560786e-04
7.106241220037788024e-04
6.999609729409136125e-04
6.904360953014836112e-04
6.819246987236005563e-04
6.743156814340631319e-04
6.675101386357968096e-04
6.614200185370774920e-04
6.559669240446716317e-04
6.510810518317786382e-04
6.467002519766820853e-04
6.427691904372140243e-04
6.392386017637940489e-04
6.360646231451565560e-04
6.332082016679270540e-04
6.306345668376464077e-04
6.283127610327047478e-04
6.262152214217720381e-04
6.243174076818187434e-04
6.225974705234862917e-04
6.210359565740561100e-04
6.196155456340328655e-04
6.183208167498395295e-04
6.171380399379317993e-04
6.160549907473575207e-04
6.150607851576445854e-04
6.141457325827144034e-04
6.133012049952149373e-04
6.125195204031882697e-04
6.117938391050123772e-04
6.111180713213214743e-04
6.104867949563194500e-04
6.098951823776885273e-04
6.093389352260747101e-04
6.088142263735911528e-04
6.083176482473490665e-04
6.078461668200069124e-04
6.073970806458717881e-04
6.069679843892470143e-04
6.065567363523839727e-04
6.061614295644326619e-04
6.057803660408749014e-04
6.054120338657586640e-04
6.050550867871709419e-04
6.047083260503414819e-04
6.043706842229916486e-04
6.040412107944486677e-04
6.037190593540109210e-04
6.034034761753772009e-04
6.030937900529458832e-04
6.027894032526995207e-04
6.024897834554459155e-04
6.021944569107864562e-04
6.019030042402812898e-04
6.016150504715616146e-04
6.013302575328444057e-04
6.010483135216470891e-04
6.007689237337784927e-04
6.004918814230999612e-04
6.002169923684753591e-04
5.999440729008102130e-04
5.996729557304703376e-04
5.994034905728809091e-04
5.991355431200712581e-04
5.988689935744848526e-04
5.986037351527604593e-04
5.983396726877645731e-04
5.980767213614905176e-04
5.978148055695126865e-04
5.975538579077472462e-04
5.972938182698745357e-04
5.970346330438619899e-04
5.967762543968907398e-04
5.965186396390247808e-04
5.962617506569706672e-04
5.960055534102168869e-04
5.957500174826831953e-04
5.954951156837657656e-04
5.952408236933332941e-04
5.949871197458381916e-04
5.947339843492252445e-04
5.944814000348124612e-04
5.942293511347238825e-04
5.939778235838457428e-04
5.937268047435989484e-04
5.934762832451266883e-04
5.932262488497579405e-04
5.929766923248443134e-04
5.927276053332730145e-04
5.924789803351541073e-04
5.922308105003371058e-04
5.919830896305649333e-04
5.917358125335035052e-04
5.914889749143710605e-04
5.912425708049065575e-04
5.909965954790198173e-04
5.907510449197668359e-04
5.905059152625267505e-04
5.902612035917514412e-04
5.900169070649838440e-04
5.897730228961870413e-04
5.895295484411775498e-04
5.892864814124449107e-04
5.890438198620717106e-04
5.888015610527033358e-04
5.885597027190230543e-04
5.883182428442121879e-04
5.880771794179923996e-04
5.878365108730069849e-04
5.875962356406632487e-04
5.873563521447050300e-04
5.871168588461186206e-04
5.868777543753647729e-04
5.866390375325380773e-04
5.864007066108900762e-04
5.861627601354228029e-04
5.859251967359999395e-04
5.856880150046369716e-04
5.854512138137354504e-04
5.852147920118979307e-04
5.849787484207640519e-04
5.847430818667479543e-04
5.845077912856284441e-04
5.842728757279334667e-04
5.840383338330101121e-04
5.838041643945190984e-04
5.835703662653559873e-04
5.833369382478426459e-04
5.831038793698856831e-04
5.828711886292141332e-04
5.826388649912675379e-04
5.824069074163179148e-04
5.821753149536218735e-04
5.819440867482879526e-04
5.817132215713208395e-04
5.814827183215246853e-04
5.812525759419347529e-04
5.810227933221434864e-04
5.807933695562827320e-04
5.805643037069624585e-04
5.803355948035204218e-04
5.801072418672112169e-04
5.798792440003485132e-04
5.796516003934854000e-04
5.794243098816514136e-04
5.791973714171260498e-04
5.789707839910019412e-04
5.787445465411055184e-04
5.785186581994098852e-04
5.782931180665759532e-04
5.780679252103457623e-04
5.778430786896525352e-04
5.776185776404950184e-04
5.773944212830732677e-04
5.771706084946662263e-04
5.769471382643054586e-04
5.767240096174298209e-04
5.765012215273103728e-04
5.762787731544066544e-04
5.760566636285435315e-04
5.758348920473792178e-04
5.756134574997146458e-04
5.753923591486949244e-04
5.751715962387920350e-04
5.749511676820980022e-04
5.747310724985991211e-04
5.745113097432473157e-04
5.742918784201800136e-04
5.740727777149458441e-04
5.738540067832636734e-04
5.736355647495440784e-04
5.734174507294988654e-04
5.731996639109019883e-04
5.729822035603890145e-04
5.727650686219237178e-04
5.725482581440804195e-04
5.723317712092762695e-04
5.721156068505192649e-04
5.718997642769223016e-04
5.716842426685970601e-04
5.714690411752202564e-04
5.712541589379876517e-04
5.710395951680542368e-04
5.708253491531422273e-04
5.706114198675689376e-04
5.703978063872159471e-04
5.701845078208028252e-04
5.699715232290352481e-04
5.697588518436640364e-04
5.695464928682580181e-04
5.693344454768114798e-04
5.691227088350707484e-04
5.689112821767318114e-04
5.687001648098633476e-04
5.684893557380765131e-04
5.682788540636344535e-04
5.680686589206897360e-04
5.678587693967439851e-04
5.676491847454598555e-04
5.674399041931169584e-04
5.672309269372618123e-04
5.670222521674239116e-04
5.668138791391423396e-04
5.666058071802065454e-04
5.663980353226249998e-04
5.661905626942410810e-04
5.659833884538765332e-04
5.657765117150274871e-04
5.655699317526163925e-04
5.653636478149620887e-04
5.651576591224656424e-04
5.649519648877395373e-04
5.647465643875247557e-04
5.645414569687532032e-04
5.643366416909989742e-04
5.641321177069401815e-04
5.639278841993494631e-04
5.637239403069639349e-04
5.635202853253490395e-04
5.633169185242242489e-04
5.631138391461856579e-04
5.629110464262609796e-04
5.627085396617806292e-04
5.625063182182678690e-04
5.623043811820670462e-04
5.621027277299760856e-04
5.619013570680296164e-04
5.617002683594794332e-04
5.614994609199414543e-04
5.612989340399207171e-04
5.610986869835702913e-04
5.608987190076906212e-04
5.606990294296104477e-04
5.604996176329106374e-04
5.603004827299379580e-04
5.601016239209184256e-04
5.599030404344815508e-04
5.597047314576916776e-04
5.595066963256402478e-04
5.593089343490222033e-04
5.591114448129304608e-04
5.589142269953138037e-04
5.587172802329265150e-04
5.585206039268900092e-04
5.583241972148091700e-04
5.581280593196665495e-04
5.579321894920398137e-04
5.577365869421234586e-04
5.575412510239273868e-04
5.573461810677580227e-04
5.571513763790488915e-04
5.569568362562915889e-04
5.567625600551102862e-04
5.565685471936639844e-04
5.563747968340926288e-04
5.561813082214843527e-04
5.559880806277366820e-04
5.557951132855122513e-04
5.556024055671972143e-04
5.554099568221492703e-04
5.552177663755595780e-04
5.550258335458743654e-04
5.548341577070474342e-04
5.546427382937886737e-04
5.544515744920706360e-04
5.542606655684536449e-04
5.540700108155454393e-04
5.538796094878337519e-04
5.536894609755551493e-04
5.534995646465728190e-04
5.533099198452698158e-04
5.531205259094771438e-04
5.529313822309531558e-04
5.527424882604843994e-04
5.525538432071939619e-04
5.523654463585004823e-04
5.521772970271286371e-04
5.519893944887663230e-04
5.518017381509905108e-04
5.516143273996395929e-04
5.514271615977403476e-04
5.512402401019523591e-04
5.510535623213296073e-04
5.508671277222749454e-04
5.506809355364000909e-04
5.504949850713844938e-04
5.503092756594940571e-04
5.501238065970105555e-04
5.499385773083545828e-04
5.497535871968258240e-04
5.495688356435602696e-04
5.493843220235082115e-04
5.492000457625237754e-04
5.490160063421797550e-04
5.488322030159320476e-04
5.486486351111416254e-04
5.484653019790564944e-04
5.482822029359628270e-04
5.480993374226421529e-04
5.479167048593565001e-04
5.477343046448328225e-04
5.475521361717881246e-04
5.473701988823964854e-04
5.471884922729659817e-04
5.470070156181718653e-04
5.468257682644937128e-04
5.466447495816173638e-04
5.464639589052614713e-04
5.462833956921012103e-04
5.461030593788738195e-04
5.459229493813947971e-04
5.457430651096395859e-04
5.455634060216346020e-04
5.453839716280019928e-04
5.452047612240286693e-04
5.450257741747656154e-04
5.448470098678096906e-04
5.446684676577550743e-04
5.444901470167156548e-04
5.443120473974334466e-04
5.441341682323227579e-04
5.439565089481230740e-04
5.437790690182601680e-04
5.436018479672604297e-04
5.434248451104330569e-04
5.432480598308680976e-04
5.430714915335612542e-04
5.428951395914426246e-04
5.427190034916224565e-04
5.425430827023891393e-04
5.423673766722812359e-04
5.421918848443231650e-04
5.420166067068984614e-04
5.418415417980398550e-04
5.416666894525060463e-04
5.414920490709105010e-04
5.413176200751493566e-04
5.411434018559635505e-04
5.409693939150306708e-04
5.407955957357416096e-04
5.406220067822967721e-04
5.404486265135390868e-04
5.402754544323828912e-04
5.401024900899805206e-04
5.399297328399831151e-04
5.397571821000264397e-04
5.395848373084234043e-04
5.394126978732159943e-04
5.392407633102328044e-04
5.390690331175339821e-04
5.388975067745342164e-04
5.387261837554429417e-04
5.385550635772884225e-04
5.383841458039674652e-04
5.382134298074835004e-04
5.380429150220065928e-04
5.378726009017970738e-04
5.377024868717032551e-04
5.375325724612993548e-04
5.373628571828951896e-04
5.371933405306845337e-04
5.370240219938030328e-04
5.368549011029895551e-04
5.366859774345206528e-04
5.365172503782264252e-04
5.363487193843388505e-04
5.361803839226087984e-04
5.360122434342101715e-04
5.358442974620692464e-04
5.356765455323380656e-04
5.355089871535662158e-04
5.353416218293888121e-04
5.351744491038627370e-04
5.350074685652898626e-04
5.348406796208175990e-04
5.346740817362792683e-04
5.345076743964735991e-04
5.343414570584326855e-04
5.341754292780530062e-04
5.340095905949326623e-04
5.338439405315665741e-04
5.336784786056737511e-04
5.335132043742483185e-04
5.333481174372738847e-04
5.331832172187184974e-04
5.330185031995716494e-04
5.328539748792488493e-04
5.326896317301863188e-04
5.325254733208798332e-04
5.323614992039887688e-04
5.321977089155540677e-04
5.320341019869763953e-04
5.318706779878164303e-04
5.317074365294049325e-04
5.315443770520500693e-04
5.313814990514628472e-04
5.312188020412580286e-04
5.310562855088350178e-04
5.308939490349284980e-04
5.307317921848851792e-04
5.305698145079047485e-04
5.304080155486772625e-04
5.302463948889711912e-04
5.300849521511396189e-04
5.299236867913629991e-04
5.297625983196531819e-04
5.296016862634170654e-04
5.294409501245898441e-04
5.292803894957942611e-04
5.291200039547018031e-04
5.289597930632939250e-04
5.287997563791707123e-04
5.286398934959584458e-04
5.284802040467171400e-04
5.283206875030454705e-04
5.281613433888466278e-04
5.280021712449258636e-04
5.278431705873376121e-04
5.276843410202528874e-04
5.275256821742666620e-04
5.275163307925171937e-04
