0.000000000000000000e+00
3.519784893980355486e-05
7.039569787960732656e-05
1.407913957592146531e-04
2.111870936388220068e-04
2.815827915184293062e-04
9.855371001337603128e-04
1.688498639849107157e-03
2.391329666776681375e-03
3.093503880965761763e-03
4.529689883633079839e-03
5.962888575230675114e-03
7.393101425859951482e-03
8.820329643568731309e-03
1.024457488257024887e-02
1.303489271290144032e-02
1.581370837565906559e-02
1.802216461186655072e-02
2.022331562783899819e-02
2.241716769142375679e-02
2.460372707046820998e-02
2.678300003281970307e-02
2.895499371953763612e-02
3.189881620834737752e-02
3.482919212094839900e-02
3.774613846205105566e-02
4.064967223636565402e-02
4.353981044860251448e-02
4.641657031931367000e-02
4.976433351110046838e-02
5.309385810045458287e-02
5.640517454915274648e-02
5.969831331897168525e-02
6.297330487168815993e-02
6.692170817176781861e-02
7.084352329269956450e-02
7.473881014496795705e-02
7.860762839299050009e-02
8.245003814616023996e-02
8.712400977773822330e-02
9.175852589205871213e-02
9.635370657271749573e-02
1.009096750307067886e-01
1.089413932335060592e-01
1.168494320842320827e-01
1.246345655628878502e-01
1.322975735681231335e-01
1.398392096347780555e-01
1.492115486583248662e-01
1.583924899746126380e-01
1.673838110735725027e-01
1.761872632759700907e-01
1.848045678997716768e-01
1.885589982454868585e-01
1.922774930046157460e-01
1.959602142110759004e-01
1.996073253816575133e-01
2.033583652110564632e-01
2.070713418771208403e-01
2.107464299811602493e-01
2.189748726831981795e-01
2.270100005254776787e-01
2.348540540144909983e-01
2.425093002305979961e-01
2.531017349801805705e-01
2.633215079248292789e-01
2.731753230905963892e-01
2.826698408821760600e-01
2.933406746383737662e-01
3.035388655779698297e-01
3.060158367109780397e-01
3.084641163114667517e-01
3.108838735511585960e-01
3.132752784936098100e-01
3.156385034166362402e-01
3.179978392052217329e-01
3.203287535149590415e-01
3.226314202574913637e-01
3.249060129219534243e-01
3.272340499041052064e-01
3.295323073883071885e-01
3.318009767866487159e-01
3.400462531933829413e-01
3.478882779650118717e-01
3.553371781884900882e-01
3.624030114011109749e-01
3.730335240007665587e-01
3.755437858408107732e-01
3.779963830577599548e-01
3.803919493597587853e-01
3.827311139836095388e-01
3.850145027130317255e-01
3.864371021420189289e-01
3.878375797080269582e-01
3.892160937831304901e-01
3.905728021095029034e-01
3.919276207178419291e-01
3.932603033092624822e-01
3.945710127211327078e-01
4.003260630197644776e-01
4.056346376548665145e-01
4.105121474941881288e-01
4.149736791209008291e-01
4.160258100836915496e-01
4.170531004457627700e-01
4.180557774225286960e-01
4.190340669634868842e-01
4.198779769050225985e-01
4.207031934584876121e-01
4.215098697776487602e-01
4.231021967735092981e-01
4.246189399888333771e-01
4.260613771958491336e-01
4.297251003773569500e-01
4.305542913979210073e-01
4.313496316636821204e-01
4.321115389425074227e-01
4.322968406292496124e-01
4.324800851623200049e-01
4.326608745077148988e-01
4.327058134927359023e-01
4.327506532351783619e-01
4.327525259575136785e-01
4.327543986798489950e-01
4.327581441245195726e-01
4.327618893737836814e-01
4.327656338425537319e-01
4.327663826459259844e-01
4.327671314341205444e-01
4.327678801867043124e-01
4.327681191517667725e-01
4.327682758381269368e-01
4.327679338195095649e-01
4.327667126251446561e-01
4.327646122550322660e-01
4.327379465825472171e-01
4.327112739070119174e-01
4.326846012314765622e-01
4.324179524178842771e-01
4.321514568276796364e-01
4.318851257279021083e-01
4.316189591185515817e-01
4.304964679703822683e-01
4.293769010853404344e-01
4.282602522614045171e-01
4.271465136214977476e-01
4.260356771897462203e-01
4.243488690335139313e-01
4.226687504148121666e-01
4.209952931294820844e-01
4.193284699939485716e-01
4.176682577297082810e-01
4.160146303902647058e-01
4.139937194875636939e-01
4.119826425370602951e-01
4.099813512896646195e-01
4.079897994240325176e-01
4.060079394813699283e-01
4.036779778654526196e-01
4.013614101628864006e-01
3.990581607935150266e-01
3.967681534054373627e-01
3.941478694155755025e-01
3.915449214042395765e-01
3.889591981725180059e-01
3.863905849552261018e-01
3.837157064964143993e-01
3.810593810300945683e-01
3.784214790438830134e-01
3.758018720767912213e-01
3.700579940973558468e-01
3.644020681990994270e-01
3.588327492890380777e-01
3.533487176883955416e-01
3.479486584873646149e-01
3.443256055580853348e-01
3.407403460673059659e-01
3.371924874510299763e-01
3.336816420942538830e-01
3.312632613192008635e-01
3.288624460348744671e-01
3.264790703511513681e-01
3.189817863108768692e-01
3.116571166580261454e-01
3.045010103713243210e-01
2.975095881903135342e-01
2.922528712389344530e-01
2.870892715396735073e-01
2.820171464079195278e-01
2.796294817692446810e-01
2.772620817001730242e-01
2.749147742765937763e-01
2.720559797796317514e-01
2.692269894552140053e-01
2.664274936098068869e-01
2.600183659649256684e-01
2.537638590331434130e-01
2.476602141581900896e-01
2.441761186298032071e-01
2.407411773790212595e-01
2.373546995202834853e-01
2.340160051759573867e-01
2.323965347301266970e-01
2.307883090362592982e-01
2.291912504546440577e-01
2.276184321515629660e-01
2.260564418743839232e-01
2.245052051228181023e-01
2.154055040490717443e-01
2.066758300012910277e-01
2.045494473644561551e-01
2.024450204252118690e-01
2.003623225523964435e-01
1.983011293276755738e-01
1.969307923509923952e-01
1.955699601353574624e-01
1.942185666184732540e-01
1.928897068620994693e-01
1.915699732724596149e-01
1.902593029162235050e-01
1.851947714762748887e-01
1.802655588643389262e-01
1.754680605273028771e-01
1.634584151792225770e-01
1.605872555291693038e-01
1.577667529541044722e-01
1.549960134803944900e-01
1.543110008191901639e-01
1.536290298003127330e-01
1.529500869072444869e-01
1.522741586822374260e-01
1.512276747195692439e-01
1.501884167582261120e-01
1.491563348898756469e-01
1.481338336165078928e-01
1.471183760695342069e-01
1.461099137287668603e-01
1.363995865209393921e-01
1.340750836610611618e-01
1.317904057838021892e-01
1.295448710426051753e-01
1.273378087812111481e-01
1.264606726525466240e-01
1.255896130144052991e-01
1.247245877540209963e-01
1.238694092582385969e-01
1.230201284942319950e-01
1.221767047575775811e-01
1.198758285024951048e-01
1.176185414121563855e-01
1.154040179585094916e-01
1.131022242017147711e-01
1.108466305648910105e-01
1.086363091615130394e-01
1.043478677292578177e-01
1.002298491386536122e-01
9.627547853724395532e-02
9.247825374950530142e-02
8.538352082020674028e-02
7.883736912066029168e-02
7.279737937962506289e-02
6.722441335479752145e-02
6.208235965826255226e-02
5.604169483167151244e-02
5.059570914834513738e-02
4.568585716665651830e-02
4.125935717304204248e-02
3.726862375025252055e-02
3.353826494890447402e-02
3.018866104694828759e-02
2.718094681458492826e-02
2.448022415747583974e-02
2.205515717474764922e-02
1.987760855110648830e-02
1.792231306391999304e-02
1.616658441678787278e-02
1.459005199782780621e-02
1.317442450813661493e-02
1.190327771767643941e-02
1.076186388579931409e-02
9.736940635010495060e-03
8.816617292297705688e-03
7.990216915039231524e-03
7.248152400500769595e-03
6.581815241350600504e-03
5.983475636361488062e-03
5.446192797228175710e-03
4.963734410740669803e-03
4.530504321788038358e-03
4.141477598058464910e-03
3.792142222955106716e-03
3.478446740158276738e-03
3.196753242324644820e-03
2.943795158425220777e-03
2.716639349905111255e-03
2.512652075845711423e-03
2.329468432204185972e-03
2.164964910516731580e-03
2.017234757449064102e-03
1.884565745919200910e-03
1.765420306635966151e-03
1.658418393338608691e-03
1.562320487446081617e-03
1.476013561230086904e-03
1.398498212283628365e-03
1.328877048540833905e-03
1.266344279157863902e-03
1.210176364177308842e-03
1.159723618589058106e-03
1.114402673680395771e-03
1.073689707824043152e-03
1.037114368236091147e-03
1.004254313169935511e-03
9.747303112121603582e-04
9.482018408156387638e-04
9.243631390082240797e-04
9.029396534276233795e-04
8.836848565131369231e-04
8.663773872631682456e-04
8.508190086349705058e-04
8.368308590159611151e-04
8.242523593561059975e-04
8.129396556387933010e-04
8.027635562988203344e-04
7.936080526075943962e-04
7.853689776553220885e-04
7.779527967439285856e-04
7.712755221768568528e-04
7.652617388198869330e-04
7.598437291039314813e-04
7.549606873402612542e-04
7.505580142301091894e-04
7.465866833830946169e-04
7.430026724946419900e-04
7.397664292191068625e-04
7.368398777009360027e-04
7.341943386610408047e-04
7.318010736287151267e-04
7.296342886466401735e-04
7.276708500621116614e-04
7.258899877706380312e-04
7.242730535410137407e-04
7.228033043158387481e-04
7.214657075727027051e-04
7.202467665690299482e-04
7.191343634408352238e-04
7.181176183311267476e-04
7.171867629102983855e-04
7.163330268181692002e-04
7.155485357075487291e-04
7.148262197040646231e-04
7.141597312180923869e-04
7.135433711533376326e-04
7.129720226542355602e-04
7.124410916219755955e-04
7.119464533076371717e-04
7.114844043615823786e-04
7.110516197816649881e-04
7.106451142597813072e-04
7.102622074774063736e-04
7.099004929466708582e-04
7.095578100347599542e-04
7.092322188464026582e-04
7.089219776724676667e-04
7.086255227424970203e-04
7.083414500457989402e-04
7.080684990097695520e-04
7.078055378457006382e-04
7.075515503917157670e-04
7.073056242998848782e-04
7.070669404301865336e-04
7.068347633280276741e-04
7.066084326746137562e-04
7.063873556107839275e-04
7.061709998450739186e-04
7.059588874658832445e-04
7.057505893858181424e-04
7.055457203536215013e-04
7.053439344757014492e-04
7.051449211952011712e-04
7.049484016818595954e-04
7.047541255907002018e-04
7.045618681518635816e-04
7.043714275577541437e-04
7.041826226171261785e-04
7.039952906488379080e-04
7.038092855907876824e-04
7.036244763020481742e-04
7.034407450384615353e-04
7.032579860839736907e-04
7.030761031199475467e-04
7.028950006900734713e-04
7.027146124709918997e-04
7.025348739972251712e-04
7.023557402818925285e-04
7.021771412046793606e-04
7.019990192212892995e-04
7.018213291241269742e-04
7.016440268171700865e-04
7.014670803141683994e-04
7.012904607233083837e-04
7.011141400531086193e-04
7.009380924660179321e-04
7.007622945240416130e-04
7.005867251044294117e-04
7.004113652183995356e-04
7.002361978118442926e-04
7.000612075737799736e-04
6.998863807600344371e-04
6.997117050334795106e-04
6.995371693201110673e-04
6.993627636796952499e-04
6.991884791896084590e-04
6.990143078405591142e-04
6.988402424429898891e-04
6.986662765430689571e-04
6.984924043472900187e-04
6.983186206547999791e-04
6.981449207966603171e-04
6.979713005813355676e-04
6.977977562457656630e-04
6.976242844114555284e-04
6.974508820450618391e-04
6.972775464230217919e-04
6.971042750998046296e-04
6.969310658794183747e-04
6.967579167898363185e-04
6.965848260600434856e-04
6.964117920994372267e-04
6.962388134793375590e-04
6.960658889163924773e-04
6.958930172576851354e-04
6.957201974673657419e-04
6.955474286146546463e-04
6.953747098630745855e-04
6.952020404607859964e-04
6.950294197319136164e-04
6.948568470687612603e-04
6.946843219248250052e-04
6.945118438085223821e-04
6.943394122775633061e-04
6.941670269338992127e-04
6.939946874251073667e-04
6.938223935142010142e-04
6.936501448308445570e-04
6.934779410729349260e-04
6.933057820035798012e-04
6.931336673903840248e-04
6.929615970633310352e-04
6.927895708677924607e-04
6.926175886531316366e-04
6.924456502793388145e-04
6.922737556205090653e-04
6.921019045910756359e-04
6.919300970570689763e-04
6.917583329080751299e-04
6.915866120563929830e-04
6.914149344149882062e-04
6.912432999195696707e-04
6.910717085110822935e-04
6.909001601314968639e-04
6.907286547262878789e-04
6.905571922458159009e-04
6.903857726558676293e-04
6.902143959026157873e-04
6.900430619407757439e-04
6.898717707334218498e-04
6.897005222430029796e-04
6.895293164412041095e-04
6.893581533014880901e-04
6.891870327973353364e-04
6.890159549033078633e-04
6.888449195957182386e-04
6.886739268578288744e-04
6.885029766630869005e-04
6.883320689883746330e-04
6.881612038140510991e-04
6.879903811194121570e-04
6.878196008883927497e-04
6.876488631055303110e-04
6.874781677550367972e-04
6.873075148213831807e-04
6.871369042897242400e-04
6.869663361492778014e-04
6.867958103827866189e-04
6.866253269746901144e-04
6.864548859112426646e-04
6.862844871774887844e-04
6.861141307615456182e-04
6.859438166517320802e-04
6.857735448359265733e-04
6.856033153019870088e-04
6.854331280380912463e-04
6.852629830354956290e-04
6.850928802801239600e-04
6.849228197590049531e-04
6.847528014604149131e-04
6.845828253713735550e-04
6.844128914814354581e-04
6.842429997802216635e-04
6.840731502568743200e-04
6.839033429004198923e-04
6.837335777000811939e-04
6.835638546478201667e-04
6.833941737306628138e-04
6.832245349365375199e-04
6.830549382544257551e-04
6.828853836720383047e-04
6.827158711794344441e-04
6.825464007666939403e-04
6.823769724234053083e-04
6.822075861390093946e-04
6.820382419031013280e-04
6.818689397078955610e-04
6.816996795408130716e-04
6.815304613901070714e-04
6.813612852450164200e-04
6.811921510935059314e-04
6.810230589258230985e-04
6.808540087322193174e-04
6.806850005024514799e-04
6.805160342261182922e-04
6.803471098929581061e-04
6.801782274952836030e-04
6.800093870206708017e-04
6.798405884575020423e-04
6.796718317951211353e-04
6.795031170215992547e-04
6.793344441272629319e-04
6.791658131024378309e-04
6.789972239369552196e-04
6.788286766204837354e-04
6.786601711428277579e-04
6.784917074963457218e-04
6.783232856686859623e-04
6.781549056482943537e-04
6.779865674245672902e-04
6.778182709856316740e-04
6.776500163218567539e-04
6.774818034236095021e-04
6.773136322807622777e-04
6.771455028830251346e-04
6.769774152202409417e-04
6.768093692847962145e-04
6.766413650643847161e-04
6.764734025474920028e-04
6.763054817235503559e-04
6.761376025807241908e-04
6.759697651094135479e-04
6.758019693000151063e-04
6.756342151424315828e-04
6.754665026264041481e-04
6.752988317418052696e-04
6.751312024810434721e-04
6.749636148318477556e-04
6.747960687827364188e-04
6.746285643231706916e-04
6.744611014413477322e-04
6.742936801276931680e-04
6.741263003726296991e-04
6.739589621660870391e-04
6.737916654978332465e-04
6.736244103577676773e-04
6.734571967383189139e-04
6.732900246272479402e-04
6.731228940131024369e-04
6.729558048853712809e-04
6.727887572322818798e-04
6.726217510442843639e-04
6.724547863118255026e-04
6.722878630248610302e-04
6.721209811731848095e-04
6.719541407467217835e-04
6.717873417379195081e-04
6.716205841345700839e-04
6.714538679252500314e-04
6.712871930994745735e-04
6.711205596455007165e-04
6.709539675538024432e-04
6.707874168148504840e-04
6.706209074186257266e-04
6.704544393549474041e-04
6.702880126137657213e-04
6.701216271875473163e-04
6.699552830641143219e-04
6.697889802320719900e-04
6.696227186809614561e-04
6.694564983990692166e-04
6.692903193768928900e-04
6.691241816049267339e-04
6.689580850731768977e-04
6.687920297714877683e-04
6.686260156898344870e-04
6.684600428207023402e-04
6.682941111519438183e-04
6.681282206721924711e-04
6.679623713710156714e-04
6.677965632367282136e-04
6.676307962598522191e-04
6.674650704309050388e-04
6.672993857399176507e-04
6.671337421767598117e-04
6.669681397314313831e-04
6.668025783964364080e-04
6.666370581596574090e-04
6.664715790097563422e-04
6.663061409363261675e-04
6.661407439277111696e-04
6.659753879744563466e-04
6.658100730671030103e-04
6.656447991957066415e-04
6.654795663501622592e-04
6.653143745204944445e-04
6.651492236992258885e-04
6.649841138742691466e-04
6.648190450343142554e-04
6.646540171689800875e-04
6.644890302666396588e-04
6.643240843178614945e-04
6.641591793132106507e-04
6.639943152427667857e-04
6.638294920964501805e-04
6.636647098643101358e-04
6.634999685388879914e-04
6.633352681081261179e-04
6.631706085607428497e-04
6.630059898863824297e-04
6.628414120734468220e-04
6.626768751125281876e-04
6.625123789942146757e-04
6.623479237086105564e-04
6.621835092456615892e-04
6.620191355954414695e-04
6.618548027505094262e-04
6.616905106988387299e-04
6.615262594291750368e-04
6.613620489311883939e-04
6.611978791933100386e-04
6.610337502061544666e-04
6.608696619603337879e-04
6.607056144459768840e-04
6.605416076530541258e-04
6.603776415716639285e-04
6.602137161943841693e-04
6.600498315092176091e-04
6.598859875049379849e-04
6.597221841712411477e-04
6.595584214965864158e-04
6.593946994716123541e-04
6.592310180869538410e-04
6.590673773327644777e-04
6.589037771990392464e-04
6.587402176759011739e-04
6.585766987559468939e-04
6.584132204272084409e-04
6.582497826784876327e-04
6.580863854995057990e-04
6.579230288787510979e-04
6.577597128068848626e-04
6.575964372745653902e-04
6.574332022719707848e-04
6.572700077891206402e-04
6.571068538161629197e-04
6.569437403457120380e-04
6.567806673658302787e-04
6.566176348653468900e-04
6.564546428340086804e-04
6.562916912603322141e-04
6.561287801350024597e-04
6.559659094487005912e-04
6.558030791916287820e-04
6.556402893538318876e-04
6.554775399254819408e-04
6.553148308992118960e-04
6.551521622631134188e-04
6.549895340060435129e-04
6.548269461177744655e-04
6.546643985868513555e-04
6.545018914039822449e-04
6.543394245598714012e-04
6.541769980447453923e-04
6.540146118486734684e-04
6.538522659618520565e-04
6.536899603769326514e-04
6.535276950820364085e-04
6.533654700660476537e-04
6.532032853187645866e-04
6.530411408287602583e-04
6.528790365867656077e-04
6.527169725835081041e-04
6.525549488092389269e-04
6.523929652540517207e-04
6.522310219081670904e-04
6.520691187642550703e-04
6.519072558104656561e-04
6.517454330357114710e-04
6.515836504298151092e-04
6.514219079813788954e-04
6.512602056811562113e-04
6.510985435198979451e-04
6.509369214878788033e-04
6.507753395752173672e-04
6.506137977721587447e-04
6.504522960713905342e-04
6.502908344610926553e-04
6.501294129302048362e-04
6.499680314685752584e-04
6.498066900648342189e-04
6.496453887097584099e-04
6.494841273941211624e-04
6.493229061082217944e-04
6.491617248422028481e-04
6.490005835863339343e-04
6.488394823333206492e-04
6.486784210713722942e-04
6.485173997894562448e-04
6.483564184774457274e-04
6.481954771239989031e-04
6.480345757199155576e-04
6.478737142559920070e-04
6.477128927225515300e-04
6.475521111097612805e-04
6.473913694079147215e-04
6.472306676097355554e-04
6.470700057034625740e-04
6.469093836780903661e-04
6.467488015235169866e-04
6.465882592284292194e-04
6.464277567836492931e-04
6.462672941799966174e-04
6.461068714078182151e-04
6.459464884573056344e-04
6.457861453187765163e-04
6.456258419849727776e-04
6.454655784441237776e-04
6.454561283437040267e-04
