0.000000000000000000e+00
7.399444917757355060e-06
1.479888983551476433e-05
2.959777967102947445e-05
4.439666950654413036e-05
5.919555934205889469e-05
2.071844576972061585e-04
3.551733560523533681e-04
5.031191103861013068e-04
6.506868224996421087e-04
9.529805405348891739e-04
1.255043808588069288e-03
1.556573742583359935e-03
1.857568972875441862e-03
2.158030151130299265e-03
2.746961917714852916e-03
3.333841157166627517e-03
3.800535184669887739e-03
4.265928587512212052e-03
4.730024589197288389e-03
5.192826417275182502e-03
5.654337286820311156e-03
6.114560412907099791e-03
6.738737969337701972e-03
7.360545206092554069e-03
7.979990223606346286e-03
8.597081122313776635e-03
9.211826002649532719e-03
9.824232965048309077e-03
1.053755923494967620e-02
1.124771126467974044e-02
1.195470201527375209e-02
1.265854444776694579e-02
1.335925125491484698e-02
1.420504289029047781e-02
1.504625046877788343e-02
1.588289519268305458e-02
1.671499826431197683e-02
1.754258088597064266e-02
1.855086840388564182e-02
1.955243483680792205e-02
2.054731923340078620e-02
2.153556064232754058e-02
2.328238658750780496e-02
2.500838234912368049e-02
2.671375973755880928e-02
2.839873115728617364e-02
3.006350901277873508e-02
3.214189827161648139e-02
3.418865855229922396e-02
3.620420196227030346e-02
3.818894061070858548e-02
4.014326701557309474e-02
4.099849799640291337e-02
4.184788304260465136e-02
4.269145591295486764e-02
4.352925012371138686e-02
4.439345628647878989e-02
4.525149974675236192e-02
4.610341724263571084e-02
4.802072270092382078e-02
4.990687520153724854e-02
5.176229217207988648e-02
5.358739154526150766e-02
5.613794693846028971e-02
5.862891017403373123e-02
6.106142821878564331e-02
6.343662215776503521e-02
6.614670058311854228e-02
6.878146864159960516e-02
6.942859691713369752e-02
7.007115296569335627e-02
7.070916316029401960e-02
7.134265372462841870e-02
7.197165073306668881e-02
7.260264694736720537e-02
7.322910877840843602e-02
7.385106265746309295e-02
7.446853486017671053e-02
7.510380619217003895e-02
7.573432023133626345e-02
7.636010625694156229e-02
7.866463505897285102e-02
8.090461322602864047e-02
8.308150239660361258e-02
8.519673121919763004e-02
8.848713571367279596e-02
8.928584561550240162e-02
9.007517607465635734e-02
9.085521418316420961e-02
9.162604622186774905e-02
9.238775766042081616e-02
9.286719431388315571e-02
9.334300222093151744e-02
9.381520281628674685e-02
9.428381742727767745e-02
9.475578049024921401e-02
9.522409449410462745e-02
9.568878148331959321e-02
9.778180510112503832e-02
9.980053107114954247e-02
1.017470143317961012e-01
1.036232545765683744e-01
1.040815681286735572e-01
1.045356433046182726e-01
1.049855098901927158e-01
1.054311974868423346e-01
1.058213704947620071e-01
1.062083269226130333e-01
1.065920868111342318e-01
1.073668884782906646e-01
1.081285784841897607e-01
1.088773234141185153e-01
1.109118795278955932e-01
1.114051917779604467e-01
1.118922371108704156e-01
1.123726379993846003e-01
1.124920469837708964e-01
1.126110871443246481e-01
1.127297561242921187e-01
1.127593665058742728e-01
1.127889530534456342e-01
1.127901904232536112e-01
1.127914277923147551e-01
1.127939024362228093e-01
1.127963769196776572e-01
1.127988512426792989e-01
1.127993460720883440e-01
1.127998409003222458e-01
1.128003357285561337e-01
1.128004936580789680e-01
1.128006515869488940e-01
1.128007256851628060e-01
1.128000840286268874e-01
1.127993885937312868e-01
1.127924344809620033e-01
1.127854807976084034e-01
1.127785275436440221e-01
1.127090186147191725e-01
1.126395525954361071e-01
1.125701294594252805e-01
1.125007491802143961e-01
1.122081552169409413e-01
1.119163234702383186e-01
1.116252519543075028e-01
1.113349386886876707e-01
1.110453816983572456e-01
1.106056884211325253e-01
1.101677390030868370e-01
1.097315265278921981e-01
1.092970441066885429e-01
1.088642848778297589e-01
1.084332420047933038e-01
1.079064610809502278e-01
1.073822436142993497e-01
1.068605771303955121e-01
1.063414492158772651e-01
1.058248475181533671e-01
1.052175078786271589e-01
1.046136598248674360e-01
1.040132832868462670e-01
1.034163583104533157e-01
1.027333418463935027e-01
1.020548443540328504e-01
1.013808359298867534e-01
1.007112868705285907e-01
1.000140377261223013e-01
9.932162455750914720e-02
9.863401382081554702e-02
9.795117220287541393e-02
9.645394177629584842e-02
9.497963973056153253e-02
9.352791504444249449e-02
9.209842197678760889e-02
9.069082004305228928e-02
8.974642366407328820e-02
8.881188138321091663e-02
8.788709039587370986e-02
8.697194895290905059e-02
8.634157119028365579e-02
8.571577201685035008e-02
8.509451817326896261e-02
8.314025669434557675e-02
8.123097249467711722e-02
7.936563038703506323e-02
7.754321900465592499e-02
7.617298306543485165e-02
7.482701693762727757e-02
7.350489073870473955e-02
7.288251039964012412e-02
7.226541298391514490e-02
7.165355364925038439e-02
7.090836866276226114e-02
7.017095323832850395e-02
6.944122635039083613e-02
6.777059857567263590e-02
6.614026803519887365e-02
6.454926324656411196e-02
6.364108459992566524e-02
6.274571977900872399e-02
6.186298793929845968e-02
6.099271075411352022e-02
6.057057249966060070e-02
6.015136458941895692e-02
5.973506667355314020e-02
5.932508715546413319e-02
5.891793005683858275e-02
5.851357594861758549e-02
5.614159469949994707e-02
5.386606661182445632e-02
5.331179202652615995e-02
5.276324019842914409e-02
5.222035204502557121e-02
5.168306908994206583e-02
5.132586869618129682e-02
5.097114576934611008e-02
5.061888312213243951e-02
5.027249423651076327e-02
4.992848425482510066e-02
4.958683683068911691e-02
4.826668700981100874e-02
4.698181254658008454e-02
4.573127132112381893e-02
4.260077387177551439e-02
4.185236229702959943e-02
4.111715522507279619e-02
4.039491964025559989e-02
4.021636062037292625e-02
4.003859445114604787e-02
3.986161760975610174e-02
3.968542658874513185e-02
3.941264455555323898e-02
3.914174609630050039e-02
3.887271820292242247e-02
3.860618763858276320e-02
3.834149312853969704e-02
3.807862202547209612e-02
3.554747703792432434e-02
3.494155990869456108e-02
3.434602378115506061e-02
3.376069091994733651e-02
3.318538650665826123e-02
3.295674760956366495e-02
3.272969264312765303e-02
3.250421062968453234e-02
3.228129532556837933e-02
3.205991735477783239e-02
3.184006610660344849e-02
3.124030764670224572e-02
3.065191136889668447e-02
3.007466208852662901e-02
2.947466447874538126e-02
2.888670964035365898e-02
2.831055570767885762e-02
2.719270817240310167e-02
2.611928397198718180e-02
2.508851713547630494e-02
2.409871277350406765e-02
2.224936286439230596e-02
2.054300908732866610e-02
1.896859421051120750e-02
1.751591624568013539e-02
1.617556220503502118e-02
1.460097173714047791e-02
1.318139353235960216e-02
1.190156682099335200e-02
1.074773323776118984e-02
9.707488911896737169e-03
8.735115301116223863e-03
7.861991309551839488e-03
7.077986117398868925e-03
6.374002999716152883e-03
5.741873772067451406e-03
5.174264010534664754e-03
4.664587946318072935e-03
4.206932047398263298e-03
3.795986400535304901e-03
3.426983097392307959e-03
3.095640909843331515e-03
2.798115612502437982e-03
2.530955376038584916e-03
2.291060713680170662e-03
2.075648516146264434e-03
1.882219757681805397e-03
1.708530498228662308e-03
1.552565723597208736e-03
1.412515963750739841e-03
1.286757127534404830e-03
1.173830502185161783e-03
1.072426234241028072e-03
9.813681888361555205e-04
8.996002807648812534e-04
8.261742246341929148e-04
7.602385310316442163e-04
7.010286258641175005e-04
6.478579785870246200e-04
6.001101359374432127e-04
5.572315688269881620e-04
5.187252493874383715e-04
4.841448836351853048e-04
4.530897328339228295e-04
4.251999634643060773e-04
4.001524718432463053e-04
3.776571349432232549e-04
3.574534439074446377e-04
3.393074811973561134e-04
3.230092062963910724e-04
3.083700184742287965e-04
2.952205683307391419e-04
2.834087944112377686e-04
2.727985198934429522e-04
2.632668776977021793e-04
2.547035598988553104e-04
2.470097475507844779e-04
2.400966939238847976e-04
2.338847080989549178e-04
2.283022337641092496e-04
2.232850182887157170e-04
2.187753672501794233e-04
2.147214750536170693e-04
2.110768238621195674e-04
2.077996184110750006e-04
2.048496260944456871e-04
2.021965409434275842e-04
1.998099953250455113e-04
1.976627331313256187e-04
1.957303093163570310e-04
1.939907763668523484e-04
1.924244289278944633e-04
1.910135748190238639e-04
1.897423293617171670e-04
1.885964307176982103e-04
1.875630740932633916e-04
1.866307628819431847e-04
1.857891750150081616e-04
1.850290429661262555e-04
1.843420460152115433e-04
1.837207135190163686e-04
1.831583380639766306e-04
1.826488974916995196e-04
1.821869848906309446e-04
1.817677457400461818e-04
1.813868214756550652e-04
1.810402988207643175e-04
1.807246642939652130e-04
1.804367633644928925e-04
1.801737637804330758e-04
1.799331226434613994e-04
1.797125568473559353e-04
1.795100165366257140e-04
1.793236612767093116e-04
1.791518386587184330e-04
1.789930650900040370e-04
1.788460085472330999e-04
1.787094730914780608e-04
1.785823849653046618e-04
1.784637801102358654e-04
1.783527929594796839e-04
1.782486463756359767e-04
1.781506426164057740e-04
1.780581552232793070e-04
1.779706217389068104e-04
1.778875371684913282e-04
1.778084481091910050e-04
1.777329474792842376e-04
1.776606697858243813e-04
1.775912868757682588e-04
1.775245041211870182e-04
1.774600569942100768e-04
1.773977079918858573e-04
1.773372438752115695e-04
1.772784731902333946e-04
1.772212240424017940e-04
1.771653420983062687e-04
1.771106887915614291e-04
1.770571397119866856e-04
1.770045831593528669e-04
1.769529188448847501e-04
1.769020553748769874e-04
1.768519022316155948e-04
1.768023964883520707e-04
1.767534770054109258e-04
1.767051010828677262e-04
1.766572021965899964e-04
1.766097257716251064e-04
1.765626289240893293e-04
1.765158698312799474e-04
1.764694181591392396e-04
1.764232465004099155e-04
1.763773283047243034e-04
1.763316390661527286e-04
1.762861565556227399e-04
1.762408607407189951e-04
1.761957336136268806e-04
1.761507590020309837e-04
1.761059223873766787e-04
1.760612107375930462e-04
1.760166123555162595e-04
1.759721167423472770e-04
1.759277144749294265e-04
1.758833970955436994e-04
1.758391570129770912e-04
1.757949874137227579e-04
1.757508821822786329e-04
1.757068358296128257e-04
1.756628434289605296e-04
1.756189005582000859e-04
1.755750032481350766e-04
1.755311479360762957e-04
1.754873314241810634e-04
1.754435508420622649e-04
1.753998036132289862e-04
1.753560874249668626e-04
1.753124002013049885e-04
1.752687400787535598e-04
1.752251053845275920e-04
1.751814946170029562e-04
1.751379064281748013e-04
1.750943396079142334e-04
1.750507930698380718e-04
1.750072658386268279e-04
1.749637570386425333e-04
1.749202658837129541e-04
1.748767916679627905e-04
1.748333337575843933e-04
1.747898915834523949e-04
1.747464646344942471e-04
1.747030524517412579e-04
1.746596546229886246e-04
1.746162707780027996e-04
1.745729005842204334e-04
1.745295437428874487e-04
1.744861999855945546e-04
1.744428690711671847e-04
1.743995507828744634e-04
1.743562449259242913e-04
1.743129513252148193e-04
1.742696698233168020e-04
1.742264002786622482e-04
1.741831425639191753e-04
1.741398965645325704e-04
1.740966621774150003e-04
1.740534393097716069e-04
1.740102278780450429e-04
1.739670278069690719e-04
1.739238390298584026e-04
1.738806615017828028e-04
1.738374951525361158e-04
1.737943399247700912e-04
1.737511957734046597e-04
1.737080626541265000e-04
1.736649405344582004e-04
1.736218293847963253e-04
1.735787291762559941e-04
1.735356398819342750e-04
1.734925614775870248e-04
1.734494939466777754e-04
1.734064372633027683e-04
1.733633914060318533e-04
1.733203563577975467e-04
1.732773321013986558e-04
1.732343186241573879e-04
1.731913159144398470e-04
1.731483239607528124e-04
1.731053427522305185e-04
1.730623722789238652e-04
1.730194125339521534e-04
1.729764635064839592e-04
1.729335251872440415e-04
1.728905975685742738e-04
1.728476806426337332e-04
1.728047744035025673e-04
1.727618788456140755e-04
1.727189939633618214e-04
1.726761197513238997e-04
1.726332562044120410e-04
1.725904033190072328e-04
1.725475610893592463e-04
1.725047295103801644e-04
1.724619085776903798e-04
1.724190982866354125e-04
1.723762986335895277e-04
1.723335096150461175e-04
1.722907312274022155e-04
1.722479634670902543e-04
1.722052063306787884e-04
1.721624598156608712e-04
1.721197239180191001e-04
1.720769986340940486e-04
1.720342839606253042e-04
1.719915798940468174e-04
1.719488864315170027e-04
1.719062035702335770e-04
1.718635313072790877e-04
1.718208696397207681e-04
1.717782185646947793e-04
1.717355780800754617e-04
1.716929481824396367e-04
1.716503288686185608e-04
1.716077201357366045e-04
1.715651219806028254e-04
1.715225344006461464e-04
1.714799573933079046e-04
1.714373909559078980e-04
1.713948350857334257e-04
1.713522897801178653e-04
1.713097550370683991e-04
1.712672308533689581e-04
1.712247172260223738e-04
1.711822141522883795e-04
1.711397216291083594e-04
1.710972396540072428e-04
1.710547682245131841e-04
1.710123073380307931e-04
1.709698569919265428e-04
1.709274171836049614e-04
1.708849879111215867e-04
1.708425691713359458e-04
1.708001609613138622e-04
1.707577632783654847e-04
1.707153761194821792e-04
1.706729994822253312e-04
1.706306333641567055e-04
1.705882777627138987e-04
1.705459326752945004e-04
1.705035980993314720e-04
1.704612740328999212e-04
1.704189604728901391e-04
1.703766574163941873e-04
1.703343648607436272e-04
1.702920828029516717e-04
1.702498112405962402e-04
1.702075501712542764e-04
1.701652995923788809e-04
1.701230595013824697e-04
1.700808298957118281e-04
1.700386107734517941e-04
1.699964021315081633e-04
1.699542039669867392e-04
1.699120162772307116e-04
1.698698390592655988e-04
1.698276723106788072e-04
1.697855160290564689e-04
1.697433702118611172e-04
1.697012348565143296e-04
1.696591099604718089e-04
1.696169955218249526e-04
1.695748915374897478e-04
1.695327980045814305e-04
1.694907149204514575e-04
1.694486422821343461e-04
1.694065800872247667e-04
1.693645283333158988e-04
1.693224870178775400e-04
1.692804561383387215e-04
1.692384356921623290e-04
1.691964256774449100e-04
1.691544260911112334e-04
1.691124369302842063e-04
1.690704581923225766e-04
1.690284898742687762e-04
1.689865319737237910e-04
1.689445844882872245e-04
1.689026474154353794e-04
1.688607207526040361e-04
1.688188044972626669e-04
1.687768986475128336e-04
1.687350032002870573e-04
1.686931181527158072e-04
1.686512435021644450e-04
1.686093792456830190e-04
1.685675253808785327e-04
1.685256819053566337e-04
1.684838488166001571e-04
1.684420261120512261e-04
1.684002137891857365e-04
1.683584118461099938e-04
1.683166202797642440e-04
1.682748390872861662e-04
1.682330682660477356e-04
1.681913078131063192e-04
1.681495577260749645e-04
1.681078180025653368e-04
1.680660886400664510e-04
1.680243696360268269e-04
1.679826609879286762e-04
1.679409626938830203e-04
1.678992747508377761e-04
1.678575971559376700e-04
1.678159299065612637e-04
1.677742729997732155e-04
1.677326264331925902e-04
1.676909902044368536e-04
1.676493643110013088e-04
1.676077487503409541e-04
1.675661435199440994e-04
1.675245486179264556e-04
1.674829640412435559e-04
1.674413897870472825e-04
1.673998258527226212e-04
1.673582722353415212e-04
1.673167289325289023e-04
1.672751959419082745e-04
1.672336732609810939e-04
1.671921608872086200e-04
1.671506588180855053e-04
1.671091670517320415e-04
1.670676855851113782e-04
1.670262144153823909e-04
1.669847535399366246e-04
1.669433029558532657e-04
1.669018626607631699e-04
1.668604326522956478e-04
1.668190129279584438e-04
1.667776034852190515e-04
1.667362043215783035e-04
1.666948154351612619e-04
1.666534368229385303e-04
1.666120684820760313e-04
1.665707104099717882e-04
1.665293626037123056e-04
1.664880250609341856e-04
1.664466977792727019e-04
1.664053807562417247e-04
1.663640739893151171e-04
1.663227774759998647e-04
1.662814912144256374e-04
1.662402152015705740e-04
1.661989494346076174e-04
1.661576939109412959e-04
1.661164486276652159e-04
1.660752135824219967e-04
1.660339887728526853e-04
1.659927741964773590e-04
1.659515698507760338e-04
1.659103757332620107e-04
1.658691918420695675e-04
1.658280181741843241e-04
1.657868547267861892e-04
1.657457014972861693e-04
1.657045584827851080e-04
1.656634256809313705e-04
1.656223030893719673e-04
1.655811907056329928e-04
1.655400885272008871e-04
1.654989965515949412e-04
1.654579147769541492e-04
1.654168432002715849e-04
1.653757818187342045e-04
1.653347306297593569e-04
1.652936896304551227e-04
1.652526588184756950e-04
1.652116381914738843e-04
1.651706277469819925e-04
1.651296274824925851e-04
1.650886373955311875e-04
1.650476574842414017e-04
1.650066877456237281e-04
1.649657281768721160e-04
1.649247787754102570e-04
1.648838395383534687e-04
1.648429104633617446e-04
1.648019915480936960e-04
1.647610827900877772e-04
1.647201841868427340e-04
1.646792957358902986e-04
1.646384174353785726e-04
1.645975492823155645e-04
1.645566912739021895e-04
1.645158434075685361e-04
1.644750056804369692e-04
1.644341780901733912e-04
1.643933606344421595e-04
1.643525533107878273e-04
1.643117561167154557e-04
1.642709690497627401e-04
1.642301921080824983e-04
1.641894252886901115e-04
1.641486685887933795e-04
1.641079220058288147e-04
1.640671855369259648e-04
1.640264591797564785e-04
1.639857429319904595e-04
1.639450367911786139e-04
1.639043407548321284e-04
1.638636548204948785e-04
1.638229789863241814e-04
1.637823132493428178e-04
1.637416576067656079e-04
1.637010120560353254e-04
1.636603765942886736e-04
1.636197512192030747e-04
1.635791359284544870e-04
1.635385307195995526e-04
1.634979355901557195e-04
1.634573505376728806e-04
1.634167755603129608e-04
1.633762106551061948e-04
1.633356558192742062e-04
1.632951110502661382e-04
1.632545763452257959e-04
1.632140517018364017e-04
1.631735371177795520e-04
1.631330325906180957e-04
1.630925381178755255e-04
1.630520536971078870e-04
1.630115793264816316e-04
1.629711150030343397e-04
1.629306607239945192e-04
1.628902164868177376e-04
1.628497822886547928e-04
1.628093581271945723e-04
1.627689440001246085e-04
1.627285399050136592e-04
1.626881458393913970e-04
1.626477618008199120e-04
1.626073877874702634e-04
1.625670237963872957e-04
1.625266698248064830e-04
1.624863258701895454e-04
1.624459919296945181e-04
1.624056680010159263e-04
1.623653540818470486e-04
1.623250501697626874e-04
1.622847562622986410e-04
1.622444723570230167e-04
1.622041984521114004e-04
1.621639345446160361e-04
1.621236806317791473e-04
1.620834367110689049e-04
1.620432027796502017e-04
1.620029788352234177e-04
1.619627648754874965e-04
1.619225608980232576e-04
1.618823669004361323e-04
1.618799968211079429e-04
