0.000000000000000000e+00
1.481056869766640441e-05
2.962113739533273429e-05
5.924227479066546858e-05
8.886341218599827063e-05
1.184845495813310185e-04
4.146959235346584969e-04
7.108341354846348277e-04
1.006435542960559294e-03
1.302036950436483544e-03
1.907102611826587803e-03
2.511050606729567109e-03
3.113878285598620319e-03
3.715587926516474449e-03
4.316180030251040578e-03
5.493247037828248927e-03
6.666013188779101005e-03
7.598466807032988948e-03
8.528196540780854165e-03
9.455208186053569788e-03
1.037950753888201329e-02
1.130110039529705693e-02
1.221999255132957991e-02
1.346603070272569917e-02
1.470709359895201046e-02
1.594319584320689348e-02
1.717435203868871926e-02
1.840057678859587098e-02
1.962188237913629549e-02
2.104411684709317498e-02
2.245965984991873943e-02
2.386853339923150977e-02
2.527075950665000001e-02
2.666636018379273457e-02
2.835042582876693903e-02
3.002481397004247779e-02
3.168956368257623557e-02
3.334471259470091209e-02
3.499029922621157973e-02
3.699441656551401281e-02
3.898429622230845798e-02
4.096000961018681635e-02
4.292162814250148617e-02
4.638673815726616911e-02
4.980759661861083876e-02
5.318460323665434586e-02
5.651815477577836616e-02
5.980863811171367728e-02
6.391210461183007008e-02
6.794800096037027781e-02
7.191711313694719443e-02
7.582022146667044549e-02
7.965810062014641590e-02
8.133583797727403364e-02
8.300101857677530393e-02
8.465370842410431529e-02
8.629397290099807827e-02
8.798477079993734240e-02
8.966230458359286670e-02
9.132664719373348450e-02
9.506782144746592222e-02
9.874182184695379227e-02
1.023494946563485858e-01
1.058916791613513930e-01
1.108303674811323969e-01
1.156400139549727396e-01
1.203229810321330001e-01
1.248816017686064928e-01
1.300649944111942347e-01
1.350846735151394751e-01
1.363144343602915587e-01
1.375342429409254219e-01
1.387441545986409508e-01
1.399442244591099227e-01
1.411345074320762005e-01
1.423272757660747623e-01
1.435101647710457506e-01
1.446832304148131243e-01
1.458465284401561091e-01
1.470419686513771695e-01
1.482270375963714304e-01
1.494017965711644802e-01
1.537153234115099243e-01
1.578879701884372821e-01
1.619228646636059477e-01
1.658230835610399745e-01
1.718469641322082908e-01
1.733007161631385518e-01
1.747339657852219619e-01
1.761469029834557831e-01
1.775397163605485495e-01
1.789125931355122767e-01
1.797749066279140107e-01
1.806292886792808805e-01
1.814757864879855409e-01
1.823144470258315497e-01
1.831576567152010393e-01
1.839928902695864565e-01
1.848201960782755449e-01
1.885278120949391845e-01
1.920730875717746866e-01
1.954605627500958787e-01
1.986946752711927222e-01
1.994797514662484672e-01
2.002555813241733706e-01
2.010222313216251666e-01
2.017797675513703926e-01
2.024412859366818696e-01
2.030957917145067293e-01
2.037433296727373389e-01
2.050458386627514729e-01
2.063197809447438746e-01
2.075655303886026204e-01
2.109158441271464512e-01
2.117200910588754037e-01
2.125108350721907069e-01
2.132882831256916190e-01
2.134808250897658743e-01
2.136725670642150299e-01
2.138635073613360249e-01
2.139111033807850060e-01
2.139586476410962612e-01
2.139606362977156950e-01
2.139626249543351566e-01
2.139666019478118908e-01
2.139705787305839768e-01
2.139745552332142642e-01
2.139753505026411318e-01
2.139761457581359771e-01
2.139769409996988558e-01
2.139771948068143748e-01
2.139774486125107789e-01
2.139770352807828513e-01
2.139757160897370059e-01
2.139743969068373108e-01
2.139612055258714729e-01
2.139480149594741865e-01
2.139348252075941592e-01
2.138029724760801553e-01
2.136712011408731793e-01
2.135395111517412181e-01
2.134079024584349393e-01
2.128528757327714238e-01
2.122992948693004645e-01
2.117471561028016758e-01
2.111964556804606652e-01
2.106471898530130893e-01
2.098131278209456052e-01
2.089823737421175609e-01
2.081549144946167607e-01
2.073307370098700642e-01
2.065098282681377961e-01
2.056921753082887327e-01
2.046929151297798566e-01
2.036985176466560299e-01
2.027089591889561504e-01
2.017242161951682822e-01
2.007442652336625666e-01
1.995921918652326099e-01
1.984467417510043519e-01
1.973078768099669755e-01
1.961755591883161398e-01
1.948799330722056911e-01
1.935928790332402116e-01
1.923143403615019675e-01
1.910442606814383437e-01
1.897216360259535439e-01
1.884081846208592315e-01
1.871038428424038058e-01
1.858085475163602229e-01
1.829684220100914471e-01
1.801717895189498542e-01
1.774179844558016472e-01
1.747063515619305674e-01
1.720362457078334628e-01
1.702448037293002592e-01
1.684720546264531771e-01
1.667178033657253922e-01
1.649818569110439448e-01
1.637860834614759398e-01
1.625989953538105881e-01
1.614205294519016898e-01
1.577134608101428692e-01
1.540917070884525730e-01
1.505533067578868345e-01
1.470963434825508787e-01
1.444971198994215722e-01
1.419439340388032877e-01
1.394359697437629053e-01
1.382553650670766410e-01
1.370847816389612894e-01
1.359241344245924465e-01
1.345105793455146082e-01
1.331117625226399259e-01
1.317275302758743882e-01
1.285584862901025527e-01
1.254658833693990116e-01
1.224478772901958640e-01
1.207251366112735702e-01
1.190267027721939319e-01
1.173522327670020737e-01
1.157013883751043665e-01
1.149006268284799154e-01
1.141054239642235735e-01
1.133157411621934091e-01
1.125380437051669291e-01
1.117656999795025308e-01
1.109986732732504977e-01
1.064992186611810332e-01
1.021827286275378277e-01
1.011313153302965395e-01
1.000907573488615671e-01
9.906094286418462569e-02
9.804176097959299563e-02
9.736418100942600962e-02
9.669130059879579853e-02
9.602308714916989174e-02
9.536601576151554349e-02
9.471345698179095551e-02
9.406537980815968258e-02
9.156116415069555370e-02
8.912386245249531713e-02
8.675168789164820760e-02
8.081339091349767911e-02
7.939371526274592583e-02
7.799908748534546687e-02
7.662906562287416512e-02
7.629035377717093003e-02
7.595314591407205385e-02
7.561743535248036108e-02
7.528321544052259118e-02
7.476577033220310753e-02
7.425189825047726067e-02
7.374157450258679580e-02
7.323598789100355111e-02
7.273388402519065377e-02
7.223523900262683595e-02
6.743386388265033837e-02
6.628448894956685822e-02
6.515480564133599439e-02
6.404447697002214890e-02
6.295317145424886296e-02
6.251946213874971792e-02
6.208875742116496538e-02
6.166103648127792269e-02
6.123818439735369268e-02
6.081824853149862126e-02
6.040120876070395606e-02
5.926351629047077463e-02
5.814737658829010475e-02
5.705238179548968724e-02
5.591423531028019700e-02
5.479893308094865856e-02
5.370601640080315681e-02
5.158555097083279695e-02
4.954935290092904454e-02
4.759407276672882742e-02
4.571649459078008099e-02
4.220842909186785924e-02
3.897161537728868752e-02
3.598507878619944950e-02
3.322946733531745300e-02
3.068692519917858366e-02
2.770005551745617980e-02
2.500723137787290440e-02
2.257950435280269008e-02
2.039077594868635851e-02
1.841751703526529199e-02
1.657300327763196537e-02
1.491675790494470868e-02
1.342956358321391146e-02
1.209416457156416505e-02
1.089506649427605424e-02
9.818356550927458473e-03
8.851542078432634089e-03
7.983405591724628339e-03
7.203874621037444428e-03
6.503904835437530375e-03
5.875375096421972358e-03
5.310993223831890486e-03
4.804211380630524567e-03
4.349150094708542635e-03
3.940530036099314758e-03
3.573610757977240936e-03
3.244135690616870536e-03
2.948282750047122921e-03
2.682619988285356565e-03
2.444065770536293231e-03
2.229853017269679567e-03
2.037497096257630431e-03
1.864766992005109474e-03
1.709659418036409183e-03
1.570375571648094035e-03
1.445300261400882334e-03
1.332983080629684177e-03
1.232121565572553935e-03
1.141546687558664310e-03
1.060208469853392071e-03
9.871640767930688759e-04
9.215669243880501198e-04
8.626568408922204948e-04
8.097512489484766807e-04
7.622372451202781606e-04
7.195644877571057661e-04
6.812388110775009775e-04
6.468164910391144620e-04
6.158990965204807827e-04
5.881288660682609890e-04
5.631845565599552343e-04
5.407777156125266908e-04
5.206493344831653221e-04
5.025668426236169035e-04
4.863214090139603499e-04
4.717255189614656392e-04
4.586112416180304239e-04
4.468270846250397871e-04
4.362370128573769107e-04
4.267191668806993550e-04
4.181641108535945361e-04
4.104735749472098621e-04
4.035593204185475465e-04
3.973421149774226209e-04
3.917508134996920970e-04
3.867215325919736422e-04
3.821969093904901147e-04
3.781254360153938092e-04
3.744608619569921265e-04
3.711616574599140451e-04
3.681905316792542359e-04
3.655140000181601669e-04
3.630997926757756865e-04
3.609235788772839171e-04
3.589610539551896891e-04
3.571903624075604099e-04
3.555919077527285531e-04
3.541480958345799481e-04
3.528431299010319710e-04
3.516628270556964794e-04
3.505944533817528471e-04
3.496265759083085263e-04
3.487489297006974654e-04
3.479522985293592241e-04
3.472284077300470347e-04
3.465698280098549302e-04
3.459698890807949415e-04
3.454226021169027380e-04
3.449225901334284001e-04
3.444650254787589303e-04
3.440455737124088688e-04
3.436603432166544510e-04
3.433058399560380124e-04
3.429789268588182873e-04
3.426767873481691216e-04
3.423968925991728715e-04
3.421369721409669475e-04
3.418949874622889424e-04
3.416691083135819647e-04
3.414576914301693930e-04
3.412592614291526383e-04
3.410724936579556492e-04
3.408961987951297009e-04
3.407293090243990164e-04
3.405708656212201569e-04
3.404200078075466794e-04
3.402759627452337583e-04
3.401380365517569300e-04
3.400056062337982366e-04
3.398781124449298872e-04
3.397550529832002539e-04
3.396359769530323848e-04
3.395204795235654428e-04
3.394081972225039263e-04
3.392988037107665350e-04
3.391920059888121897e-04
3.390875409905434474e-04
3.389851725251895906e-04
3.388846885316188894e-04
3.387858986131608548e-04
3.386886318242809577e-04
3.385927346833767708e-04
3.384980693885953035e-04
3.384045122159287915e-04
3.383119520809673353e-04
3.382202892475884163e-04
3.381294341685725686e-04
3.380392945437620412e-04
3.379498083285410780e-04
3.378609139417396655e-04
3.377725702033434899e-04
3.376847119639824943e-04
3.375972839782429122e-04
3.375102436751378603e-04
3.374235493058120434e-04
3.373371702606867335e-04
3.372510795242293787e-04
3.371652507810366179e-04
3.370796596891228298e-04
3.369942841501283055e-04
3.369091042430968842e-04
3.368241020580562870e-04
3.367392615095816380e-04
3.366545681566191698e-04
3.365700090363245973e-04
3.364855725133862824e-04
3.364012481442579154e-04
3.363170265551186037e-04
3.362328993322767829e-04
3.361488589237833155e-04
3.360648985511202960e-04
3.359810121299380121e-04
3.358971941989134465e-04
3.358134398559002565e-04
3.357297447006214242e-04
3.356461047832361697e-04
3.355625165581766823e-04
3.354789768427164729e-04
3.353954827797850586e-04
3.353120318045931837e-04
3.352286216146786453e-04
3.351452501430217108e-04
3.350619155339163617e-04
3.349786161213135719e-04
3.348953504093849236e-04
3.348121170550773067e-04
3.347289148524561718e-04
3.346457427186530780e-04
3.345625996812532765e-04
3.344794848669761528e-04
3.343963974915155476e-04
3.343133368504216702e-04
3.342303023109166734e-04
3.341472933045496721e-04
3.340643093206045224e-04
3.339813499001830052e-04
3.338984146308940793e-04
3.338155031420881615e-04
3.337326151005790822e-04
3.336497502068050337e-04
3.335669081913824881e-04
3.334840888120135642e-04
3.334012918507105790e-04
3.333185171113040631e-04
3.332357644172078944e-04
3.331530336549591771e-04
3.330703246447722001e-04
3.329876372357020060e-04
3.329049713108487240e-04
3.328223267543516909e-04
3.327397034812477829e-04
3.326571014165572099e-04
3.325745204867140356e-04
3.324919606230392565e-04
3.324094217626035559e-04
3.323269038646692298e-04
3.322444068646623894e-04
3.321619307070797439e-04
3.320794753484196870e-04
3.319970407454151252e-04
3.319146268660400274e-04
3.318322336817304910e-04
3.317498611642189800e-04
3.316675092868380786e-04
3.315851780248553460e-04
3.315028673620311686e-04
3.314205772724787558e-04
3.313383077335716755e-04
3.312560587271260143e-04
3.311738302345918318e-04
3.310916222419409615e-04
3.310094347363818777e-04
3.309272677050507927e-04
3.308451211355712134e-04
3.307629950162061633e-04
3.306808893390513751e-04
3.305988040913844950e-04
3.305167392617670819e-04
3.304346948406324067e-04
3.303526708178443718e-04
3.302706671855024502e-04
3.301886839361856032e-04
3.301067210622760637e-04
3.300247785562645392e-04
3.299428564108411758e-04
3.298609546209420990e-04
3.297790731783304622e-04
3.296972120753815594e-04
3.296153713054670665e-04
3.295335508613213651e-04
3.294517507371351917e-04
3.293699709273212187e-04
3.292882114260534858e-04
3.292064722274859749e-04
3.291247533258222159e-04
3.290430547169701046e-04
3.289613763942278619e-04
3.288797183512765410e-04
3.287980805824953666e-04
3.287164630816043686e-04
3.286348658435129470e-04
3.285532888632650508e-04
3.284717321356518476e-04
3.283901956554010791e-04
3.283086794172391317e-04
3.282271834174101664e-04
3.281457076497438260e-04
3.280642521083749021e-04
3.279828167880331964e-04
3.279014016827833523e-04
3.278200067877868468e-04
3.277386320983098904e-04
3.276572776093615211e-04
3.275759433158727685e-04
3.274946292127559055e-04
3.274133352963752770e-04
3.273320615607511284e-04
3.272508080001812068e-04
3.271695746095233583e-04
3.270883613829684818e-04
3.270071683157718375e-04
3.269259954032825233e-04
3.268448426405917056e-04
3.267637100227076632e-04
3.266825975446140096e-04
3.266015052027217104e-04
3.265204329911255499e-04
3.264393809041880022e-04
3.263583489368185211e-04
3.262773370832605896e-04
3.261963453388088243e-04
3.261153736988481561e-04
3.260344221585054756e-04
3.259534907128237022e-04
3.258725793568185958e-04
3.257916880869231855e-04
3.257108168972667876e-04
3.256299657822431552e-04
3.255491347367878174e-04
3.254683237551711452e-04
3.253875328327091141e-04
3.253067619648060621e-04
3.252260111466094257e-04
3.251452803731814229e-04
3.250645696395573834e-04
3.249838789421832384e-04
3.249032082752099882e-04
3.248225576330510101e-04
3.247419270106587466e-04
3.246613164023225422e-04
3.245807258033728466e-04
3.245001552092284178e-04
3.244196046150512745e-04
3.243390740159185427e-04
3.242585634068801347e-04
3.241780727843922272e-04
3.240976021426227884e-04
3.240171514760009706e-04
3.239367207794933653e-04
3.238563100474047668e-04
3.237759192750783643e-04
3.236955484579453297e-04
3.236151975911805297e-04
3.235348666698742632e-04
3.234545556890892903e-04
3.233742646452913831e-04
3.232939935326633089e-04
3.232137423456492363e-04
3.231335110792283877e-04
3.230532997277203028e-04
3.229731082864800967e-04
3.228929367509506508e-04
3.228127851163189749e-04
3.227326533776879989e-04
3.226525415301328427e-04
3.225724495701282231e-04
3.224923774918718152e-04
3.224123252898215028e-04
3.223322929589692476e-04
3.222522804936489007e-04
3.221722878892272325e-04
3.220923151411584544e-04
3.220123622446416649e-04
3.219324291947919369e-04
3.218525159866968588e-04
3.217726226168399293e-04
3.216927490794331350e-04
3.216128953689482918e-04
3.215330614803898839e-04
3.214532474081058027e-04
3.213734531474743113e-04
3.212936786939610593e-04
3.212139240427769088e-04
3.211341891890491843e-04
3.210544741278778340e-04
3.209747788557547592e-04
3.208951033669066376e-04
3.208154476558186747e-04
3.207358117175082026e-04
3.206561955463367738e-04
3.205765991376944690e-04
3.204970224870577799e-04
3.204174655896498743e-04
3.203379284406098946e-04
3.202584110350499319e-04
3.201789133694707781e-04
3.200994354381133137e-04
3.200199772354765681e-04
3.199405387565899621e-04
3.198611199958294139e-04
3.197817209485961172e-04
3.197023416103778938e-04
3.196229819764097291e-04
3.195436420418429086e-04
3.194643218018015582e-04
3.193850212527951974e-04
3.193057403890789642e-04
3.192264792051654945e-04
3.191472376960966775e-04
3.190680158562621467e-04
3.189888136810745882e-04
3.189096311660332621e-04
3.188304683063846465e-04
3.187513250972921698e-04
3.186722015338921011e-04
3.185930976127025250e-04
3.185140133279928910e-04
3.184349486742895502e-04
3.183559036466464265e-04
3.182768782394672477e-04
3.181978724481760302e-04
3.181188862682830928e-04
3.180399196950468941e-04
3.179609727236426802e-04
3.178820453492189175e-04
3.178031375683021474e-04
3.177242493751762935e-04
3.176453807643809884e-04
3.175665317309826785e-04
3.174877022693988068e-04
3.174088923750647195e-04
3.173301020435019570e-04
3.172513312699807415e-04
3.171725800496882452e-04
3.170938483777849151e-04
3.170151362508060746e-04
3.169364436630495792e-04
3.168577706090687767e-04
3.167791170839422566e-04
3.167004830821013397e-04
3.166218685989927563e-04
3.165432736301489972e-04
3.164646981708521566e-04
3.163861422163013332e-04
3.163076057616688455e-04
3.162290888034987994e-04
3.161505913361029822e-04
3.160721133540483484e-04
3.159936548524256848e-04
3.159152158256801359e-04
3.158367962692696534e-04
3.157583961787378954e-04
3.156800155493786112e-04
3.156016543764028257e-04
3.155233126549948381e-04
3.154449903817071023e-04
3.153666875508659342e-04
3.152884041570514612e-04
3.152101401953665591e-04
3.151318956602704668e-04
3.150536705472321950e-04
3.149754648518065690e-04
3.148972785692988308e-04
3.148191116949319314e-04
3.147409642239022047e-04
3.146628361527706698e-04
3.145847274758774661e-04
3.145066381878164905e-04
3.144285682837026532e-04
3.143505177580088001e-04
3.142724866062153260e-04
3.141944748238878981e-04
3.141164824063435220e-04
3.140385093488170208e-04
3.139605556465165461e-04
3.138826212960117907e-04
3.138047062916568260e-04
3.137268106280588303e-04
3.136489343003450738e-04
3.135710773030019548e-04
3.134932396315211439e-04
3.134154212814792046e-04
3.133376222482049060e-04
3.132598425269447263e-04
3.131820821129188519e-04
3.131043410027053238e-04
3.130266191906723623e-04
3.129489166714404815e-04
3.128712334401489862e-04
3.127935694912978813e-04
3.127159248203900590e-04
3.126382994230132500e-04
3.125606932945075534e-04
3.124831064301314279e-04
3.124055388251166607e-04
3.123279904760500208e-04
3.122504613773134977e-04
3.121729515235411581e-04
3.120954609098841245e-04
3.120179895308562257e-04
3.119405373819715208e-04
3.118631044588285285e-04
3.117856907567789489e-04
3.117082962710930041e-04
3.116309209970143535e-04
3.115535649311382228e-04
3.114762280678605335e-04
3.113989104018284712e-04
3.113216119282053557e-04
3.112443326415188392e-04
3.111670725372936062e-04
3.110898316111394509e-04
3.110126098584195119e-04
3.109354072744157749e-04
3.108582238543836085e-04
3.107810595949266411e-04
3.107039144904547262e-04
3.106267885356284392e-04
3.105496817256231347e-04
3.104725940549796378e-04
3.103955255192341798e-04
3.103184761140071802e-04
3.102414458346734868e-04
3.101644346765264153e-04
3.100874426348334775e-04
3.100104697062065957e-04
3.099335158850633756e-04
3.099289782258213689e-04
