0.000000000000000000e+00
2.371548195338133307e-10
4.743096390676267648e-10
1.697601642843792637e-09
3.317619858460886709e-09
6.007909328100365973e-09
1.518188043673703867e-07
7.184902795214671285e-07
2.010465966095831250e-06
4.272339268827591302e-06
1.291983005371103844e-05
2.838521238212909540e-05
5.214382277616951418e-05
8.537273661940618700e-05
1.290362842305818223e-04
2.480318906450908927e-04
4.142098160400607926e-04
5.821075843319393909e-04
7.818974268628045825e-04
1.013593600211298764e-03
1.276961122643789290e-03
1.571438134565647125e-03
1.896284520980575988e-03
2.385504207350458514e-03
2.926901833477636283e-03
3.517847013451574651e-03
4.155596981885229489e-03
4.837393967111869482e-03
5.560510524904035447e-03
6.455136805370820588e-03
7.398524036894805860e-03
8.386741137562837498e-03
9.416074249585576136e-03
1.048299459380465717e-02
1.182294426228396554e-02
1.320785962408372975e-02
1.463266961582908657e-02
1.609272390773858891e-02
1.758374877542436682e-02
1.944793105683532974e-02
2.134623169589354788e-02
2.327277491422181238e-02
2.522229851897656375e-02
2.874320246941269169e-02
3.229945702752997500e-02
3.587213149952545033e-02
3.944590087093195752e-02
4.300834263109416106e-02
4.748537896680593562e-02
5.191188632863293767e-02
5.627570191816170381e-02
6.056779925765204409e-02
6.478146324520103749e-02
6.661977840492906699e-02
6.844149963574872042e-02
7.024633963613238774e-02
7.203410968940847370e-02
7.387291947127849756e-02
7.569294880211782650e-02
7.749409570977892903e-02
8.152479942226321941e-02
8.545682853812291979e-02
8.929036793395966898e-02
9.302608022503995600e-02
9.818508317299154409e-02
1.031511357573758614e-01
1.079290404011187393e-01
1.125237608055414396e-01
1.176785476061030511e-01
1.225979102284250749e-01
1.237919930786784140e-01
1.249720375644364362e-01
1.261381840176170610e-01
1.272906447194642188e-01
1.284294780796101099e-01
1.295663526995079196e-01
1.306896470227262852e-01
1.317994091865808681e-01
1.328957266330881848e-01
1.340180879241437140e-01
1.351263136988842262e-01
1.362204677414485254e-01
1.402003308543915139e-01
1.439940102892355300e-01
1.476087906965877772e-01
1.510511594703901339e-01
1.562651315440901911e-01
1.575041827319679233e-01
1.587182928648031843e-01
1.599079145101795774e-01
1.610734207227836612e-01
1.622151704757668622e-01
1.629286891586140817e-01
1.636328687511370561e-01
1.643277983565930023e-01
1.650135650583197944e-01
1.657003017822146762e-01
1.663778061207101255e-01
1.670461717629350695e-01
1.700078696770278563e-01
1.727870042877047707e-01
1.753917736846260789e-01
1.778298172025688517e-01
1.784143678441298675e-01
1.789892315877029405e-01
1.795545245298980352e-01
1.801103109233507527e-01
1.805933465514563130e-01
1.810691246521310971e-01
1.815377162467391725e-01
1.824737405267517487e-01
1.833806318902286570e-01
1.842591215527457915e-01
1.865789339842834904e-01
1.871261467608457130e-01
1.876606632757541471e-01
1.881826833942361610e-01
1.883112547821335081e-01
1.884390527162309037e-01
1.885660827656623351e-01
1.885977207748831264e-01
1.886293069035054615e-01
1.886306276206781984e-01
1.886319482547722526e-01
1.886345892737243402e-01
1.886372299603617519e-01
1.886398702966051444e-01
1.886403983121700267e-01
1.886409263252308288e-01
1.886414543272814381e-01
1.886416228428728081e-01
1.886417913571107052e-01
1.886421283815259697e-01
1.886424654005273704e-01
1.886428024140347492e-01
1.886461713569254905e-01
1.886495399414009899e-01
1.886529073145878088e-01
1.886865205834598047e-01
1.887199823164303625e-01
1.887532160856842389e-01
1.887861528794582411e-01
1.889207375057428973e-01
1.890449148065122542e-01
1.891556901134748281e-01
1.892508261322495833e-01
1.893287701782087051e-01
1.894122110126714997e-01
1.894513133116700054e-01
1.894455518993072851e-01
1.893954397709672888e-01
1.893021344604591816e-01
1.891672876931553282e-01
1.889478015020089052e-01
1.886724113518795931e-01
1.883450425497627534e-01
1.879695868995497621e-01
1.875498096644566681e-01
1.870014205997862777e-01
1.864016986746071525e-01
1.857557902168335273e-01
1.850684482024413380e-01
1.842314064303622878e-01
1.833512185798042149e-01
1.824332920393630375e-01
1.814824709254127810e-01
1.804549616381524724e-01
1.794005237185402335e-01
1.783230954817549008e-01
1.772261563419678942e-01
1.747400132390647953e-01
1.722017454465188113e-01
1.696332106283037211e-01
1.670512816029923464e-01
1.644684252969237370e-01
1.627172641686874532e-01
1.609726661586255436e-01
1.592366589380857234e-01
1.575108856002060131e-01
1.563182115269056149e-01
1.551314874109092357e-01
1.539510029222338483e-01
1.502253154322795714e-01
1.465729146027969221e-01
1.429976276641610755e-01
1.395013076082149972e-01
1.368720470226272024e-01
1.342898359043328826e-01
1.317544827032230137e-01
1.305614521139709661e-01
1.293788964128552155e-01
1.282067592332758743e-01
1.267797243217043957e-01
1.253682481796048187e-01
1.239722034670462519e-01
1.207789839444658037e-01
1.176669896770004553e-01
1.146344453353312087e-01
1.129054256290717151e-01
1.112022738385646109e-01
1.095246467645582811e-01
1.078721913506263397e-01
1.070711960960062242e-01
1.062761202809986427e-01
1.054869211731275097e-01
1.047100483961532907e-01
1.039388459962533318e-01
1.031732575431876658e-01
9.868934232683744534e-02
9.439963169464270221e-02
9.335655776782937620e-02
9.232497796645640353e-02
9.130476834406760223e-02
9.029581632590219509e-02
8.962545759111245625e-02
8.896007988703423519e-02
8.829964365766450329e-02
8.765053638143535664e-02
8.700619662418788980e-02
8.636658598621853311e-02
8.389789451199686221e-02
8.149945003761646656e-02
7.916953997512844732e-02
7.335679037538016256e-02
7.197147134061300522e-02
7.061229194562634870e-02
6.927875588377373217e-02
6.894934507926239742e-02
6.862148993414965426e-02
6.829518451902420739e-02
6.797042883388609846e-02
6.746785323120320366e-02
6.696902785884141507e-02
6.647390905456540544e-02
6.598362887525963116e-02
6.549695379229458769e-02
6.501386835671008058e-02
6.037493564138644853e-02
5.926794954311997293e-02
5.818130782854379762e-02
5.711461267395549074e-02
5.606753307675078207e-02
5.565176870905838569e-02
5.523909239633984641e-02
5.482948006689896542e-02
5.442473175153890452e-02
5.402299025457083653e-02
5.362422183408047799e-02
5.253740441021606533e-02
5.147267005062336476e-02
5.042959322287959845e-02
4.934697185715058304e-02
4.828765139682875823e-02
4.725112984997988791e-02
4.524457326439365601e-02
4.332355209553308967e-02
4.148445295033185293e-02
3.972381214180072118e-02
3.644913248064478306e-02
3.344599810184330224e-02
3.069193059103934515e-02
2.816631937535519353e-02
2.585024568467737469e-02
2.314851214427549042e-02
2.073212798073421556e-02
1.857104275213410094e-02
1.663835191610181855e-02
1.490992194318165390e-02
1.330745348863301807e-02
1.188052712149280203e-02
1.060995067545199462e-02
9.478624504129029918e-03
8.471292579797418468e-03
7.574359352867375203e-03
6.775726673329693361e-03
6.064628531559672006e-03
5.431475840064228094e-03
4.867724555779382074e-03
4.365765076660677556e-03
3.918823906002256822e-03
3.520871591158393574e-03
3.166538188704862491e-03
2.851041142200272729e-03
2.570122351006917313e-03
2.319990768583853752e-03
2.097271081508061963e-03
1.898957924691577594e-03
1.722375198140504169e-03
1.565140137497919538e-03
1.425131329573166555e-03
1.300460004820293064e-03
1.189444431734999318e-03
1.090587230091512533e-03
1.002555209378560089e-03
9.241613785162929116e-04
8.543489029368121247e-04
7.921768236484779931e-04
7.368073526482600078e-04
6.874945675616485861e-04
6.435743427158127075e-04
6.044553777085957900e-04
5.696112090182059873e-04
5.385731010959822615e-04
5.109237182129207095e-04
4.862914887036784060e-04
4.643455860946853848e-04
4.447914608055966333e-04
4.273668623584912980e-04
4.118382978987488374e-04
3.979978788333806122e-04
3.856605130472640867e-04
3.746614050304158190e-04
3.648538302532564970e-04
3.561071536242542521e-04
3.483050651765660010e-04
3.413440091845080160e-04
3.351317855517169510e-04
3.295863045893485197e-04
3.246344783433814749e-04
3.202112334849453951e-04
3.162586324381729918e-04
3.127250908855600626e-04
3.095646810842145455e-04
3.067365115791699211e-04
3.042041749336026816e-04
3.019352560186023974e-04
2.999008942235955873e-04
2.980753936747525951e-04
2.964358761960433496e-04
2.949619723254642812e-04
2.936355462136697701e-04
2.924404506898720178e-04
2.913623091869386723e-04
2.903883215801861305e-04
2.895070913174631853e-04
2.887084715058189140e-04
2.879834278760839126e-04
2.873239167745564164e-04
2.867227765339110633e-04
2.861736307561761031e-04
2.856708022015353636e-04
2.852092361199519053e-04
2.847844319901268869e-04
2.843923827438517597e-04
2.840295206549165201e-04
2.836926691617515568e-04
2.833789999731244156e-04
2.830859948775563454e-04
2.828114117406581697e-04
2.825532542311414048e-04
2.823097448666278065e-04
2.820793010152119638e-04
2.818605135286546466e-04
2.816521277186249212e-04
2.814530264190579986e-04
2.812622149058671955e-04
2.810788074703356935e-04
2.809020154648487230e-04
2.807311366595122582e-04
2.805655457659057567e-04
2.804046859999867903e-04
2.802480615701921727e-04
2.800952309892825050e-04
2.799458011195983162e-04
2.797994218713038502e-04
2.796557814820123129e-04
2.795146023140398107e-04
2.793756371155228834e-04
2.792386655582744124e-04
2.791034914130075635e-04
2.789699401159222354e-04
2.788378562513345793e-04
2.787071014323629970e-04
2.785775523553925574e-04
2.784490988517141982e-04
2.783216426405057454e-04
2.781950963605729654e-04
2.780693823697754741e-04
2.779444314604106060e-04
2.778201818130073778e-04
2.776965782986131172e-04
2.775735718554114199e-04
2.774511187812149092e-04
2.773291801729149317e-04
2.772077215117517293e-04
2.770867116447561546e-04
2.769661226092976240e-04
2.768459271574365559e-04
2.767261029362934202e-04
2.766066327970711862e-04
2.764875000305157563e-04
2.763686890907558454e-04
2.762501858712151947e-04
2.761319776865408734e-04
2.760140531649466107e-04
2.758964021205994894e-04
2.757790154290119941e-04
2.756618849123205193e-04
2.755450032358687995e-04
2.754283638157210726e-04
2.753119607362020538e-04
2.751957886764675007e-04
2.750798428451428136e-04
2.749641189221574324e-04
2.748486130069828027e-04
2.747333215725738945e-04
2.746182414243829458e-04
2.745033696638890150e-04
2.743887036561447204e-04
2.742742410008985692e-04
2.741599795068980108e-04
2.740459175515057451e-04
2.739320532136855254e-04
2.738183844103843833e-04
2.737049095187803790e-04
2.735916270030290358e-04
2.734785355398779735e-04
2.733656340387448152e-04
2.732529213986359157e-04
2.731403965511569327e-04
2.730280584798468625e-04
2.729159064073428845e-04
2.728039393919829943e-04
2.726921563903119392e-04
2.725805565460602368e-04
2.724691390111928660e-04
2.723579030318451369e-04
2.722468479661210080e-04
2.721359731507356767e-04
2.720252779252409388e-04
2.719147616435908603e-04
2.718044237984914191e-04
2.716942637628697314e-04
2.715842808283049537e-04
2.714744743878473197e-04
2.713648438189001288e-04
2.712553885551804121e-04
2.711461081034943592e-04
2.710370019463432742e-04
2.709280695599784153e-04
2.708193104233852359e-04
2.707107241211402894e-04
2.706023101338945807e-04
2.704940678687473813e-04
2.703859968062785179e-04
2.702780964044819889e-04
2.701703661650788047e-04
2.700628056496510543e-04
2.699554143950680645e-04
2.698481919293148844e-04
2.697411377795179291e-04
2.696342515662649851e-04
2.695275328130643765e-04
2.694209809736796530e-04
2.693145955654228691e-04
2.692083760813585480e-04
2.691023220536016818e-04
2.689964330689436321e-04
2.688907086898223572e-04
2.687851484691672539e-04
2.686797519579751828e-04
2.685745187951937558e-04
2.684694485266698734e-04
2.683645406310271905e-04
2.682597946461796629e-04
2.681552100857641707e-04
2.680507865002849130e-04
2.679465234922769512e-04
2.678424206405090389e-04
2.677384775142377903e-04
2.676346936804991565e-04
2.675310687908848779e-04
2.674276024069173040e-04
2.673242940249773701e-04
2.672211431982824911e-04
2.671181494562397556e-04
2.670153123637385574e-04
2.669126315358776383e-04
2.668101065646323643e-04
2.667077370326515775e-04
2.666055225203195467e-04
2.665034626898894602e-04
2.664015571162292747e-04
2.662998053109731861e-04
2.661982068407339275e-04
2.660967612489218716e-04
2.659954681133138354e-04
2.658943270603601034e-04
2.657933376940356659e-04
2.656924996092273512e-04
2.655918123985886938e-04
2.654912757342232921e-04
2.653908892033752707e-04
2.652906523318723873e-04
2.651905646988801592e-04
2.650906258610003928e-04
2.649908354081899407e-04
2.648911929776591435e-04
2.647916981847801246e-04
2.646923506360869711e-04
2.645931499359337647e-04
2.644940957658342738e-04
2.643951877248714062e-04
2.642964253524656163e-04
2.641978082398324613e-04
2.640993359562594008e-04
2.640010081034286629e-04
2.639028243289197892e-04
2.638047842590947561e-04
2.637068875117266529e-04
2.636091337024669477e-04
2.635115225219212035e-04
2.634140535806147806e-04
2.633167264311109951e-04
2.632195406762859440e-04
2.631224958977095257e-04
2.630255917084207691e-04
2.629288277660455416e-04
2.628322037075959917e-04
2.627357191617389468e-04
2.626393737550787567e-04
2.625431671870371198e-04
2.624470990792365311e-04
2.623511689969879762e-04
2.622553765544803888e-04
2.621597213452020849e-04
2.620642029932133878e-04
2.619688211658909374e-04
2.618735755105843161e-04
2.617784656665349545e-04
2.616834912709801357e-04
2.615886520319003587e-04
2.614939475816920522e-04
2.613993774980432911e-04
2.613049414061274951e-04
2.612106389110064046e-04
2.611164696474429906e-04
2.610224332922831520e-04
2.609285295029154786e-04
2.608347579288511266e-04
2.607411182176537002e-04
2.606476100856163305e-04
2.605542331755990814e-04
2.604609870773110653e-04
2.603678714265943595e-04
2.602748858397518211e-04
2.601820299619417515e-04
2.600893034792073366e-04
2.599967060586882094e-04
2.599042373598705116e-04
2.598118970403481267e-04
2.597196848244882395e-04
2.596276003653147672e-04
2.595356432642129747e-04
2.594438131673881234e-04
2.593521097020617993e-04
2.592605325234898037e-04
2.591690813266493113e-04
2.590777557881515994e-04
2.589865555771720534e-04
2.588954803610476856e-04
2.588045298719883654e-04
2.587137037728908092e-04
2.586230016764821211e-04
2.585324232390339458e-04
2.584419680983741311e-04
2.583516359195668220e-04
2.582614264062674182e-04
2.581713392442875742e-04
2.580813741122146886e-04
2.579915306868497743e-04
2.579018087080210643e-04
2.578122078482154769e-04
2.577227277311772906e-04
2.576333680229563527e-04
2.575441283716830882e-04
2.574550084519493937e-04
2.573660079758403408e-04
2.572771266381048793e-04
2.571883641264727802e-04
2.570997201269383859e-04
2.570111943867301515e-04
2.569227865876506228e-04
2.568344963641459671e-04
2.567463233917644016e-04
2.566582673286441334e-04
2.565703278586320803e-04
2.564825047020016964e-04
2.563947975621833010e-04
2.563072061357876902e-04
2.562197301177391293e-04
2.561323692624546591e-04
2.560451232607858477e-04
2.559579917575744096e-04
2.558709744375951768e-04
2.557840709687075843e-04
2.556972810437486998e-04
2.556106043909461183e-04
2.555240407221630837e-04
2.554375897426371177e-04
2.553512511559669703e-04
2.552650247235524862e-04
2.551789101450352404e-04
2.550929070753550978e-04
2.550070152082492851e-04
2.549212342210204212e-04
2.548355638152383887e-04
2.547500037268572411e-04
2.546645536759318575e-04
2.545792133760795581e-04
2.544939825393252955e-04
2.544088609338520084e-04
2.543238482678395265e-04
2.542389442060369797e-04
2.541541484508874128e-04
2.540694606888666083e-04
2.539848806300270840e-04
2.539004080178284455e-04
2.538160425802826400e-04
2.537317840391469068e-04
2.536476321146314910e-04
2.535635865815080280e-04
2.534796471562505483e-04
2.533958135131365841e-04
2.533120853630659573e-04
2.532284624014247490e-04
2.531449443465057930e-04
2.530615309490590330e-04
2.529782219448260187e-04
2.528950170634711300e-04
2.528119160331553377e-04
2.527289186350505394e-04
2.526460245936876345e-04
2.525632335925998267e-04
2.524805453509017207e-04
2.523979595726348005e-04
2.523154759840961852e-04
2.522330943431177726e-04
2.521508143929494837e-04
2.520686358709362408e-04
2.519865585129625455e-04
2.519045821064173278e-04
2.518227063836577461e-04
2.517409310372076964e-04
2.516592557941616740e-04
2.515776803669687715e-04
2.514962044897014093e-04
2.514148279270708025e-04
2.513335504296200290e-04
2.512523717421553276e-04
2.511712916080632830e-04
2.510903098207721020e-04
2.510094261202410978e-04
2.509286402077279027e-04
2.508479518180781903e-04
2.507673606719082395e-04
2.506868665108431316e-04
2.506064691062766161e-04
2.505261682158364356e-04
2.504459635915762326e-04
2.503658549841702736e-04
2.502858421929131123e-04
2.502059249651488338e-04
2.501261030106185731e-04
2.500463760716976251e-04
2.499667438769355389e-04
2.498872061752941917e-04
2.498077627446584513e-04
2.497284133495380337e-04
2.496491577490265773e-04
2.495699957008774839e-04
2.494909270100838196e-04
2.494119514311630764e-04
2.493330686820971389e-04
2.492542785125754926e-04
2.491755806588540328e-04
2.490969748770213146e-04
2.490184609512676004e-04
2.489400386527876340e-04
2.488617077475136592e-04
2.487834680000756298e-04
2.487053192210021148e-04
2.486272611717785025e-04
2.485492935783919924e-04
2.484714161976366302e-04
2.483936287732542935e-04
2.483159310682562767e-04
2.482383228729577711e-04
2.481608039650472957e-04
2.480833741171000546e-04
2.480060331004257717e-04
2.479287807309298996e-04
2.478516167768667175e-04
2.477745409719992148e-04
2.476975530800231426e-04
2.476206528519517974e-04
2.475438400575212376e-04
2.474671144929964850e-04
2.473904759423738381e-04
2.473139241846814560e-04
2.472374589977175243e-04
2.471610802026108023e-04
2.470847875741904423e-04
2.470085808537731786e-04
2.469324598117584929e-04
2.468564242062234212e-04
2.467804738134361233e-04
2.467046084354412860e-04
2.466288278623624680e-04
2.465531318794960888e-04
2.464775202709433436e-04
2.464019928629065698e-04
2.463265494366019548e-04
2.462511897406834626e-04
2.461759135520628352e-04
2.461007206356785365e-04
2.460256107741440735e-04
2.459505837751180778e-04
2.458756394346764862e-04
2.458007775442043810e-04
2.457259978939254469e-04
2.456513003149708588e-04
2.455766845947608256e-04
2.455021504890765854e-04
2.454276977811558204e-04
2.453533262426021272e-04
2.452790356621927024e-04
2.452048258530398228e-04
2.451306966170010418e-04
2.450566477513760897e-04
2.449826790523362049e-04
2.449087903557999111e-04
2.448349814552141178e-04
2.447612521132835070e-04
2.446876021173149344e-04
2.446832611738850244e-04
