0.000000000000000000e+00
3.149071889768829149e-05
6.298143779537637970e-05
1.259628755907527594e-04
1.889443133861290036e-04
2.519257511815054104e-04
8.817401291352688821e-04
1.510707888598523995e-03
2.139535821625885952e-03
2.767845548489187343e-03
4.052992787957777204e-03
5.335520207928566572e-03
6.615429302429071297e-03
7.892721823547057050e-03
9.167399151099936069e-03
1.166485082067326116e-02
1.415222366343740247e-02
1.612921410639596084e-02
1.809980702449910314e-02
2.006400955522289614e-02
2.202182883604342917e-02
2.397327200443675685e-02
2.591834619946006141e-02
2.855485414899012336e-02
3.117960279739189280e-02
3.379261062832295687e-02
3.639389612544086799e-02
3.898347777240320639e-02
4.156137405286753489e-02
4.456172479879625531e-02
4.754615065225786807e-02
5.051468477094096104e-02
5.346735895809276440e-02
5.640420501696052913e-02
5.994553301800305961e-02
6.346367653729685643e-02
6.695870069755334442e-02
7.043066609544736123e-02
7.387963307879552577e-02
7.807597640399699390e-02
8.223797427730654419e-02
8.636574607353841859e-02
9.045940925734699545e-02
9.767894071680821577e-02
1.047909682432833639e-01
1.117962056287927913e-01
1.186953865870288699e-01
1.254892481520037406e-01
1.339380150550714410e-01
1.422207437657531659e-01
1.503390110935240165e-01
1.582944320451615816e-01
1.660886187452668694e-01
1.694866762071438604e-01
1.728536025502490081e-01
1.761895395217426830e-01
1.794946297152449910e-01
1.828954034569900411e-01
1.862632076526061498e-01
1.895982050415871978e-01
1.970710549360252251e-01
2.043765339314556617e-01
2.115165537654075389e-01
2.184930624650328890e-01
2.281609958063993693e-01
2.375062252147247532e-01
2.465344151794679195e-01
2.552513090399621820e-01
2.650712058576287777e-01
2.744812182030567649e-01
2.767707557269579177e-01
2.790353944775216255e-01
2.812752779467141417e-01
2.834905494455212671e-01
2.856813520743549661e-01
2.878702158262036459e-01
2.900343924224663694e-01
2.921740286315344104e-01
2.942892708783247380e-01
2.964560059099735634e-01
2.985968597111681166e-01
3.007119957644319164e-01
3.084156356797712606e-01
3.157685558362017808e-01
3.227791246013385074e-01
3.294555838846914830e-01
3.395566844454947497e-01
3.419532004507710998e-01
3.442992795580167020e-01
3.465954500070487776e-01
3.488422369291894198e-01
3.510401622395104559e-01
3.524119883093669303e-01
3.537644180405206673e-01
3.550975872310795922e-01
3.564116286964461033e-01
3.577258561112718893e-01
3.590206538787910628e-01
3.602961588091484479e-01
3.659229597480762597e-01
3.711569097856297073e-01
3.760108971549861456e-01
3.804976146334139719e-01
3.815633684205524956e-01
3.826071359562883689e-01
3.836291073604069513e-01
3.846294716671890823e-01
3.854951604864155779e-01
3.863442707819924604e-01
3.871769306292048851e-01
3.888287861894788588e-01
3.904134867923921837e-01
3.919321149131460014e-01
3.958520406555979254e-01
3.967546484016019059e-01
3.976270247395700674e-01
3.984695198255041593e-01
3.986749226301237181e-01
3.988784875871085323e-01
3.990808093102684029e-01
3.991311035122197537e-01
3.991812814016905686e-01
3.991833784003094854e-01
3.991854751990368544e-01
3.991896681968172267e-01
3.991938602811584968e-01
3.991980516497845577e-01
3.991988898255655616e-01
3.991997279640012719e-01
3.991999184137157708e-01
3.991994411528522746e-01
3.991986822951682501e-01
3.991964156458191471e-01
3.991939546538012529e-01
3.991914936769802580e-01
3.991668847445609680e-01
3.991422773316883887e-01
3.991176714383559143e-01
3.988716960579152260e-01
3.986258725281517923e-01
3.983802007512882715e-01
3.981346806314109421e-01
3.970992609729287470e-01
3.960665386154830214e-01
3.950365065378988461e-01
3.940091577301386150e-01
3.929844851985579424e-01
3.914285164591831401e-01
3.898787188088587707e-01
3.883350677691843611e-01
3.867975389612056669e-01
3.852661081117767505e-01
3.837407510502310881e-01
3.818766000844432962e-01
3.800215205927545692e-01
3.781754684331811722e-01
3.763383996801265563e-01
3.745102706117904856e-01
3.723610418167693226e-01
3.702241689116615442e-01
3.680995808558247262e-01
3.659872070244286624e-01
3.635701760493946777e-01
3.611691363366881236e-01
3.587839820573658911e-01
3.564146081069584637e-01
3.539472098732541205e-01
3.514969247114853590e-01
3.490636339625210471e-01
3.466472198019240336e-01
3.413488770080642665e-01
3.361316728471497317e-01
3.309943657568014119e-01
3.259357331930116675e-01
3.209545698512054068e-01
3.176125801480342292e-01
3.143054624591440360e-01
3.110328528219368227e-01
3.077943909855123117e-01
3.055636383041923088e-01
3.033490880862418915e-01
3.011506224919278663e-01
2.942349649086110630e-01
2.874784677515751508e-01
2.808774728177184099e-01
2.744284006839301515e-01
2.695794675671311369e-01
2.648164177988032719e-01
2.601377304551609204e-01
2.579352758407103541e-01
2.557515162376540196e-01
2.535862929553608924e-01
2.509492622044990906e-01
2.483397260541337637e-01
2.457573977499159235e-01
2.398454467059976114e-01
2.340760978081936616e-01
2.284459139582640519e-01
2.252320878521940350e-01
2.220636067498161781e-01
2.189398306200421307e-01
2.158601283251597724e-01
2.143662821541364449e-01
2.128828057137724106e-01
2.114096272789703357e-01
2.099588081914489923e-01
2.085179769705518826e-01
2.070870648590877605e-01
1.986931924861240484e-01
1.906406437260900200e-01
1.886791989866195285e-01
1.867380057151848405e-01
1.848168548249267407e-01
1.829155393730470258e-01
1.816514928802450968e-01
1.803962135336151240e-01
1.791496405071049403e-01
1.779238532903521519e-01
1.767064844152461955e-01
1.754974760302177306e-01
1.708257818527952054e-01
1.662789193626816320e-01
1.618535538936665130e-01
1.507754732636710504e-01
1.481270241392529385e-01
1.455253025340899620e-01
1.429694838063652884e-01
1.423376061826461536e-01
1.417085342549392335e-01
1.410822555554372693e-01
1.404587576706126939e-01
1.394934472598064190e-01
1.385348023485937774e-01
1.375827770797340144e-01
1.366395892841574811e-01
1.357028988452672058e-01
1.347726610057260743e-01
1.258155448549689859e-01
1.236713489750765754e-01
1.215638892475035260e-01
1.194925364241231497e-01
1.174566718345549793e-01
1.166475734934814545e-01
1.158440802871796432e-01
1.150461533647410411e-01
1.142573093884186319e-01
1.134739056385192790e-01
1.126959045616570815e-01
1.105735027295077361e-01
1.084913091216639647e-01
1.064485620434356544e-01
1.043253139938309232e-01
1.022446822824260582e-01
1.002058109876216296e-01
9.625001587570970740e-02
9.245142408143125490e-02
8.880378620702787662e-02
8.530110502361393232e-02
7.875669680961630559e-02
7.271831748848425758e-02
6.714683846346204688e-02
6.200615687135527243e-02
5.726296252868418729e-02
5.169086078276856344e-02
4.666731012078446234e-02
4.213830635250232631e-02
3.805516193522745505e-02
3.437398255626605142e-02
3.093298110711955803e-02
2.784320016720918597e-02
2.506878920425585633e-02
2.257755709874274819e-02
2.034059861245239229e-02
1.833195898491194256e-02
1.652833276587262548e-02
1.490879338920916841e-02
1.345455035033475341e-02
1.214873116952592050e-02
1.097618561115677044e-02
9.923309887089197187e-03
8.977888804353430924e-03
8.128954025470569097e-03
7.366656796732826487e-03
6.682153667636929820e-03
6.067503875409722275e-03
5.515577203921517499e-03
5.019971247822954674e-03
4.574937121875105768e-03
4.175312753436904480e-03
3.816462984065474573e-03
3.494225785194982926e-03
3.204863963804558801e-03
2.945021797689331179e-03
2.711686097149502463e-03
2.502151241274571270e-03
2.313987783119282951e-03
2.145014259479685777e-03
1.993271878162461604e-03
1.857001789029832407e-03
1.734624674279619701e-03
1.624722334232794755e-03
1.526021248328803936e-03
1.437378352383102305e-03
1.357766982203260833e-03
1.286265244970754163e-03
1.222045360110020958e-03
1.164364039715040482e-03
1.112553866943292178e-03
1.066015551340180343e-03
1.024210974699334056e-03
9.866569469818204687e-04
9.529195995432071693e-04
9.226093506744337345e-04
8.953763850344929236e-04
8.709065945170619497e-04
8.489179334513870722e-04
8.291571458443255114e-04
8.113968266875971024e-04
7.954327832307147650e-04
7.810816744497993793e-04
7.681792970192295429e-04
7.565774977192501766e-04
7.461432823744605126e-04
7.367574992287722474e-04
7.283131416584412345e-04
7.207141224899754227e-04
7.138741628109387515e-04
7.077157901092723160e-04
7.021694394226658895e-04
6.971726462331317032e-04
6.926693217282014038e-04
6.886091020373966186e-04
6.849467638917309826e-04
6.816416999263652131e-04
6.786574475387307289e-04
6.759611853206799054e-04
6.735215071088108399e-04
6.713145874730011304e-04
6.693166210004940697e-04
6.675062458459215305e-04
6.658643010380419945e-04
6.643735832391816721e-04
6.630186466113688597e-04
6.617856233218761229e-04
6.606620623288583403e-04
6.596367846363048338e-04
6.586997533368858229e-04
6.578419569317342031e-04
6.570553045707290193e-04
6.563325319954414370e-04
6.556671170913125259e-04
6.550532040673505332e-04
6.544855353819246718e-04
6.539593906232846589e-04
6.534705316342834334e-04
6.530151532433728064e-04
6.525898390291100465e-04
6.521915216039373331e-04
6.518174469555219203e-04
6.514651424311255394e-04
6.511323879928145389e-04
6.508171904093489188e-04
6.505177600847295103e-04
6.502324902540299089e-04
6.499599383046633259e-04
6.496988090059417588e-04
6.494479394519687369e-04
6.492062855428231555e-04
6.489729098468806096e-04
6.487469707031647253e-04
6.485277124370460774e-04
6.483144565755426594e-04
6.481065939600997097e-04
6.479035776651585667e-04
6.477049166401926007e-04
6.475101700012953886e-04
6.473189419059659005e-04
6.471308769515027271e-04
6.469456560435165021e-04
6.467629926865329625e-04
6.465826296535609908e-04
6.464043359959102935e-04
6.462279043584988726e-04
6.460531485694380590e-04
6.458799014758758545e-04
6.457080130009377203e-04
6.455373483991794703e-04
6.453677866902680395e-04
6.451992192526856146e-04
6.450315485611037795e-04
6.448646844348017871e-04
6.446985411355343580e-04
6.445330568171306210e-04
6.443681729564398409e-04
6.442038463084888769e-04
6.440400117864247213e-04
6.438766170103579940e-04
6.437136201437365689e-04
6.435509808204782243e-04
6.433886698472149682e-04
6.432266603406485870e-04
6.430649263989759177e-04
6.429034441596761682e-04
6.427421919919159296e-04
6.425811504069299995e-04
6.424203018866893582e-04
6.422596306986347618e-04
6.420991227184794006e-04
6.419387652673921993e-04
6.417785469645559708e-04
6.416184575943808394e-04
6.414584879871713117e-04
6.412986299119661192e-04
6.411388759803431396e-04
6.409792195600755955e-04
6.408196546976350182e-04
6.406601760486356663e-04
6.405007788154069241e-04
6.403414586909642265e-04
6.401822118087208352e-04
6.400230346973539118e-04
6.398639242402975316e-04
6.397048776393841809e-04
6.395458923822149337e-04
6.393869662128725487e-04
6.392280971056363975e-04
6.390692832413905500e-04
6.389105229864512582e-04
6.387518148735620840e-04
6.385931575848383156e-04
6.384345499364594417e-04
6.382759908649291661e-04
6.381174794147442342e-04
6.379590147273275476e-04
6.378005960310947041e-04
6.376422226325387113e-04
6.374838939082285751e-04
6.373256092976279773e-04
6.371673682966496948e-04
6.370091704518706212e-04
6.368510153553395229e-04
6.366929026399173550e-04
6.365348319868768681e-04
6.363768031686586630e-04
6.362188158417558326e-04
6.360608697314311128e-04
6.359029646185237680e-04
6.357451002903409792e-04
6.355872765917302712e-04
6.354294933788868626e-04
6.352717505124856785e-04
6.351140478632794116e-04
6.349563853173989698e-04
6.347987627927152796e-04
6.346411801650099970e-04
6.344836373338677863e-04
6.343261342181580158e-04
6.341686707382729240e-04
6.340112468355669313e-04
6.338538624551662889e-04
6.336965175434395268e-04
6.335392120500899643e-04
6.333819459302651332e-04
6.332247191511646651e-04
6.330675316629289211e-04
6.329103834243808785e-04
6.327532744013681688e-04
6.325962045595871774e-04
6.324391738732297727e-04
6.322821823176802284e-04
6.321252298684647405e-04
6.319683165021503391e-04
6.318114421973693509e-04
6.316546069381089772e-04
6.314978106998145324e-04
6.313410534614716848e-04
6.311843352049197227e-04
6.310276559112790000e-04
6.308710155659231957e-04
6.307144141545405159e-04
6.305578516625879064e-04
6.304013280757839307e-04
6.302448433807621110e-04
6.300883975672306580e-04
6.299319906192593892e-04
6.297756225227068390e-04
6.296192932648675671e-04
6.294630028321247534e-04
6.293067512136687938e-04
6.291505383987073229e-04
6.289943643760893214e-04
6.288382291346608427e-04
6.286821326637918265e-04
6.285260749551477939e-04
6.283700559957500860e-04
6.282140757738123409e-04
6.280581342785001263e-04
6.279022314980040953e-04
6.277463674228272875e-04
6.275905420433882829e-04
6.274347553497052659e-04
6.272790073317039382e-04
6.271232979796994471e-04
6.269676272860349401e-04
6.268119952387543777e-04
6.266564018268892117e-04
6.265008470402574827e-04
6.263453308676824758e-04
6.261898533001279080e-04
6.260344143284389930e-04
6.258790139430469961e-04
6.257236521342598003e-04
6.255683288927293062e-04
6.254130442110408718e-04
6.252577980776052435e-04
6.251025904817494264e-04
6.249474214135290100e-04
6.247922908620004911e-04
6.246371988182984570e-04
6.244821452734278244e-04
6.243271302179754416e-04
6.241721536423951253e-04
6.240172155374681213e-04
6.238623158958742218e-04
6.237074547061669623e-04
6.235526319577916346e-04
6.233978476409007558e-04
6.232431017446472083e-04
6.230883942602387631e-04
6.229337251787488584e-04
6.227790944908327556e-04
6.226245021870088900e-04
6.224699482581181383e-04
6.223154326968836610e-04
6.221609554919269730e-04
6.220065166327498531e-04
6.218521161095544748e-04
6.216977539115441358e-04
6.215434300299650964e-04
6.213891444559293924e-04
6.212348971801305575e-04
6.210806881931244319e-04
6.209265174857870207e-04
6.207723850508683723e-04
6.206182908770314184e-04
6.204642349538145836e-04
6.203102172714523507e-04
6.201562378191831457e-04
6.200022965882809843e-04
6.198483935698848989e-04
6.196945287547170464e-04
6.195407021333613476e-04
6.193869136967204789e-04
6.192331634375655225e-04
6.190794513445920444e-04
6.189257774073679596e-04
6.187721416161548558e-04
6.186185439602206494e-04
6.184649844308629917e-04
6.183114630192446592e-04
6.181579797161123116e-04
6.180045345120752402e-04
6.178511273980598654e-04
6.176977583668565681e-04
6.175444274071898625e-04
6.173911345086552024e-04
6.172378796615392207e-04
6.170846628551372639e-04
6.169314840807691011e-04
6.167783433296203854e-04
6.166252405924611954e-04
6.164721758599248915e-04
6.163191491229603374e-04
6.161661603743764535e-04
6.160132096029263772e-04
6.158602967982315830e-04
6.157074219506030984e-04
6.155545850493632665e-04
6.154017860858534321e-04
6.152490250512813660e-04
6.150963019364403487e-04
6.149436167319868342e-04
6.147909694288929963e-04
6.146383600199848861e-04
6.144857884940440468e-04
6.143332548407178656e-04
6.141807590503414391e-04
6.140283011122637819e-04
6.138758810178475975e-04
6.137234987583228829e-04
6.135711543245054699e-04
6.134188477070753398e-04
6.132665788970268926e-04
6.131143478872040685e-04
6.129621546664162750e-04
6.128099992243365947e-04
6.126578815513244103e-04
6.125058016367546489e-04
6.123537594720119149e-04
6.122017550483476725e-04
6.120497883566007385e-04
6.118978593874740794e-04
6.117459681319843212e-04
6.115941145829935106e-04
6.114422987293388102e-04
6.112905205607186733e-04
6.111387800675162265e-04
6.109870772391333936e-04
6.108354120669757040e-04
6.106837845423165228e-04
6.105321946560174351e-04
6.103806423988039588e-04
6.102291277617155965e-04
6.100776507376318505e-04
6.099262113154175309e-04
6.097748094847967862e-04
6.096234452361763787e-04
6.094721185589846869e-04
6.093208294446485988e-04
6.091695778844628383e-04
6.090183638693116505e-04
6.088671873899440803e-04
6.087160484374212061e-04
6.085649470046407446e-04
6.084138830804947193e-04
6.082628566547328662e-04
6.081118677177861252e-04
6.079609162591083533e-04
6.078100022701480145e-04
6.076591257422216249e-04
6.075082866662359811e-04
6.073574850329628962e-04
6.072067208334860000e-04
6.070559940607200312e-04
6.069053047035847690e-04
6.067546527518555364e-04
6.066040381959868005e-04
6.064534610254586561e-04
6.063029212317410342e-04
6.061524188061714847e-04
6.060019537396796807e-04
6.058515260230602035e-04
6.057011356474186923e-04
6.055507826056876668e-04
6.054004668868144447e-04
6.052501884805993942e-04
6.050999473775208349e-04
6.049497435670848824e-04
6.047995770407826096e-04
6.046494477899733589e-04
6.044993558056087042e-04
6.043493010785065374e-04
6.041992835997942899e-04
6.040493033624222624e-04
6.038993603553648778e-04
6.037494545684480912e-04
6.035995859921735327e-04
6.034497546160736640e-04
6.032999604316605915e-04
6.031502034303146912e-04
6.030004836030105220e-04
6.028508009405882020e-04
6.027011554341976055e-04
6.025515470768061637e-04
6.024019758574160549e-04
6.022524417658780627e-04
6.021029447927173442e-04
6.019534849274929241e-04
6.018040621617370750e-04
6.016546764868521821e-04
6.015053278938348137e-04
6.013560163735481813e-04
6.012067419171639518e-04
6.010575045176670119e-04
6.009083041640863199e-04
6.007591408462985717e-04
6.006100145548522347e-04
6.004609252793317040e-04
6.003118730112908278e-04
6.001628577421530249e-04
6.000138794629374149e-04
5.998649381645296524e-04
5.997160338381231966e-04
5.995671664767203901e-04
5.994183360693779465e-04
5.992695426059969563e-04
5.991207860771497395e-04
5.989720664724462783e-04
5.988233837834614545e-04
5.986747380016399370e-04
5.985261291180231803e-04
5.983775571235193901e-04
5.982290220093438183e-04
5.980805237685163714e-04
5.979320623901204345e-04
5.977836378640824684e-04
5.976352501809978866e-04
5.974868993305029090e-04
5.973385853041930172e-04
5.971903080935343474e-04
5.970420676895900379e-04
5.968938640832911714e-04
5.967456972658749005e-04
5.965975672303782621e-04
5.964494739659118548e-04
5.963014174624269676e-04
5.961533977105424329e-04
5.960054146999199491e-04
5.958574684221762483e-04
5.957095588687981750e-04
5.955616860308714190e-04
5.954138498993493973e-04
5.952660504654909467e-04
5.951182877223502345e-04
5.949705616590649643e-04
5.948228722656115786e-04
5.946752195326320033e-04
5.945276034498136325e-04
5.943800240087935812e-04
5.942324812010800527e-04
5.940849750177810713e-04
5.939375054498721718e-04
5.937900724886340919e-04
5.936426761271382377e-04
5.934953163545493094e-04
5.933479931608680357e-04
5.932007065367600864e-04
5.930534564719383344e-04
5.929062429580604946e-04
5.927590659866562375e-04
5.926119255488550546e-04
5.924648216356553573e-04
5.923177542383591338e-04
5.921707233500550288e-04
5.920237289598638325e-04
5.920150612882227499e-04
