0.000000000000000000e+00
2.309454294856812737e-10
4.933077481698914653e-10
1.870989911541091435e-09
4.047300730400219777e-09
7.642190618853496988e-09
2.214859733381356950e-07
1.077196244262840853e-06
3.012695314868504511e-06
6.406308254235992328e-06
1.935698434124309017e-05
4.251469117085131266e-05
7.806102115118866681e-05
1.277588126284683197e-04
1.930149801520531405e-04
3.707803385682732138e-04
6.187956442956838625e-04
8.691761377176827853e-04
1.166868193169352851e-03
1.511917978414298791e-03
1.903840152928362207e-03
2.341737247377945370e-03
2.824440896241256233e-03
3.550804301699742732e-03
4.353907337280147130e-03
5.229676191738976201e-03
6.173926777527032062e-03
7.182467150092295902e-03
8.251143777336761645e-03
9.571957673324804627e-03
1.096324942223891180e-02
1.241906464647552638e-02
1.393377056017426445e-02
1.550206239094891261e-02
1.746926355598763317e-02
1.949977964441492947e-02
2.158596460086285168e-02
2.372081958439281948e-02
2.589794601625577952e-02
2.861569402726222774e-02
3.137838262808331086e-02
3.417725642429647603e-02
3.700448007349385615e-02
4.209769946996914924e-02
4.722514820966439847e-02
5.235914061572993772e-02
5.747757525617577801e-02
6.256203412026628552e-02
6.892603839956297496e-02
7.518964724693165402e-02
8.133587032224012803e-02
8.735238878771617310e-02
9.323047237398485176e-02
9.578589641465504179e-02
9.831271337647093378e-02
1.008107217981890624e-01
1.032796952017566577e-01
1.058133532044691766e-01
1.083151888189438639e-01
1.107852744602881023e-01
1.162914049327181676e-01
1.216334847278620207e-01
1.268130425907889880e-01
1.318322129881327465e-01
1.387162401910977672e-01
1.452885463548987954e-01
1.515588415646574039e-01
1.575373181935746103e-01
1.641814718911807358e-01
1.704560489004825763e-01
1.719688837552840466e-01
1.734599707126680823e-01
1.749295069876418696e-01
1.763777366014241121e-01
1.778049101875781579e-01
1.792257816628187173e-01
1.806256537084876268e-01
1.820047771442128981e-01
1.833634034551427372e-01
1.847501689891611343e-01
1.861154383578977334e-01
1.874594803515861052e-01
1.923140118017760969e-01
1.968874381146132335e-01
2.011923129372393537e-01
2.052410786573805879e-01
2.112717664519047356e-01
2.126855269967493633e-01
2.140630765920650824e-01
2.154051042524175730e-01
2.167123910651458929e-01
2.179856087219110838e-01
2.187774171893195896e-01
2.195558724863331534e-01
2.203211431245572227e-01
2.210733827627664461e-01
2.218236834824691694e-01
2.225608896951393467e-01
2.232851692187756698e-01
2.264568968688674133e-01
2.293729596183068098e-01
2.320477779500053905e-01
2.344949143936591041e-01
2.350726398863732525e-01
2.356371660515080846e-01
2.361885804563542968e-01
2.367271327011730708e-01
2.371922406239801717e-01
2.376476026382215445e-01
2.380933446434029266e-01
2.389753170987584108e-01
2.398186208367623362e-01
2.406242773533267820e-01
2.426930297260544156e-01
2.431673622502839582e-01
2.436251681122502677e-01
2.440667436754440645e-01
2.441746366081449515e-01
2.442810824504096368e-01
2.443865403815162762e-01
2.444128647092020934e-01
2.444391295926976182e-01
2.444402272075774651e-01
2.444413247103140452e-01
2.444435193104896875e-01
2.444457135772005740e-01
2.444479074114072059e-01
2.444483461231459764e-01
2.444487848224283222e-01
2.444492235045946094e-01
2.444493635112061081e-01
2.444495035160741403e-01
2.444497835188105539e-01
2.444500635129188693e-01
2.444503435022064575e-01
2.444531429864074956e-01
2.444559416542591568e-01
2.444587394136066016e-01
2.444866469409380794e-01
2.445143631116039329e-01
2.445418027226145263e-01
2.445688856135605216e-01
2.446777103748593030e-01
2.447741241361382492e-01
2.448545556652172439e-01
2.449163606646272140e-01
2.449576757047792208e-01
2.449785493590938834e-01
2.449466875246769371e-01
2.448614153159565932e-01
2.447234001407582737e-01
2.445340933051905474e-01
2.442954373388160350e-01
2.439384012936267609e-01
2.435150327301267292e-01
2.430300253802754884e-01
2.424880259968466567e-01
2.418935330106484760e-01
2.411290518749061862e-01
2.403038828277879457e-01
2.394241927813861859e-01
2.384956595665979062e-01
2.373728313336946061e-01
2.361993030065960009e-01
2.349815274922107955e-01
2.337252910705835962e-01
2.323724970798512479e-01
2.309884434038452783e-01
2.295778707405876640e-01
2.281449927470995676e-01
2.249065103644358188e-01
2.216101304191590016e-01
2.182815875275979367e-01
2.149409658795515266e-01
2.116035118131217585e-01
2.093429068841154983e-01
2.070919783471088238e-01
2.048531242203829039e-01
2.026282333966541171e-01
2.010910597075219464e-01
1.995618708599815605e-01
1.980410182147187836e-01
1.932424360693256182e-01
1.885400743999197937e-01
1.839382424100835522e-01
1.794389638773740969e-01
1.760557018965432374e-01
1.727330779364794899e-01
1.694707447168335435e-01
1.679357287229731321e-01
1.664142480174490291e-01
1.649062172133962667e-01
1.630703537553314930e-01
1.612545304626559206e-01
1.594585784984141053e-01
1.553508320420846078e-01
1.513476855618988703e-01
1.474466338413537581e-01
1.452224230011079087e-01
1.430315531875477608e-01
1.408735038770377868e-01
1.387478184704560857e-01
1.377174306636605450e-01
1.366946544230846217e-01
1.356793989799624511e-01
1.346799761643969195e-01
1.336879061247218670e-01
1.327031263461530552e-01
1.269353599534579768e-01
1.214182876636270142e-01
1.200768341093134545e-01
1.187501152771137103e-01
1.174379357245099453e-01
1.161401562931541898e-01
1.152778646917169969e-01
1.144219657844321725e-01
1.135724064208065986e-01
1.127374079503259546e-01
1.119085364151191780e-01
1.110857489568667367e-01
1.079101781907571833e-01
1.048252759961069008e-01
1.018284843066728090e-01
9.435221326052399549e-02
9.257050682753556470e-02
9.082248188679992174e-02
8.910746607835806632e-02
8.868379597274320125e-02
8.826214008931038135e-02
8.784248888714894787e-02
8.742483289237534816e-02
8.677847154702902910e-02
8.613688941569280777e-02
8.550004990915513470e-02
8.486943226814015750e-02
8.424346734862549202e-02
8.362212164416261972e-02
7.765547562493418932e-02
7.623164734440067425e-02
7.483399123519948737e-02
7.346201270293548080e-02
7.211523410284144397e-02
7.158047146336488087e-02
7.104968554150596638e-02
7.052284727025846800e-02
7.000227339459867693e-02
6.948555492471610029e-02
6.897266256283197949e-02
6.757481073960285023e-02
6.620537709815788041e-02
6.486378759459948684e-02
6.347135877987021557e-02
6.210892230345785997e-02
6.077583924458257458e-02
5.819523720305905951e-02
5.572464818610491089e-02
5.335942296456564621e-02
5.109509366928183943e-02
4.688350745860288271e-02
4.302113249866354461e-02
3.947914235829829560e-02
3.623105781810649628e-02
3.325257223461877687e-02
2.977820609259893003e-02
2.667081506082634099e-02
2.389163184173161147e-02
2.140603169375701262e-02
1.918307595934716850e-02
1.712217001819588830e-02
1.528708759500633542e-02
1.365308551893148863e-02
1.219814058706751927e-02
1.090264861190436141e-02
9.749146228170720366e-03
8.722073862048963788e-03
7.807573988615656296e-03
6.993309569366416498e-03
6.268296541036320370e-03
5.622753093992400100e-03
5.047967670031916661e-03
4.536183083138576808e-03
4.080492819102030794e-03
3.674747576270520795e-03
3.313471812983004826e-03
2.991789896380344423e-03
2.705360634896323418e-03
2.450318854186740811e-03
2.223223159758348777e-03
2.021009394941804347e-03
1.840949293848947923e-03
1.680613716224946394e-03
1.537839881020271107e-03
1.410702150556022516e-03
1.297486014751555701e-03
1.196664946275148795e-03
1.106879801265708363e-03
1.026920471304160155e-03
9.557095392689275888e-04
8.922877272162912715e-04
8.358009434858692252e-04
7.854887512844927182e-04
7.406741000858573301e-04
7.007541815192810985e-04
6.651922880012963108e-04
6.335105647780335828e-04
6.052835569046767505e-04
5.801324634834491246e-04
5.577200216713868461e-04
5.377459517074414334e-04
5.199429015481188366e-04
5.040728362211043456e-04
4.899238230354372933e-04
4.773071692595736446e-04
4.660548736792735473e-04
4.560173576353139090e-04
4.470614448712796336e-04
4.390685628895557992e-04
4.319331415313579356e-04
4.255611871666799143e-04
4.198690132401470035e-04
4.147821100220588876e-04
4.102341382965239616e-04
4.061660333977316971e-04
4.025252074963844807e-04
3.992648393626765631e-04
3.963432420122637548e-04
3.937232996942669730e-04
3.913719666178192653e-04
3.892598206474740018e-04
3.873606659397042643e-04
3.856511791535229472e-04
3.841105944569004867e-04
3.827204230747837787e-04
3.814642035910185882e-04
3.803272796317632397e-04
3.792966019277590963e-04
3.783605520820991692e-04
3.775087856633189401e-04
3.767320925046442549e-04
3.760222723226008291e-04
3.753720239750850569e-04
3.747748468632075168e-04
3.742249531452491833e-04
3.737171895770941758e-04
3.732469679235170907e-04
3.728102030004561834e-04
3.724032575114698219e-04
3.720228929333381745e-04
3.716662257874724204e-04
3.713306887065302925e-04
3.710139957704055918e-04
3.707141116434153395e-04
3.704292240958553979e-04
3.701577195387974412e-04
3.698981612417003451e-04
3.696492699386446767e-04
3.694099065612543560e-04
3.691790568651001094e-04
3.689558177419453595e-04
3.687393850329693016e-04
3.685290426783721564e-04
3.683241530568173347e-04
3.681241483842337208e-04
3.679285230558113420e-04
3.677368268277617655e-04
3.675486587467538535e-04
3.673636617450393529e-04
3.671815178282653545e-04
3.670019437909852428e-04
3.668246874025946134e-04
3.666495239989834513e-04
3.664762533036218040e-04
3.663046970579609618e-04
3.661346966487412456e-04
3.659661107759283735e-04
3.657988136573004138e-04
3.656326930332163844e-04
3.654676485710103904e-04
3.653035908830042371e-04
3.651404405559607077e-04
3.649781269207908949e-04
3.648165868869203670e-04
3.646557640798750791e-04
3.644956082650732915e-04
3.643360747160302271e-04
3.641771235490000574e-04
3.640187193161307719e-04
3.638608304290737888e-04
3.637034282495029682e-04
3.635464870212146626e-04
3.633899807014045113e-04
3.632338910548894026e-04
3.630782018088276469e-04
3.629228972740177871e-04
3.627679630200876157e-04
3.626133859937941844e-04
3.624591544567074409e-04
3.623052578715500087e-04
3.621516867808412450e-04
3.619984326918872426e-04
3.618454879720019060e-04
3.616928457544237897e-04
3.615404998543033863e-04
3.613884446938438991e-04
3.612366752356527873e-04
3.610851869234238181e-04
3.609339756291493769e-04
3.607830376061465410e-04
3.606323694472573995e-04
3.604819680476534921e-04
3.603318306134551080e-04
3.601819552458808220e-04
3.600323389502567894e-04
3.598829792151225153e-04
3.597338740067653915e-04
3.595850212597125170e-04
3.594364194157710808e-04
3.592880670182265596e-04
3.591399626104185860e-04
3.589921047945482911e-04
3.588444922654876858e-04
3.586971241057987153e-04
3.585499988546546942e-04
3.584031152356272781e-04
3.582564721637202247e-04
3.581100684908773832e-04
3.579639033236465574e-04
3.578179758018891813e-04
3.576722850453743080e-04
3.575268301863788350e-04
3.573816103917810505e-04
3.572366250588229850e-04
3.570918732189186416e-04
3.569473539948035592e-04
3.568030666106974187e-04
3.566590102195632073e-04
3.565151841471578742e-04
3.563715877311858429e-04
3.562282202835361411e-04
3.560850811142967742e-04
3.559421695498624191e-04
3.557994850947499184e-04
3.556570269486827060e-04
3.555147943726805074e-04
3.553727866999708586e-04
3.552310031914350866e-04
3.550894432525437744e-04
3.549481062939993225e-04
3.548069916994580578e-04
3.546660988464704601e-04
3.545254271230234848e-04
3.543849760758874473e-04
3.542447449715284543e-04
3.541047331273983038e-04
3.539649399228608577e-04
3.538253646660204110e-04
3.536860067981806993e-04
3.535468657637373321e-04
3.534079409801966208e-04
3.532692318577723158e-04
3.531307378151295239e-04
3.529924584207384331e-04
3.528543929756864901e-04
3.527165408279201971e-04
3.525789013829610944e-04
3.524414739767970967e-04
3.523042580725497196e-04
3.521672531357232841e-04
3.520304586055063561e-04
3.518938739135779375e-04
3.517574984993006087e-04
3.516213319461827672e-04
3.514853735795092464e-04
3.513496227692532539e-04
3.512140789405193524e-04
3.510787414507641774e-04
3.509436097802469574e-04
3.508086834113472406e-04
3.506739618008187522e-04
3.505394443979870231e-04
3.504051306594769210e-04
3.502710201815186007e-04
3.501371123099557541e-04
3.500034064337867890e-04
3.498699019953194125e-04
3.497365983711105955e-04
3.496034950568001126e-04
3.494705915500268987e-04
3.493378873235153566e-04
3.492053818427311553e-04
3.490730745801803392e-04
3.489409651438615898e-04
3.488090528986693322e-04
3.486773372513419611e-04
3.485458176603299239e-04
3.484144935201962962e-04
3.482833643411255872e-04
3.481524296352256809e-04
3.480216888903932509e-04
3.478911415874600386e-04
3.477607872140814284e-04
3.476306253895037235e-04
3.475006554968399029e-04
3.473708769598291934e-04
3.472412892524254831e-04
3.471118917865111098e-04
3.469826840862761980e-04
3.468536656777722847e-04
3.467248360635282194e-04
3.465961947392041053e-04
3.464677412070845211e-04
3.463394750972843546e-04
3.462113958105237027e-04
3.460835027869837727e-04
3.459557955156226721e-04
3.458282734250935032e-04
3.457009360531518739e-04
3.455737829393601065e-04
3.454468136004263550e-04
3.453200275463848582e-04
3.451934242937033481e-04
3.450670034830362418e-04
3.449407645321788990e-04
3.448147068972615202e-04
3.446888300817996329e-04
3.445631335307202683e-04
3.444376167949442301e-04
3.443122794271471577e-04
3.441871209578005551e-04
3.440621409108914758e-04
3.439373388166566399e-04
3.438127143259827852e-04
3.436882668732429936e-04
3.435639959300528542e-04
3.434399010140633973e-04
3.433159815860044968e-04
3.431922372095817602e-04
3.430686674502051608e-04
3.429452718517126807e-04
3.428220499516418949e-04
3.426990012936015849e-04
3.425761255384161775e-04
3.424534221365594820e-04
3.423308905746868689e-04
3.422085303841787291e-04
3.420863410411138241e-04
3.419643221216153999e-04
3.418424732034625502e-04
3.417207938434757108e-04
3.415992835923543458e-04
3.414779420066960873e-04
3.413567687569779054e-04
3.412357633093124126e-04
3.411149251649640618e-04
3.409942538686489303e-04
3.408737489113547524e-04
3.407534098812669025e-04
3.406332363681787898e-04
3.405132279415221271e-04
3.403933841647806399e-04
3.402737046071690379e-04
3.401541889485404715e-04
3.400348366701984185e-04
3.399156472875980743e-04
3.397966203584092387e-04
3.396777553881020931e-04
3.395590519765784429e-04
3.394405097253025373e-04
3.393221282159556763e-04
3.392039070244405249e-04
3.390858457322274517e-04
3.389679440282769595e-04
3.388502014086492223e-04
3.387326174025835483e-04
3.386151915803328792e-04
3.384979234614351367e-04
3.383808126571733756e-04
3.382638587803485884e-04
3.381470614245409229e-04
3.380304201777166364e-04
3.379139346332506373e-04
3.377976044889508976e-04
3.376814292552112861e-04
3.375654084746608995e-04
3.374495417297755954e-04
3.373338285537585794e-04
3.372182685689482993e-04
3.371028613991577721e-04
3.369876066495259876e-04
3.368725039197372059e-04
3.367575528147304358e-04
3.366427530409074696e-04
3.365281041225857712e-04
3.364136056154011772e-04
3.362992571137027515e-04
3.361850581639673702e-04
3.360710083992729915e-04
3.359571074541293709e-04
3.358433549449034417e-04
3.357297504826621233e-04
3.356162936835775179e-04
3.355029842623993949e-04
3.353898217569704779e-04
3.352768057355608655e-04
3.351639358040529849e-04
3.350512115218179116e-04
3.349386325323652010e-04
3.348261984805956022e-04
3.347139089937824718e-04
3.346017636940496940e-04
3.344897622084811611e-04
3.343779042599356074e-04
3.342661893993936848e-04
3.341546172073983894e-04
3.340431873010355347e-04
3.339318992522012251e-04
3.338207527145382403e-04
3.337097473430407097e-04
3.335988827755765425e-04
3.334881586450100547e-04
3.333775745890244619e-04
3.332671303383554981e-04
3.331568254567460674e-04
3.330466595366606193e-04
3.329366322060675924e-04
3.328267430490298453e-04
3.327169917290333039e-04
3.326073779108769174e-04
3.324979012427195166e-04
3.323885613678588037e-04
3.322793579342737946e-04
3.321702906803520347e-04
3.320613591822330329e-04
3.319525630439618732e-04
3.318439019040782365e-04
3.317353753584633812e-04
3.316269830801646498e-04
3.315187247435052195e-04
3.314106000066405905e-04
3.313026085230028821e-04
3.311947499505727669e-04
3.310870240351701586e-04
3.309794303649768541e-04
3.308719685552868059e-04
3.307646382549083363e-04
3.306574390712031580e-04
3.305503706865065938e-04
3.304434327843931555e-04
3.303366250327288917e-04
3.302299470947907484e-04
3.301233986382741750e-04
3.300169794162193296e-04
3.299106890285054120e-04
3.298045271013533980e-04
3.296984932935466493e-04
3.295925872235984399e-04
3.294868085828663354e-04
3.293811570639114741e-04
3.292756323440327888e-04
3.291702340960698343e-04
3.290649619971554979e-04
3.289598158073431537e-04
3.288547951378746571e-04
3.287498996255855399e-04
3.286451289389483534e-04
3.285404827073092320e-04
3.284359606307895641e-04
3.283315624106801045e-04
3.282272877334425410e-04
3.281231362812057103e-04
3.280191077402696458e-04
3.279152018775000348e-04
3.278114183151767239e-04
3.277077567004456826e-04
3.276042167111916379e-04
3.275007979872833399e-04
3.273975002373553326e-04
3.272943231711784038e-04
3.271912664841145654e-04
3.270883298673160893e-04
3.269855130159876697e-04
3.268828157036129641e-04
3.267802375631933859e-04
3.266777782518904389e-04
3.265754374567319271e-04
3.264732148278079167e-04
3.263711100820226494e-04
3.262691229373837595e-04
3.261672530978993920e-04
3.260655002634870511e-04
3.259638641380013585e-04
3.258623445013541522e-04
3.257609409969619628e-04
3.256596532917152738e-04
3.255584810815229688e-04
3.254574240264043457e-04
3.253564818512962834e-04
3.252556542822082077e-04
3.251549410315465478e-04
3.250543418077431559e-04
3.249538563230551665e-04
3.248534843636389884e-04
3.247532255830276257e-04
3.246530796575625524e-04
3.245530462917795402e-04
3.244531251553428954e-04
3.243533159809926627e-04
3.242536185025105878e-04
3.241540324404613418e-04
3.240545575115475049e-04
3.239551934361883565e-04
3.238559400066057118e-04
3.237567968861602172e-04
3.236577637603736657e-04
3.235588403421617906e-04
3.234600263105580310e-04
3.233613214058821974e-04
3.232627253694660401e-04
3.231642379297990433e-04
3.230658588116178879e-04
3.229675877432702444e-04
3.228694245228701872e-04
3.227713688233244918e-04
3.226734203390724059e-04
3.225755787911704486e-04
3.224778438677525271e-04
3.223802153165016482e-04
3.222826928860835936e-04
3.221852763126856287e-04
3.220879653288487928e-04
3.219907596706223863e-04
3.218936591418438786e-04
3.217966634246934433e-04
3.216997722222725612e-04
3.216029852655435104e-04
3.215972806247298517e-04
