0.000000000000000000e+00
2.182980971818315580e-10
7.276154329646360228e-10
2.470310357507192659e-09
6.133480813520217116e-09
1.275626230679115558e-08
4.342270067316161681e-07
2.158560599875875137e-06
6.021182292314667424e-06
1.278501412551359153e-05
3.858198023543784537e-05
8.464324675014734225e-05
1.552150313747633530e-04
2.537183441222188381e-04
3.829246598038500466e-04
7.341274491099545208e-04
1.222780324057819992e-03
1.714790704215736830e-03
2.298715575450634846e-03
2.974101706304056302e-03
3.739492745168531123e-03
4.592896360670744096e-03
5.531750078340054270e-03
6.941132475846679799e-03
8.495100113152265556e-03
1.018505821447523475e-02
1.200223258933800184e-02
1.393787872252755071e-02
1.598340292751064887e-02
1.850413893851495656e-02
2.115101254004021769e-02
2.391189933748023508e-02
2.677537952118336576e-02
2.973073681042421798e-02
3.342469598086642707e-02
3.722261435749244646e-02
4.110934926195439904e-02
4.507112223388282796e-02
4.909524894855445826e-02
5.409612903335109246e-02
5.915438027228051010e-02
6.425305592558244738e-02
6.937712950386490385e-02
7.854176587215325189e-02
8.768175115040495460e-02
9.674604538474833315e-02
1.056945368150288833e-01
1.144956885970322136e-01
1.253857524802007573e-01
1.359642581538146877e-01
1.462063169471656543e-01
1.560962866639571400e-01
1.656253023525274537e-01
1.697258440908978039e-01
1.737548796961006503e-01
1.777124791301697426e-01
1.815989016191115746e-01
1.855610713997317418e-01
1.894472285837361381e-01
1.932579427760557356e-01
2.016575965268596893e-01
2.096782314560265148e-01
2.173298889911393639e-01
2.246229653715787755e-01
2.344248596645032712e-01
2.435562860497630100e-01
2.520518943853473082e-01
2.599455311383604972e-01
2.684686114766616227e-01
2.762629290542285010e-01
2.781034147747312169e-01
2.799021327762696298e-01
2.816598105973107669e-01
2.833772019518174812e-01
2.850549518484068456e-01
2.867105783783258643e-01
2.883269808202605367e-01
2.899049210915906616e-01
2.914452009598887949e-01
2.930026729492228310e-01
2.945211033918837540e-01
2.960012001605347720e-01
3.012209603769960276e-01
3.059475203463604687e-01
3.102147328818153360e-01
3.140527061019617316e-01
3.194219106132195618e-01
3.206148386651390680e-01
3.217513727924471989e-01
3.228329639404325380e-01
3.238612013765401199e-01
3.248378168477995542e-01
3.254323226662345081e-01
3.260068872918990834e-01
3.265618808389806893e-01
3.270976429862372248e-01
3.276221010698277536e-01
3.281274872112918128e-01
3.286141420079612407e-01
3.306226993197779462e-01
3.322734150251370755e-01
3.335963210850991234e-01
3.346185572293207122e-01
3.348301437088550547e-01
3.350248850743446916e-01
3.352031508980312102e-01
3.353653008712914607e-01
3.354953857697260955e-01
3.356134049977421152e-01
3.357195508925562288e-01
3.359006216811658563e-01
3.360351659163604010e-01
3.361249134470334909e-01
3.361522278682028131e-01
3.361103181427312903e-01
3.360500297701020100e-01
3.359718510217131193e-01
3.359495710928454004e-01
3.359262071365888280e-01
3.359017673336534560e-01
3.358954907264949385e-01
3.358891422789784809e-01
3.358888752528154664e-01
3.358886082266524520e-01
3.358880739341913446e-01
3.358875392258245385e-01
3.358870040192442619e-01
3.358868969082336453e-01
3.358867897931157587e-01
3.358866826616871415e-01
3.358866484664135843e-01
3.358866142698053725e-01
3.358865458709205942e-01
3.358864774456840063e-01
3.358864089744420522e-01
3.358857239963693453e-01
3.358850383249430416e-01
3.358843514254685192e-01
3.358774035523908186e-01
3.358702450787569016e-01
3.358627924262764797e-01
3.358549519991890775e-01
3.358155548657036915e-01
3.357623067439083897e-01
3.356911655741445233e-01
3.355992141036187593e-01
3.354843962607881869e-01
3.352624839148721780e-01
3.349816780605320288e-01
3.346413540732300906e-01
3.342422291738856299e-01
3.337859348270194593e-01
3.332747492720600224e-01
3.325760381122263576e-01
3.318036880283276591e-01
3.309630276143005201e-01
3.300593202513580904e-01
3.290976612436934401e-01
3.278929635045222390e-01
3.266216114718771268e-01
3.252905534242497843e-01
3.239062092147994010e-01
3.222539888500912109e-01
3.205470343865393645e-01
3.187926362822463555e-01
3.169973225669678318e-01
3.150774161421403541e-01
3.131249712007613262e-01
3.111452624629902908e-01
3.091431549188091710e-01
3.046442315299295878e-01
3.000932495651234544e-01
2.955196289301000312e-01
2.909454415455256515e-01
2.863873975335002875e-01
2.833054830905156196e-01
2.802404104939301144e-01
2.771947131025395694e-01
2.741705182548110353e-01
2.720823028268851140e-01
2.700058014761319014e-01
2.679414228664458997e-01
2.614326178046216254e-01
2.550586541829814036e-01
2.488243163728696417e-01
2.427314198379181831e-01
2.381509167605968813e-01
2.336533003708956557e-01
2.292379005454103780e-01
2.271604473886658093e-01
2.251013837236173487e-01
2.230605889569882427e-01
2.205762290843905071e-01
2.181190727674094387e-01
2.156888798539237651e-01
2.101307753001903367e-01
2.047144816895315744e-01
1.994365305763305674e-01
1.964273836869877554e-01
1.934633657991092770e-01
1.905438096047678276e-01
1.876680904973315467e-01
1.862741518609787039e-01
1.848905319989185558e-01
1.835171611491004939e-01
1.821652620225711339e-01
1.808232852239067823e-01
1.794911527891280278e-01
1.716891479294007927e-01
1.642253268668828758e-01
1.624104975577112253e-01
1.606156787703253985e-01
1.588406567836335714e-01
1.570852144253302995e-01
1.559188450890695854e-01
1.547611150178763162e-01
1.536119083903968174e-01
1.524823849226648043e-01
1.513611944345684135e-01
1.502482533061353653e-01
1.459527284919672485e-01
1.417800591899583962e-01
1.377272133170020507e-01
1.276157231830047367e-01
1.252059696579300718e-01
1.228417136108009150e-01
1.205221237378094057e-01
1.199491114084125787e-01
1.193788247279765347e-01
1.188112528167331872e-01
1.182463826639632426e-01
1.173721993049339080e-01
1.165044978138300991e-01
1.156432272218159557e-01
1.147903817378354285e-01
1.139438329697221031e-01
1.131035293189665975e-01
1.050344358954335700e-01
1.031089325839724957e-01
1.012188424694486499e-01
9.936346938048327970e-02
9.754221975989535443e-02
9.681906090150478594e-02
9.610127616986967325e-02
9.538882379151966684e-02
9.468483975004560182e-02
9.398608053921628236e-02
9.329249431028882600e-02
9.140217905298829437e-02
8.955030889181102294e-02
8.773610796139433288e-02
8.585314276623569330e-02
8.401071795726902658e-02
8.220796610171256236e-02
7.871815404773771507e-02
7.537714029314371289e-02
7.217867598351626612e-02
6.911667580777232367e-02
6.342167053661447451e-02
5.819901898096041526e-02
5.340960290359916124e-02
4.901757529784961376e-02
4.499005634565519246e-02
4.029193980844718997e-02
3.609008823107970332e-02
3.233220594790940650e-02
2.897148118045495685e-02
2.596593454409925131e-02
2.317943075178005921e-02
2.069820350041422230e-02
1.848887105886714080e-02
1.652168035701062285e-02
1.477009604081966528e-02
1.321048026080728563e-02
1.182179788816443630e-02
1.058532578107703251e-02
9.484386569817216880e-03
8.504122781902715561e-03
7.631303927109388263e-03
6.854152220046901348e-03
6.162181975001004494e-03
5.546055600728970296e-03
4.997457621983113739e-03
4.508983958142160492e-03
4.074042726674833963e-03
3.686764894349809848e-03
3.341924592639962735e-03
3.034868629440833250e-03
2.761453973449390191e-03
2.517991945048508439e-03
2.301198330712317733e-03
2.108148956858822004e-03
1.936240227415652162e-03
1.783154028508851432e-03
1.646826447354836657e-03
1.525419884259899758e-03
1.417298223389262162e-03
1.321004744404671557e-03
1.235242462418539335e-03
1.158856616178218901e-03
1.090819069600048414e-03
1.030214424422076043e-03
9.762276592298963418e-04
9.281331248278841799e-04
8.852847446885576347e-04
8.471072887051270175e-04
8.130886040555796498e-04
7.827726986833059191e-04
7.557535833302209995e-04
7.316697884833312567e-04
7.101994823422307264e-04
6.910561241964186712e-04
6.739845945697512655e-04
6.587577497316384747e-04
6.451733539585644689e-04
6.330513481538236221e-04
6.222314179986550026e-04
6.125708287983090607e-04
6.039424977532854193e-04
5.962332776060475740e-04
5.893424284918451651e-04
5.831802573666639879e-04
5.776669066372054238e-04
5.727312756267095416e-04
5.683100603077015801e-04
5.643468983345158998e-04
5.607916078307397792e-04
5.575995096506554307e-04
5.547308239600684922e-04
5.521501329864025474e-04
5.498259026824583919e-04
5.477300568438663812e-04
5.458375979282426970e-04
5.441262694546156577e-04
5.425762554234444569e-04
5.411699126977016858e-04
5.398915327306396837e-04
5.387271294221242972e-04
5.376642502382823329e-04
5.366918080434363632e-04
5.357999313730713292e-04
5.349798311256331483e-04
5.342236818726939533e-04
5.335245161844510411e-04
5.328761305433157933e-04
5.322730015748680481e-04
5.317102114647906819e-04
5.311833815544649571e-04
5.306886132183655973e-04
5.302224352247448137e-04
5.297817568686604122e-04
5.293638262443602907e-04
5.289661930934512393e-04
5.285866757270771005e-04
5.282233315753578559e-04
5.278744309663305559e-04
5.275384337802480799e-04
5.272139686639303264e-04
5.268998145244363409e-04
5.265948840521093161e-04
5.262982090504587148e-04
5.260089273747421126e-04
5.257262713028417519e-04
5.254495571813714520e-04
5.251781762071728275e-04
5.249115862196992782e-04
5.246493043934311127e-04
5.243909007316297031e-04
5.241359922735545646e-04
5.238842379369067909e-04
5.236353339258414561e-04
5.233890096425289351e-04
5.231450240487213812e-04
5.229031623927691717e-04
5.226632332174122129e-04
5.224250661000477171e-04
5.221885093444934844e-04
5.219534277771912959e-04
5.217197010198270637e-04
5.214872215679383161e-04
5.212558933242180748e-04
5.210256306765127972e-04
5.207963575272050180e-04
5.205680060969463058e-04
5.203405158259378398e-04
5.201138325798989031e-04
5.198879080968404724e-04
5.196626993652706103e-04
5.194381679985958251e-04
5.192142798682413676e-04
5.189910044386373969e-04
5.187683140365726428e-04
5.185461833877393935e-04
5.183245876398034826e-04
5.181035094131262748e-04
5.178829326606393651e-04
5.176628420181650500e-04
5.174432233672148331e-04
5.172240639194593996e-04
5.170053521473590846e-04
5.167870776722571866e-04
5.165692311473789409e-04
5.163518041476710492e-04
5.161347890696758259e-04
5.159181790417071084e-04
5.157019678436673259e-04
5.154861498356110450e-04
5.152707201324066870e-04
5.150556750890132769e-04
5.148410092925579740e-04
5.146267183736109386e-04
5.144127987287678118e-04
5.141992468045353737e-04
5.139860599460431599e-04
5.137732356183224080e-04
5.135607713222190224e-04
5.133486646832373292e-04
5.131369135756610588e-04
5.129255163646778085e-04
5.127144705993492545e-04
5.125037742179256459e-04
5.122934254395989512e-04
5.120834224414292594e-04
5.118737638171049799e-04
5.116644481862644674e-04
5.114554741545479424e-04
5.112468403593241513e-04
5.110385455451588611e-04
5.108305887172458377e-04
5.106229683681519057e-04
5.104156831758660962e-04
5.102087319477119180e-04
5.100021134218212654e-04
5.097958265982687354e-04
5.095898704740209513e-04
5.093842440172002047e-04
5.091789461988418218e-04
5.089739760521253204e-04
5.087693327958937688e-04
5.085650152384799593e-04
5.083610223081899433e-04
5.081573530141378532e-04
5.079540062893939415e-04
5.077509812769116782e-04
5.075482771077820601e-04
5.073458928803138224e-04
5.071438276869297832e-04
5.069420806673118323e-04
5.067406511204255786e-04
5.065395379737491766e-04
5.063387402525284945e-04
5.061382570465128164e-04
5.059380873688184991e-04
5.057382304225388394e-04
5.055386853964817951e-04
5.053394514461201185e-04
5.051405277184870240e-04
5.049419134024328614e-04
5.047436078349670265e-04
5.045456100007300647e-04
5.043479189734775435e-04
5.041505338852572682e-04
5.039534537928076026e-04
5.037566779330822364e-04
5.035602055282933963e-04
5.033640357678042599e-04
5.031681678319283859e-04
5.029726009403264397e-04
5.027773344545399510e-04
5.025823673964456301e-04
5.023876988726639226e-04
5.021933280450811788e-04
5.019992540021505191e-04
5.018054760060480790e-04
5.016119933043590180e-04
5.014188051126102635e-04
5.012259106372709931e-04
5.010333091226370052e-04
5.008409999502009928e-04
5.006489821722988082e-04
5.004572549230234960e-04
5.002658173897330017e-04
5.000746686883597667e-04
4.998838081031853993e-04
4.996932349042328397e-04
4.995029483303336159e-04
4.993129476114368213e-04
4.991232320141156817e-04
4.989338009380311911e-04
4.987446534633235666e-04
4.985557887493822409e-04
4.983672060072106332e-04
4.981789043783946009e-04
4.979908831679413610e-04
4.978031416669787164e-04
4.976156791363174669e-04
4.974284948281127924e-04
4.972415880300614299e-04
4.970549581590945213e-04
4.968686043218042145e-04
4.966825257017179690e-04
4.964967215324654192e-04
4.963111909802271149e-04
4.961259333699088525e-04
4.959409480129243998e-04
4.957562341912287755e-04
4.955717911783595782e-04
4.953876182823715004e-04
4.952037149368535831e-04
4.950200802739182504e-04
4.948367135004051514e-04
4.946536138718155310e-04
4.944707805781189611e-04
4.942882129634781864e-04
4.941059103589444780e-04
4.939238720669473625e-04
4.937420973817368197e-04
4.935605856310921070e-04
4.933793362647465779e-04
4.931983484395485121e-04
4.930176213849395963e-04
4.928371543776335992e-04
4.926569466306770107e-04
4.924769975069148969e-04
4.922973063564529484e-04
4.921178725015899974e-04
4.919386952566762649e-04
4.917597739686361755e-04
4.915811081028730566e-04
4.914026968402464713e-04
4.912245394321401899e-04
4.910466351758626183e-04
4.908689833068669104e-04
4.906915832061383527e-04
4.905144342422859552e-04
4.903375357569019280e-04
4.901608870838565762e-04
4.899844875886655727e-04
4.898083367519511910e-04
4.896324337778912555e-04
4.894567779391796386e-04
4.892813685531266499e-04
4.891062048769474410e-04
4.889312863092467763e-04
4.887566122366045337e-04
4.885821820193530325e-04
4.884079950103211538e-04
4.882340505930832589e-04
4.880603482630430372e-04
4.878868872470278387e-04
4.877136668384304732e-04
4.875406863739895026e-04
4.873679451320586599e-04
4.871954425283567323e-04
4.870231779669198491e-04
4.868511508262829998e-04
4.866793604776913779e-04
4.865078063222596757e-04
4.863364878697503768e-04
4.861654043689912449e-04
4.859945551334810226e-04
4.858239395188308166e-04
4.856535568239268180e-04
4.854834064811123736e-04
4.853134879113797217e-04
4.851438005109458339e-04
4.849743436689442095e-04
4.848051168035286454e-04
4.846361194384086937e-04
4.844673508437829894e-04
4.842988103526806054e-04
4.841304973390445554e-04
4.839624111217066100e-04
4.837945511491581691e-04
4.836269168588626160e-04
4.834595076642122569e-04
4.832923229717175874e-04
4.831253622160831297e-04
4.829586249345665721e-04
4.827921104181257688e-04
4.826258180187612164e-04
4.824597471282231903e-04
4.822938970847177745e-04
4.821282673524227144e-04
4.819628573848007479e-04
4.817976666119282094e-04
4.816326944571951043e-04
4.814679403713831556e-04
4.813034039049103141e-04
4.811390843688995644e-04
4.809749811337798043e-04
4.808110936085989960e-04
4.806474211503831300e-04
4.804839632385470038e-04
4.803207193420952308e-04
4.801576889073106368e-04
4.799948713739792916e-04
4.798322662085003623e-04
4.796698729740754650e-04
4.795076910014152145e-04
4.793457196788498791e-04
4.791839584322299525e-04
4.790224066368624833e-04
4.788610637869637429e-04
4.786999293666350467e-04
4.785390028379018904e-04
4.783782836564775989e-04
4.782177713039312251e-04
4.780574653558825114e-04
4.778973651620693330e-04
4.777374701282106634e-04
4.775777796964785762e-04
4.774182932599385382e-04
4.772590103271841548e-04
4.770999303969817142e-04
4.769410529466487875e-04
4.767823774473699391e-04
4.766239033954502644e-04
4.764656303785721222e-04
4.763075577649559991e-04
4.761496849772120336e-04
4.759920114733671840e-04
4.758345366637363569e-04
4.756772600708796331e-04
4.755201812078083622e-04
4.753632995666946066e-04
4.752066146337513824e-04
4.750501259195983976e-04
4.748938330236347673e-04
4.747377353320352033e-04
4.745818322838177262e-04
4.744261233524097354e-04
4.742706079648829160e-04
4.741152856573634285e-04
4.739601559567001320e-04
4.738052183694945190e-04
4.736504723965582250e-04
4.734959175624153089e-04
4.733415534778472739e-04
4.731873795464686572e-04
4.730333952232355227e-04
4.728795999965357418e-04
4.727259933097175304e-04
4.725725747120853096e-04
4.724193437439294977e-04
4.722662999258680984e-04
4.721134427728932445e-04
4.719607718230359314e-04
4.718082866981338137e-04
4.716559868187425756e-04
4.715038716553000917e-04
4.713519407107264999e-04
4.712001934441809362e-04
4.710486294177687258e-04
4.708972481848374423e-04
4.707460492796201748e-04
4.705950322308841702e-04
4.704441965897805168e-04
4.702935419888868134e-04
4.701430678652148191e-04
4.699927737042417560e-04
4.698426590230035324e-04
4.696927232960179839e-04
4.695429660978255298e-04
4.693933869944564154e-04
4.692439855333698580e-04
4.690947612567134602e-04
4.689457137283833781e-04
4.687968425913896747e-04
4.686481472987293149e-04
4.684996273504883320e-04
4.683512822774149186e-04
4.682031115689457490e-04
4.680551148117001762e-04
4.679072915840287771e-04
4.677596414462381852e-04
4.676121639534735813e-04
4.674648586820114092e-04
4.673177252849956614e-04
4.671707632309510293e-04
4.670239720341543975e-04
4.668773512386737074e-04
4.667309003484377845e-04
4.665846189617991633e-04
4.664385066690763864e-04
4.662925630430554171e-04
4.661467876515075666e-04
4.660011800827349240e-04
4.658557399997256582e-04
4.657104668860879895e-04
4.655653602698832405e-04
4.654204197081180587e-04
4.652756447187988216e-04
4.651310349116755767e-04
4.649865898886921156e-04
4.648423092347568121e-04
4.646981925299058518e-04
4.645542393741228975e-04
4.644104494399584559e-04
4.642668222256724929e-04
4.641233572727166616e-04
4.639800541506661690e-04
4.638369123912017842e-04
4.636939316151450475e-04
4.635511114357324211e-04
4.634084514496479611e-04
4.632659512488413378e-04
4.631236104446438532e-04
4.629814287188945368e-04
4.628394055840864352e-04
4.626975405946776704e-04
4.625558333324525958e-04
4.624142833423751375e-04
4.622728902560216337e-04
4.621316536975977993e-04
4.619905732752266738e-04
4.618496485924305389e-04
4.617088792715635091e-04
4.615682650034876153e-04
4.614278053145209999e-04
4.612874997717570226e-04
4.611473479688392571e-04
4.610073494636351531e-04
4.608675038981675538e-04
4.607278109072982008e-04
4.605882701102612543e-04
4.604488811218207631e-04
4.603096435750380971e-04
4.601705571695400860e-04
4.600316214450748844e-04
4.598928359810090208e-04
4.597542003825061505e-04
4.596157142199677509e-04
4.594773771455648516e-04
4.593391888280015894e-04
4.593310439860813759e-04
