0.000000000000000000e+00
3.705145002035790068e-05
7.410290004071612663e-05
1.482058000814321448e-04
2.223087001221482715e-04
2.964116001628642897e-04
1.037394709703181716e-03
1.777397460082256585e-03
2.517220265073694032e-03
3.256322428622168003e-03
4.768015558591390604e-03
6.276532913313852963e-03
7.781875851563833935e-03
9.284045428616457749e-03
1.078304326542179649e-02
1.371971820439701201e-02
1.664415996926777233e-02
1.896825895265406847e-02
2.128458612465983918e-02
2.359314712351884974e-02
2.589394758746488626e-02
2.818699324219581595e-02
3.047229181606246270e-02
3.356953894127959886e-02
3.665247047207524644e-02
3.972110224965814257e-02
4.277545011523694457e-02
4.581552991002037917e-02
4.884135953019837911e-02
5.236237155220668099e-02
5.586394984882895459e-02
5.934612360681677801e-02
6.280892201292173627e-02
6.625237471588868443e-02
7.040352555232291809e-02
7.452632553391624892e-02
7.862083303069607176e-02
8.268710641268978145e-02
8.672520924526128105e-02
9.163665194117422141e-02
9.650599005690606302e-02
1.013333453527321820e-01
1.061188434232835515e-01
1.145535266721104117e-01
1.228561440314330372e-01
1.310274972930099702e-01
1.390683559390716861e-01
1.469795265645249538e-01
1.568077098437757888e-01
1.664313356211038486e-01
1.758522667357177161e-01
1.850722720666950760e-01
1.940932237805110816e-01
1.980221884665708532e-01
2.019127234589444264e-01
2.057650018678077730e-01
2.095791986796937678e-01
2.135011916100954810e-01
2.173824605866774839e-01
2.212232019685759221e-01
2.298190973362674860e-01
2.382082330687972926e-01
2.463930192069702652e-01
2.543758413371377536e-01
2.654129296549079808e-01
2.760515338007245023e-01
2.862988331963558508e-01
2.961620183574553145e-01
3.072338088545219503e-01
3.178006088539564455e-01
3.203647822833075587e-01
3.228983159234752320e-01
3.254013941877182403e-01
3.278742007315946227e-01
3.303169188925251243e-01
3.327546495803704318e-01
3.351620383525992786e-01
3.375392730081459569e-01
3.398865407968649222e-01
3.422879182489750871e-01
3.446575125880326218e-01
3.469955300444077517e-01
3.554833418268347200e-01
3.635412065257186964e-01
3.711801802380133020e-01
3.784110980179665740e-01
3.892576902553572804e-01
3.918125800949880388e-01
3.943061567747760399e-01
3.967391079587043179e-01
3.991121175088553352e-01
4.014258653267515631e-01
4.028659733891890027e-01
4.042825866756635245e-01
4.056758770974832617e-01
4.070460158348953583e-01
4.084131045081739186e-01
4.097567038708348486e-01
4.110769918216089502e-01
4.168592761043986572e-01
4.221683451822146882e-01
4.270209318664377474e-01
4.314334999668861248e-01
4.324697856772640736e-01
4.334798271151445448e-01
4.344638709270157162e-01
4.354221623189439838e-01
4.362472903188211459e-01
4.370526881294477528e-01
4.378385218163929893e-01
4.393850993738314115e-01
4.408519817680235930e-01
4.422405646840536497e-01
4.457326181000927368e-01
4.465143664856926486e-01
4.472605281558019175e-01
4.479715555847131325e-01
4.481438754387148116e-01
4.483140345156175766e-01
4.484817450044694676e-01
4.485231957262692526e-01
4.485646464480689821e-01
4.485663807222530775e-01
4.485681149964371728e-01
4.485715825878173191e-01
4.485750493963003849e-01
4.485785153064467679e-01
4.485792084467912222e-01
4.485799015546604318e-01
4.485805946462644855e-01
4.485808158458224892e-01
4.485810370410376335e-01
4.485812356878389195e-01
4.485801668916069573e-01
4.485777678358683906e-01
4.485501147889936480e-01
4.485224634496417506e-01
4.484948138177920485e-01
4.482184113876844234e-01
4.479421795910752957e-01
4.476661183179503345e-01
4.473902274635951359e-01
4.462267268337155590e-01
4.450662571608748896e-01
4.439088105527917993e-01
4.427543791308573562e-01
4.416029550375278334e-01
4.398545136179573545e-01
4.381130066488831964e-01
4.363784066256404248e-01
4.346506861620162976e-01
4.329298179868694141e-01
4.312157749190195788e-01
4.291210292675181615e-01
4.270364772315436985e-01
4.249620692059518645e-01
4.228977558239644385e-01
4.208434879653016880e-01
4.184284004822641512e-01
4.160271973003402679e-01
4.136397985762391150e-01
4.112661248163806404e-01
4.085501077496442313e-01
4.058520600598589656e-01
4.031718628617025901e-01
4.005093980672905229e-01
3.977367834893287268e-01
3.949833989564368042e-01
3.922491111445491896e-01
3.895337876649631048e-01
3.835800427631932963e-01
3.777174739614232446e-01
3.719446860791592591e-01
3.662603041433356021e-01
3.606629739818723035e-01
3.569075821052284381e-01
3.531913757089710226e-01
3.495139457259022198e-01
3.458748872522294238e-01
3.433681909516441144e-01
3.408797010973299568e-01
3.384092852369572357e-01
3.306381604445539635e-01
3.230458883067137132e-01
3.156283537520844229e-01
3.083815340347935141e-01
3.029327889029574949e-01
2.975805504473278962e-01
2.923231118847365306e-01
2.898482147884469118e-01
2.873943252604920229e-01
2.849612649635124839e-01
2.819980347938436105e-01
2.790657001846570950e-01
2.761639388597081912e-01
2.695206807888114731e-01
2.630376659752797774e-01
2.567110312777023395e-01
2.530996564122562353e-01
2.495392354991446959e-01
2.460290492165192744e-01
2.425683882113759127e-01
2.408897535245887456e-01
2.392227716876308974e-01
2.375673618144175658e-01
2.359370771364525665e-01
2.343180158221610521e-01
2.327101006033497899e-01
2.232779099378341126e-01
2.142292630274797438e-01
2.120251885457905550e-01
2.098438706344545046e-01
2.076850743242689978e-01
2.055485670509297480e-01
2.041281585716728519e-01
2.027176016924829849e-01
2.013168280525453602e-01
1.999394113590407529e-01
1.985714542804945804e-01
1.972128917954902583e-01
1.919633103453643186e-01
1.868540031806797119e-01
1.818812219494095328e-01
1.694327863175370819e-01
1.664567252741415704e-01
1.635331717933429518e-01
1.606611990924345090e-01
1.599511583440803575e-01
1.592442703250628311e-01
1.585405210220672823e-01
1.578398964841374597e-01
1.567551773395426951e-01
1.556779484492891164e-01
1.546081580951219614e-01
1.535482984100415005e-01
1.524957398028111977e-01
1.514504319757574713e-01
1.413853232879636601e-01
1.389758911824206800e-01
1.366077396460908255e-01
1.342801613942382066e-01
1.319924611533255243e-01
1.310832776141997169e-01
1.301803925227933700e-01
1.292837622139735576e-01
1.283973383516042732e-01
1.275170276026558192e-01
1.266427878813491392e-01
1.242578458156729099e-01
1.219180857746759578e-01
1.196226517217480051e-01
1.172367585783539584e-01
1.148987530458963485e-01
1.126076738393326226e-01
1.081625485254785052e-01
1.038940719646037347e-01
9.979522221463009435e-02
9.585926069306865971e-02
8.850531082624825407e-02
8.171998534872972064e-02
7.545931597969238180e-02
6.968273335911712163e-02
6.435280673386524486e-02
5.809143700910564950e-02
5.244647388887661160e-02
4.735723288925063057e-02
4.276900384061575744e-02
3.863246272366615414e-02
3.476580939283769461e-02
3.129382238585416004e-02
2.817621647620911773e-02
2.537681851782102455e-02
2.286314770790152592e-02
2.060603869413642902e-02
1.857930315288248285e-02
1.675942591148344915e-02
1.512529208864384772e-02
1.365794208671822912e-02
1.234035159295534395e-02
1.115723403692926025e-02
1.009486321196112132e-02
9.140914002309281222e-03
8.284319367996804961e-03
7.515141927791744829e-03
6.824458650246108954e-03
6.204257314799508857e-03
5.647343541528094049e-03
5.147257310753224069e-03
4.698198003840492812e-03
4.294957095395806126e-03
3.932857715848611831e-03
3.607700383133335530e-03
3.315714273763544807e-03
3.053513467870000442e-03
2.818057660489449272e-03
2.606616883215385344e-03
2.416739826856474996e-03
2.246225397532829269e-03
2.093097176159703070e-03
1.955580480869334101e-03
1.832081666860946832e-03
1.721169720376851961e-03
1.621560159158343378e-03
1.532099317750849378e-03
1.451751267453133681e-03
1.379585831490783791e-03
1.314767777612561687e-03
1.256547129857037452e-03
1.204250465827485118e-03
1.157273102357562859e-03
1.115072079035826216e-03
1.077159857877597578e-03
1.043098666105996431e-03
1.012495416392553008e-03
9.849971456110258837e-04
9.602869191784131533e-04
9.380801534584267288e-04
9.181213135538833113e-04
9.001809481703793329e-04
8.840530664692621563e-04
8.695531142939351161e-04
8.565145935913666582e-04
8.447880902147113149e-04
8.342397110610528859e-04
8.247492120535367859e-04
8.162086201308763533e-04
8.085209836857038196e-04
8.015992468603937333e-04
7.953652395127450581e-04
7.897487702690517229e-04
7.846868121353459949e-04
7.801227712345006971e-04
7.760058301828535272e-04
7.722903584878444650e-04
7.689353831259303912e-04
7.659037972054414875e-04
7.631607888572884430e-04
7.606793279746871216e-04
7.584326612196772835e-04
7.563967893754538910e-04
7.545501814850238314e-04
7.528735063089676653e-04
7.513494075085318073e-04
7.499623019344368305e-04
7.486981984715390150e-04
7.475445353902683034e-04
7.464900343150381598e-04
7.455245691118119432e-04
7.446390481706279246e-04
7.438253087145963545e-04
7.430760219067016710e-04
7.423846076512634123e-04
7.417451580996097188e-04
7.411523689707093677e-04
7.406014778883554268e-04
7.400882090180610712e-04
7.396087233600667213e-04
7.391595741206053068e-04
7.387376666426137767e-04
7.383402224300781354e-04
7.379647468477922934e-04
7.376090001210335728e-04
7.372709712980255641e-04
7.369488548724969753e-04
7.366410297945692742e-04
7.363460406259752676e-04
7.360625806205328822e-04
7.357894765331849133e-04
7.355256749810037097e-04
7.352702301976112974e-04
7.350222930386542119e-04
7.347811011105225129e-04
7.345459699075557137e-04
7.343162848547083376e-04
7.340914941631664168e-04
7.338711024158619048e-04
7.336546648083166122e-04
7.334417819778631456e-04
7.332320953611333805e-04
7.330252830258435345e-04
7.328210559284205686e-04
7.326191545539641366e-04
7.324193458994821210e-04
7.322214207653318868e-04
7.320251913233776853e-04
7.318304889335946117e-04
7.316371621837371858e-04
7.314450751292820825e-04
7.312541057131865521e-04
7.310641443470888802e-04
7.308750926374604990e-04
7.306868573745509436e-04
7.304993559596170477e-04
7.303125248827646359e-04
7.301263070218158438e-04
7.299406550880513985e-04
7.297555031374729911e-04
7.295707995471907396e-04
7.293865017486127634e-04
7.292025697939607956e-04
7.290189746103030574e-04
7.288356886880501071e-04
7.286526857611436061e-04
7.284699417086109739e-04
7.282874346912945581e-04
7.281051450415581324e-04
7.279230550835549081e-04
7.277411489439365678e-04
7.275594123722653678e-04
7.273778325764729052e-04
7.271963980740168325e-04
7.270150985578886478e-04
7.268339247762135857e-04
7.266528684241422165e-04
7.264719220468034014e-04
7.262910789521980805e-04
7.261103331330173456e-04
7.259296791964737431e-04
7.257491123013222467e-04
7.255686281013350517e-04
7.253882226945716468e-04
7.252078925778454675e-04
7.250276346058579305e-04
7.248474459545212840e-04
7.246673240880391938e-04
7.244872667293618005e-04
7.243072718336681943e-04
7.241273375645668762e-04
7.239474622727356742e-04
7.237676444767492546e-04
7.235878828458734832e-04
7.234081761846216166e-04
7.232285234188940782e-04
7.230489235835386476e-04
7.228693758111842628e-04
7.226898793222214738e-04
7.225104334158077932e-04
7.223310374617957028e-04
7.221516908934875805e-04
7.219723932011341740e-04
7.217931439594868883e-04
7.216139428267808039e-04
7.214347893252059636e-04
7.212556830834620462e-04
7.210766237957838727e-04
7.208976111738045651e-04
7.207186450060653433e-04
7.205397250914858439e-04
7.203608512371735984e-04
7.201820232649688196e-04
7.200032410243584419e-04
7.198245043934164500e-04
7.196458132018392941e-04
7.194671673152600640e-04
7.192885666214364048e-04
7.191100110136739321e-04
7.189315004136437011e-04
7.187530347466246665e-04
7.185746139401615485e-04
7.183962379265693404e-04
7.182179066480352380e-04
7.180396200573462484e-04
7.178613780880568245e-04
7.176831806863067298e-04
7.175050278062019031e-04
7.173269194033647569e-04
7.171488554445875881e-04
7.169708358976525702e-04
7.167928607308323699e-04
7.166149299139294628e-04
7.164370434206306960e-04
7.162592012289561473e-04
7.160814033076773246e-04
7.159036496306566072e-04
7.157259401747482304e-04
7.155482749168476288e-04
7.153706538391024381e-04
7.151930769237555951e-04
7.150155441529434594e-04
7.148380555092317349e-04
7.146606109770345817e-04
7.144832105429660060e-04
7.143058541877938877e-04
7.141285418948260669e-04
7.139512736486706675e-04
7.137740494334765453e-04
7.135968692366282491e-04
7.134197330453032450e-04
7.132426408463690259e-04
7.130655926267490292e-04
7.128885883745214765e-04
7.127116280792371522e-04
7.125347117257642806e-04
7.123578393006417325e-04
7.121810107911330599e-04
7.120042261838729772e-04
7.118274854680430985e-04
7.116507886325156062e-04
7.114741356657840795e-04
7.112975265562715161e-04
7.111209612933182571e-04
7.109444398674885993e-04
7.107679622650660842e-04
7.105915284737076123e-04
7.104151384815981986e-04
7.102387922762375344e-04
7.100624898474346613e-04
7.098862311846546036e-04
7.097100162769614477e-04
7.095338451133057639e-04
7.093577176834732836e-04
7.091816339783873916e-04
7.090055939848343737e-04
7.088295976908705505e-04
7.086536450850125946e-04
7.084777361550741821e-04
7.083018708910939886e-04
7.081260492827549631e-04
7.079502713193328283e-04
7.077745369899753709e-04
7.075988462846357231e-04
7.074231991943743126e-04
7.072475957061694378e-04
7.070720358082322431e-04
7.068965194892109149e-04
7.067210467370454389e-04
7.065456175418685994e-04
7.063702318934545268e-04
7.061948897811680653e-04
7.060195911942412439e-04
7.058443361227010292e-04
7.056691245576686726e-04
7.054939564862089917e-04
7.053188318966047967e-04
7.051437507775673748e-04
7.049687131170999203e-04
7.047937189053824891e-04
7.046187681322371331e-04
7.044438607870762929e-04
7.042689968591785100e-04
7.040941763386119505e-04
7.039193992165329941e-04
7.037446654800565485e-04
7.035699751175097678e-04
7.033953281176434039e-04
7.032207244685012007e-04
7.030461641602962818e-04
7.028716471828831171e-04
7.026971735257075405e-04
7.025227431780815953e-04
7.023483561301033717e-04
7.021740123729558122e-04
7.019997118937922054e-04
7.018254546809733155e-04
7.016512407232818787e-04
7.014770700087954655e-04
7.013029425277536545e-04
7.011288582700387793e-04
7.009548172251252969e-04
7.007808193823541988e-04
7.006068647318502464e-04
7.004329532648191506e-04
7.002590849684486776e-04
7.000852598311299493e-04
6.999114778416748667e-04
6.997377389881915752e-04
6.995640432609451318e-04
6.993903906498437828e-04
6.992167811443891984e-04
6.990432147339492586e-04
6.988696914086736612e-04
6.986962111597907771e-04
6.985227739745205732e-04
6.983493798412835534e-04
6.981760287489203499e-04
6.980027206855684901e-04
6.978294556415177508e-04
6.976562336067017485e-04
6.974830545706482829e-04
6.973099185227515798e-04
6.971368254531863824e-04
6.969637753532030707e-04
6.967907682100533788e-04
6.966178040121867587e-04
6.964448827484713816e-04
6.962720044070748069e-04
6.960991689783107726e-04
6.959263764521377233e-04
6.957536268181099132e-04
6.955809200656478059e-04
6.954082561849505391e-04
6.952356351672902852e-04
6.950630569999505454e-04
6.948905216714093948e-04
6.947180291705626516e-04
6.945455794856072573e-04
6.943731726068808020e-04
6.942008085243673177e-04
6.940284872276463205e-04
6.938562087061648370e-04
6.936839729501463993e-04
6.935117799508843219e-04
6.933396296956941983e-04
6.931675221730825096e-04
6.929954573719729382e-04
6.928234352805912651e-04
6.926514558892993669e-04
6.924795191881057783e-04
6.923076251666160363e-04
6.921357738143035137e-04
6.919639651214157033e-04
6.917921990792680375e-04
6.916204756752067926e-04
6.914487948977677233e-04
6.912771567359012916e-04
6.911055611778629858e-04
6.909340082140383180e-04
6.907624978344606512e-04
6.905910300287614349e-04
6.904196047864400625e-04
6.902482220977682048e-04
6.900768819540825444e-04
6.899055843427615584e-04
6.897343292523684319e-04
6.895631166718815992e-04
6.893919465895857138e-04
6.892208189958897065e-04
6.890497338808520937e-04
6.888786912341298037e-04
6.887076910452483592e-04
6.885367333045033919e-04
6.883658180032534851e-04
6.881949451289077991e-04
6.880241146700583586e-04
6.878533266157105946e-04
6.876825809541784341e-04
6.875118776758947685e-04
6.873412167709424007e-04
6.871705982290038459e-04
6.870000220396309731e-04
6.868294881931431579e-04
6.866589966809206677e-04
6.864885474904037794e-04
6.863181406102127069e-04
6.861477760293803116e-04
6.859774537362492517e-04
6.858071737212764881e-04
6.856369359745690013e-04
6.854667404858353274e-04
6.852965872446528141e-04
6.851264762413652315e-04
6.849564074673737723e-04
6.847863809101503718e-04
6.846163965583431082e-04
6.844464544010122730e-04
6.842765544265291475e-04
6.841066966253744365e-04
6.839368809876799488e-04
6.837671075031794823e-04
6.835973761614761888e-04
6.834276869529377994e-04
6.832580398689869737e-04
6.830884348971266555e-04
6.829188720260330036e-04
6.827493512447934147e-04
6.825798725418079013e-04
6.824104359075810209e-04
6.822410413322688681e-04
6.820716888056309367e-04
6.819023783172957487e-04
6.817331098576554296e-04
6.815638834181534560e-04
6.813946989863237796e-04
6.812255565508709655e-04
6.810564561009092984e-04
6.808873976248678477e-04
6.807183811132741557e-04
6.805494065563090370e-04
6.803804739437571388e-04
6.802115832652731123e-04
6.800427345112727189e-04
6.798739276732206852e-04
6.797051627386816461e-04
6.795364396963884642e-04
6.793677585354822041e-04
6.791991192444205580e-04
6.790305218137550293e-04
6.788619662336903933e-04
6.786934524940365591e-04
6.785249805844740904e-04
6.783565504954422757e-04
6.781881622184268753e-04
6.780198157410240742e-04
6.778515110519939485e-04
6.776832481405046680e-04
6.775150269950426562e-04
6.773468476061828350e-04
6.771787099641540493e-04
6.770106140587920122e-04
6.768425598798024408e-04
6.766745474176481508e-04
6.765065766638365865e-04
6.763386476059940738e-04
6.761707602329088780e-04
6.760029145337760571e-04
6.758351104971108744e-04
6.756673481135110201e-04
6.754996273732298421e-04
6.753319482661282068e-04
6.751643107819374186e-04
6.749967149111438204e-04
6.748291606452761068e-04
6.746616479719911783e-04
6.744941768801051641e-04
6.743267473588400104e-04
6.741593593967387362e-04
6.739920129844232093e-04
6.738247081121708469e-04
6.736574447698672353e-04
6.734902229472692660e-04
6.733230426348872427e-04
6.731559038242703515e-04
6.729888065031063927e-04
6.728217506602391425e-04
6.726547362849172188e-04
6.724877633657123715e-04
6.723208318932691286e-04
6.721539418578894101e-04
6.719870932494840642e-04
6.718202860578351360e-04
6.716535202734764563e-04
6.714867958879782448e-04
6.713201128890586592e-04
6.711534712655892318e-04
6.709868710072240715e-04
6.709770472559273714e-04
