0.000000000000000000e+00
2.593024508808079891e-05
5.186049017616169946e-05
1.037209803523234938e-04
1.555814705284851932e-04
2.074419607046468792e-04
7.260468624662643616e-04
1.244042886855163199e-03
1.761813482642070935e-03
2.279305004982943444e-03
3.337832983449078895e-03
4.394268524352961877e-03
5.448613529012011868e-03
6.500870103511962629e-03
7.551039335336403452e-03
9.608813425518846624e-03
1.165854783622408998e-02
1.328789140935045764e-02
1.491213600338091479e-02
1.653128917503914053e-02
1.814535848104882262e-02
1.975435147813365058e-02
2.135827572301730176e-02
2.353265829724207267e-02
2.569768821044970605e-02
2.785338371667142598e-02
2.999976359058663042e-02
3.213684661120905228e-02
3.426465155755240716e-02
3.674162211661213817e-02
3.920595596378449038e-02
4.165768393784816809e-02
4.409683917311479212e-02
4.652345293729450576e-02
4.945025648823392350e-02
5.235870674059712321e-02
5.524885917453965789e-02
5.812077082065945227e-02
6.097450112308276660e-02
6.444778969198933227e-02
6.789395172517230514e-02
7.131309235838151350e-02
7.470531985657996588e-02
8.069119289149950802e-02
8.659235131453706102e-02
9.240941529351086314e-02
9.814301275227801935e-02
1.037937793707344736e-01
1.108279241597558001e-01
1.177317048754963347e-01
1.245063956623200518e-01
1.311533137612778399e-01
1.376737900086874300e-01
1.405192544187895687e-01
1.433403383487529270e-01
1.461371596487330282e-01
1.489098349718921965e-01
1.517645980806874018e-01
1.545935464920204783e-01
1.573968097550825784e-01
1.636851974290082223e-01
1.698426044383741229e-01
1.758705749604461688e-01
1.817706582828359785e-01
1.899645889403758781e-01
1.979060691859094168e-01
2.055995577083447323e-01
2.130495102013156006e-01
2.214700739846845734e-01
2.295697324861688260e-01
2.315453325782936556e-01
2.335014270361824851e-01
2.354381257976486674e-01
2.373555354496792447e-01
2.392537628397677640e-01
2.411523451721122313e-01
2.430315670028198316e-01
2.448915398478158367e-01
2.467323749896661866e-01
2.486202127733304901e-01
2.504877352711700755e-01
2.523350654869222498e-01
2.590831939498166592e-01
2.655556424129242865e-01
2.717587731817482921e-01
2.776988929723917532e-01
2.867551192689666850e-01
2.889174574415747099e-01
2.910398962817570823e-01
2.931228337818583274e-01
2.951666761232138447e-01
2.971718146797708848e-01
2.984263273815724316e-01
2.996654610667206509e-01
3.008893147101849852e-01
3.020979868989082107e-01
3.033092731172853385e-01
3.045051248030365421e-01
3.056856437697801354e-01
3.109252669543849379e-01
3.158518767371712999e-01
3.204751073570603070e-01
3.248043840967241302e-01
3.258418586921921212e-01
3.268616810559936137e-01
3.278639925971884028e-01
3.288489340709326858e-01
3.297044881655054605e-01
3.305467002814242994e-01
3.313756661345150789e-01
3.330298075142328340e-01
3.346297756590156380e-01
3.361763705692527582e-01
3.402403976330503066e-01
3.411936487712630695e-01
3.421223283628220813e-01
3.430267000242432918e-01
3.432490255126992573e-01
3.434698521841161312e-01
3.436891841050188079e-01
3.437437840064602734e-01
3.437982908032017337e-01
3.438005693077219038e-01
3.438028476493744101e-01
3.438074038440950830e-01
3.438119593874007229e-01
3.438165142793285223e-01
3.438174251786143554e-01
3.438183360456819604e-01
3.438192468860267192e-01
3.438195375853572155e-01
3.438198282824122543e-01
3.438198066058402169e-01
3.438182614223327938e-01
3.438161418000204583e-01
3.437949462967649916e-01
3.437737521023228604e-01
3.437525592166186250e-01
3.435407023233384427e-01
3.433289762155146141e-01
3.431173808109220791e-01
3.429059160299444686e-01
3.420141162405569979e-01
3.411246396194597685e-01
3.402374801136520688e-01
3.393526316854156288e-01
3.384700883136992355e-01
3.371299431894825838e-01
3.357951131863236571e-01
3.344655772302520536e-01
3.331413143222271001e-01
3.318223035472925853e-01
3.305085240756364118e-01
3.289029437465773587e-01
3.273051766185415823e-01
3.257151846695902075e-01
3.241329300632590504e-01
3.225583751070993377e-01
3.207072590808091039e-01
3.188667849884156413e-01
3.170368916468950804e-01
3.152175182288021738e-01
3.131357455682848290e-01
3.110677461460373827e-01
3.090134288552125463e-01
3.069727031973839559e-01
3.048475500700958407e-01
3.027371365187842001e-01
3.006413603589119798e-01
2.985601201194694743e-01
2.939966962103028325e-01
2.895031574822373721e-01
2.850784335262609992e-01
2.807214704739446898e-01
2.764312305633720435e-01
2.735527986492914398e-01
2.707044012588408766e-01
2.678857247458583668e-01
2.650964586485546892e-01
2.631751252772407401e-01
2.612677464198784882e-01
2.593742211626199889e-01
2.534178108324415812e-01
2.475984884330657554e-01
2.419130981839807681e-01
2.363585558626609961e-01
2.321822008685151539e-01
2.280798184339796753e-01
2.240500985636296460e-01
2.221531401837812392e-01
2.202722836285525843e-01
2.184073921762328119e-01
2.161361360900705686e-01
2.138885605787055333e-01
2.116644185402211664e-01
2.065724945419638858e-01
2.016033954255293803e-01
1.967541582742277084e-01
1.939861123664348430e-01
1.912571211895897627e-01
1.885666333134911055e-01
1.859141062581128045e-01
1.846274668751950176e-01
1.833497591760109846e-01
1.820809211560136531e-01
1.808313410834883339e-01
1.795903634777650248e-01
1.783579291036767878e-01
1.711283451376981735e-01
1.641927397148129075e-01
1.625033614467177312e-01
1.608314256001287801e-01
1.591767520423940929e-01
1.575391624776590893e-01
1.564504480584222035e-01
1.553692846081140277e-01
1.542956197119932926e-01
1.532398573270265518e-01
1.521913454843504543e-01
1.511500345726196348e-01
1.471263370158074624e-01
1.432101569516790185e-01
1.393986206416231999e-01
1.298571463340258136e-01
1.275760559809483718e-01
1.253352112938986018e-01
1.231339017038641098e-01
1.225896696683202308e-01
1.220478541999250877e-01
1.215084445692315995e-01
1.209714300942174303e-01
1.201400149643143955e-01
1.193143409687081324e-01
1.184943684617830034e-01
1.176820076072930682e-01
1.168752428709232682e-01
1.160740356934444190e-01
1.083593330009182815e-01
1.065125524233267729e-01
1.046974125441338666e-01
1.029133711482432406e-01
1.011598951942351277e-01
1.004630242989955902e-01
9.977098095790176702e-02
9.908373175012211154e-02
9.840430569208344358e-02
9.772956536491027302e-02
9.705947845457128798e-02
9.523146903910297001e-02
9.343809067930160250e-02
9.167868711090987333e-02
8.984994809678015226e-02
8.805791386389390241e-02
8.630184843291083263e-02
8.289475055503886525e-02
7.962304930985780738e-02
7.648136466285757051e-02
7.346453031683986001e-02
6.782787729297982959e-02
6.262706319284587486e-02
5.782838758485992631e-02
5.340075530122283948e-02
4.931547541058263484e-02
4.451626362291887656e-02
4.018951511243522984e-02
3.628871644222882165e-02
3.277193336697401677e-02
2.960136001710921699e-02
2.663765034264065773e-02
2.397644447309447632e-02
2.158686459197614940e-02
1.944118470979533039e-02
1.751450894398993291e-02
1.578448263815484046e-02
1.423103296853109843e-02
1.283613602786831155e-02
1.158360768400483812e-02
1.045891578638147995e-02
9.449011541416536819e-03
8.542178100096799870e-03
7.727894600862181100e-03
6.996714090197864166e-03
6.340153904378817776e-03
5.750597240405003717e-03
5.221204774000133206e-03
4.745835299128472323e-03
4.318974468165832220e-03
3.935670805857357027e-03
3.591478254596441964e-03
3.282404584345732009e-03
3.004865068571794737e-03
2.755640888669582973e-03
2.531841784220098535e-03
2.330872515691417412e-03
2.150402750431142183e-03
1.988340022520708288e-03
1.842805452729693889e-03
1.712111946835260905e-03
1.594744619329699440e-03
1.489343201875861257e-03
1.394686168835246581e-03
1.309676769869165015e-03
1.233330424811919079e-03
1.164762866221461923e-03
1.103180078179378815e-03
1.047869098467979314e-03
9.981897384391392840e-04
9.535671566640913132e-04
9.134851884388869034e-04
8.774803563039363687e-04
8.451364920465027387e-04
8.160799076267284853e-04
7.899750590337589447e-04
7.665206527523759413e-04
7.454461496597417167e-04
7.265086257853299720e-04
7.094899535072990470e-04
6.941942704769103745e-04
6.804457069012925016e-04
6.680864499063588315e-04
6.569749323839486422e-04
6.469835163530184572e-04
6.379977398545006459e-04
6.299149729352657460e-04
6.226430500075787883e-04
6.160992119641100530e-04
6.102091472643249867e-04
6.049061292691828131e-04
6.001302420724590175e-04
5.958276853397558113e-04
5.919501500955860751e-04
5.884542582244907004e-04
5.853010591818707609e-04
5.824555780751475981e-04
5.798864098719400421e-04
5.775646472663229251e-04
5.754645933896168804e-04
5.735650023639434067e-04
5.718453662035945457e-04
5.702872958695855013e-04
5.688742887284265045e-04
5.675915280891748139e-04
5.664257109657058623e-04
5.653648934557573523e-04
5.643983518917742095e-04
5.635164581769070216e-04
5.627105678572482143e-04
5.619729196290451081e-04
5.612965451126449923e-04
5.606751878442879297e-04
5.601032305440105863e-04
5.595756298141442864e-04
5.590878575092684492e-04
5.586358480960380932e-04
5.582159513909355775e-04
5.578248901265174748e-04
5.574597218528584697e-04
5.571178047312920056e-04
5.567967668227958265e-04
5.564944785139947468e-04
5.562090277602302043e-04
5.559386978578957812e-04
5.556819474876343928e-04
5.554373927964024885e-04
5.552037913100989252e-04
5.549800274897436110e-04
5.547650997632913019e-04
5.545581088823266832e-04
5.543582474682850342e-04
5.541647906266714474e-04
5.539770875201673137e-04
5.537945538026613126e-04
5.536166648262501972e-04
5.534429495422369576e-04
5.532729850252281027e-04
5.531063915566706993e-04
5.529428282106725210e-04
5.527819888907945737e-04
5.526235987717375122e-04
5.524674111045618048e-04
5.523132043482973123e-04
5.521607795945994868e-04
5.520099582555124899e-04
5.518605799874592554e-04
5.517125008273257841e-04
5.515655915189685270e-04
5.514197360106941640e-04
5.512748301062414839e-04
5.511307802535844432e-04
5.509874947381319336e-04
5.508449004487689198e-04
5.507029354516445587e-04
5.505615488972843714e-04
5.504206889889980484e-04
5.502802936060296763e-04
5.501403154505267717e-04
5.500007132215350330e-04
5.498614506173613633e-04
5.497225001758275064e-04
5.495838352073083430e-04
5.494454305557253723e-04
5.493072632261277073e-04
5.491693124351394598e-04
5.490315594785373466e-04
5.488939875508212340e-04
5.487565815619395177e-04
5.486193279654028553e-04
5.484822146014512855e-04
5.483452305554065761e-04
5.482083660302337989e-04
5.480716122320566279e-04
5.479349612673687937e-04
5.477984060507670684e-04
5.476619402221349171e-04
5.475255580723137165e-04
5.473892544763889765e-04
5.472530248338158170e-04
5.471168650146775603e-04
5.469807713114554311e-04
5.468447403957383147e-04
5.467087692793714572e-04
5.465728552795837527e-04
5.464369959876925727e-04
5.463011892410131725e-04
5.461654330976480629e-04
5.460297258138596026e-04
5.458940658237627832e-04
5.457584517210970800e-04
5.456228822428683348e-04
5.454873562546660570e-04
5.453518727374863546e-04
5.452164307759035065e-04
5.450810295474563813e-04
5.449456683131198185e-04
5.448103464087555858e-04
5.446750632374362279e-04
5.445398182625581056e-04
5.444046110016590584e-04
5.442694410208698914e-04
5.441343079299348516e-04
5.439992113777420042e-04
5.438641510927035841e-04
5.437291268035157783e-04
5.435941381845863863e-04
5.434591849896514611e-04
5.433242670034398427e-04
5.431893840356153942e-04
5.430545359410607993e-04
5.429197225780688823e-04
5.427849438123669504e-04
5.426501995204347775e-04
5.425154896056470733e-04
5.423808139708099921e-04
5.422461724989039670e-04
5.421115651004191098e-04
5.419769916962363090e-04
5.418424522158120588e-04
5.417079466048572121e-04
5.415734748099612595e-04
5.414390367800812637e-04
5.413046324677787176e-04
5.411702618355414187e-04
5.410359248452356997e-04
5.409016214506075443e-04
5.407673516154524063e-04
5.406331153069951793e-04
5.404989124954635632e-04
5.403647431574699076e-04
5.402306072696435842e-04
5.400965048092587397e-04
5.399624357547627360e-04
5.398284000887575975e-04
5.396943977932062118e-04
5.395604288459349097e-04
5.394264932288810998e-04
5.392925909250442752e-04
5.391587219185304657e-04
5.390248861964733358e-04
5.388910837457301867e-04
5.387573145532184929e-04
5.386235786062016978e-04
5.384898758941332247e-04
5.383562064058226978e-04
5.382225701273015816e-04
5.380889670466908149e-04
5.379553971523684010e-04
5.378218604331746469e-04
5.376883568798329020e-04
5.375548864826919238e-04
5.374214492319611498e-04
5.372880451179161540e-04
5.371546741323513690e-04
5.370213362664173198e-04
5.368880315089514946e-04
5.367547598501921707e-04
5.366215212803606034e-04
5.364883157899216683e-04
5.363551433708312359e-04
5.362220040146383837e-04
5.360888977126856492e-04
5.359558244562854287e-04
5.358227842380403191e-04
5.356897770499094436e-04
5.355568028817002174e-04
5.354238617243848143e-04
5.352909535688264459e-04
5.351580784060561580e-04
5.350252362284613336e-04
5.348924270280119376e-04
5.347596507964486262e-04
5.346269075254505817e-04
5.344941972079061965e-04
5.343615198360617989e-04
5.342288754000708816e-04
5.340962638911694047e-04
5.339636853004531411e-04
5.338311396191595688e-04
5.336986268398353399e-04
5.335661469546058942e-04
5.334336999553611824e-04
5.333012858339178635e-04
5.331689045832729672e-04
5.330365561957827597e-04
5.329042406617348496e-04
5.327719579724685215e-04
5.326397081191727896e-04
5.325074910931702418e-04
5.323753068870732330e-04
5.322431554930731222e-04
5.321110369031235030e-04
5.319789511091007738e-04
5.318468981040509703e-04
5.317148778803803405e-04
5.315828904284367745e-04
5.314509357396095387e-04
5.313190138051336175e-04
5.311871246163746415e-04
5.310552681659791181e-04
5.309234444461738596e-04
5.307916534489470458e-04
5.306598951662089021e-04
5.305281695910328945e-04
5.303964767158549781e-04
5.302648165310592555e-04
5.301331890280662181e-04
5.300015941981406657e-04
5.298700320326767436e-04
5.297385025243450283e-04
5.296070056653967269e-04
5.294755414478449556e-04
5.293441098636245514e-04
5.292127109058297968e-04
5.290813445669188732e-04
5.289500108373045061e-04
5.288187097084309308e-04
5.286874411715879922e-04
5.285562052181933630e-04
5.284250018409378941e-04
5.282938310320933924e-04
5.281626927836947667e-04
5.280315870876987547e-04
5.279005139372174200e-04
5.277694733247292186e-04
5.276384652406719208e-04
5.275074896765123136e-04
5.273765466235623596e-04
5.272456360732620658e-04
5.271147580183211485e-04
5.269839124510311470e-04
5.268530993634472446e-04
5.267223187475466705e-04
5.265915705964591608e-04
5.264608549026820366e-04
5.263301716566771375e-04
5.261995208499331512e-04
5.260689024737835078e-04
5.259383165196902235e-04
5.258077629803807954e-04
5.256772418481664953e-04
5.255467531151222392e-04
5.254162967732449886e-04
5.252858728156821521e-04
5.251554812349494821e-04
5.250251220215329962e-04
5.248947951669420903e-04
5.247645006625325289e-04
5.246342384997869281e-04
5.245040086714511081e-04
5.243738111698554227e-04
5.242436459870947370e-04
5.241135131151858535e-04
5.239834125472928776e-04
5.238533442759505353e-04
5.237233082916682627e-04
5.235933045859767062e-04
5.234633331502529891e-04
5.233333939760008695e-04
5.232034870559842737e-04
5.230736123825526374e-04
5.229437699478203415e-04
5.228139597438240293e-04
5.226841817637449365e-04
5.225544360001361122e-04
5.224247224435304114e-04
5.222950410854799476e-04
5.221653919173828776e-04
5.220357749307642098e-04
5.219061901184056515e-04
5.217766374726758288e-04
5.216471169857085297e-04
5.215176286495601301e-04
5.213881724574289962e-04
5.212587484018862830e-04
5.211293564734886981e-04
5.209999966638088464e-04
5.208706689642665687e-04
5.207413733664080155e-04
5.206121098630326748e-04
5.204828784465278212e-04
5.203536791090469750e-04
5.202245118426662446e-04
5.200953766406006930e-04
5.199662734954401235e-04
5.198372023977646623e-04
5.197081633391677311e-04
5.195791563110905295e-04
5.194501813050996994e-04
5.193212383140130518e-04
5.191923273302366179e-04
5.190634483459434338e-04
5.189346013532293404e-04
5.188057863453258804e-04
5.186770033148417223e-04
5.185482522523799775e-04
5.184195331495548842e-04
5.182908459978290009e-04
5.181621907887898944e-04
5.180335675152731570e-04
5.179049761697039015e-04
5.177764167442740293e-04
5.176478892310992222e-04
5.175193936234280447e-04
5.173909299138872717e-04
5.172624980931031079e-04
5.171340981527112590e-04
5.170057300841947746e-04
5.168773938791623637e-04
5.167490895304673992e-04
5.166208170305536425e-04
5.164925763716325105e-04
5.163643675458392006e-04
5.162361905464388657e-04
5.161080453660766036e-04
5.159799319954021463e-04
5.158518504260713655e-04
5.157238006495889950e-04
5.155957826575845605e-04
5.154677964429287820e-04
5.153398419980842861e-04
5.152119193152817885e-04
5.150840283866761106e-04
5.149561692055491021e-04
5.148283417645639669e-04
5.147005460543936390e-04
5.145727820667148067e-04
5.144450497930530206e-04
5.143173492250588397e-04
5.141896803556202230e-04
5.140620431772188791e-04
5.139344376821049307e-04
5.138068638624522814e-04
5.136793217115596943e-04
5.135518112221082627e-04
5.134243323847944478e-04
5.132968851913152124e-04
5.131694696332174659e-04
5.130420857021721504e-04
5.129147333910851142e-04
5.127874126924564973e-04
5.126601235985555043e-04
5.125328661015758798e-04
5.124056401948326499e-04
5.122784458710253393e-04
5.121512831208730691e-04
5.120241519360939440e-04
5.118970523082554732e-04
5.117699842290493071e-04
5.116429476913988581e-04
5.115159426878230229e-04
5.113889692106099796e-04
5.112620272519728800e-04
5.111351168052433386e-04
5.110082378631390946e-04
5.108813904164021457e-04
5.107545744567710882e-04
5.106277899758344648e-04
5.105010369653042003e-04
5.103743154181218135e-04
5.102476253268244154e-04
5.101209666837193749e-04
5.099943394810391422e-04
5.098677437121317034e-04
5.097411793697330124e-04
5.096146464446082687e-04
5.094881449285161264e-04
5.093616748130661617e-04
5.092352360899910077e-04
5.091088287522495303e-04
5.089824527923972721e-04
5.088561082027606838e-04
5.087297949755915146e-04
5.086035131042544472e-04
5.084772625815032164e-04
5.083510433981257900e-04
5.082248555459016387e-04
5.080986990164607217e-04
5.079725738015564889e-04
5.078464798941649365e-04
5.077204172868604723e-04
5.075943859719885204e-04
5.074683859418196953e-04
5.073424171897353762e-04
5.072164797085072958e-04
5.070905734889462986e-04
5.069646985228520213e-04
5.068388548018754568e-04
5.067130423177902210e-04
5.065872610635899827e-04
5.064615110318673643e-04
5.063357922149867634e-04
5.062101046052383101e-04
5.060844481960194300e-04
5.059588229801197448e-04
5.058332289483730843e-04
5.057076660925270434e-04
5.057002621528171272e-04
