0.000000000000000000e+00
2.222345433554941772e-05
4.444690867109901163e-05
8.889381734219794194e-05
1.333407260132969468e-04
1.777876346843958839e-04
6.222567213953856613e-04
1.066284520709959551e-03
1.509990071535254833e-03
1.953575997573309912e-03
2.860983695885015513e-03
3.766634866700663102e-03
4.670531881350374094e-03
5.572676062257798241e-03
6.473069502029136710e-03
8.237474177338504830e-03
9.995135334543082950e-03
1.139241755497924675e-02
1.278542505778344079e-02
1.417416515820646948e-02
1.555864517149912855e-02
1.693887241291221896e-02
1.831485419769654857e-02
2.018039020185635052e-02
2.203809733606088353e-02
2.388799290651304544e-02
2.573009350251908092e-02
2.756441696558487378e-02
2.939098114347578686e-02
3.151754109179071006e-02
3.363353927480597361e-02
3.573900424969469330e-02
3.783396461617430373e-02
3.991845014419691251e-02
4.243300815725425251e-02
4.493224775926099590e-02
4.741622072145600109e-02
4.988497881507809872e-02
5.233857382851363205e-02
5.532550137064122520e-02
5.828982349696967824e-02
6.123163671026196631e-02
6.415103751328106452e-02
6.930443996950037822e-02
7.438735723085913853e-02
7.940034230708911678e-02
8.434395055871364566e-02
8.921873999795011667e-02
9.529072855001735620e-02
1.012545192221932094e-01
1.071112556248728920e-01
1.128620491074961846e-01
1.185080323741703051e-01
1.209733637934925499e-01
1.234184929334456449e-01
1.258435190140921867e-01
1.282485413806278562e-01
1.307257713203641702e-01
1.331816346657337113e-01
1.356162432049484445e-01
1.410815649505691161e-01
1.464385061798631760e-01
1.516883547309319236e-01
1.568324034765300468e-01
1.639861594087897445e-01
1.709312090000892348e-01
1.776712219385236657e-01
1.842098617626757862e-01
1.916158574415517679e-01
1.987565559448000452e-01
2.005009504809474874e-01
2.022292114977524424e-01
2.039414283363664426e-01
2.056376901546646263e-01
2.073180859272452103e-01
2.089999208864361802e-01
2.106657403662644534e-01
2.123156355740690726e-01
2.139496975261742095e-01
2.156266929273536193e-01
2.172868785798954816e-01
2.189303551633854927e-01
2.249448202864237079e-01
2.307310108059370535e-01
2.362940828719685415e-01
2.416391220561843467e-01
2.498260523695420565e-01
2.517883741881020709e-01
2.537175748849953005e-01
2.556139721311404545e-01
2.574778813581446446e-01
2.593096157070383656e-01
2.604572718406814591e-01
2.615921349089492254e-01
2.627142838181814044e-01
2.638237970735297644e-01
2.649370273789744545e-01
2.660374079895164168e-01
2.671250218613814287e-01
2.719694923004324361e-01
2.765529876906829831e-01
2.808832139188903176e-01
2.849677248330986234e-01
2.859513320048173157e-01
2.869201602256964967e-01
2.878743230361542893e-01
2.888139333571262957e-01
2.896317713023001117e-01
2.904384226317255902e-01
2.912339639241765532e-01
2.928263321875669845e-01
2.943732168358985102e-01
2.958752576360021425e-01
2.998584493591524014e-01
3.008014081639957538e-01
3.017236595671876631e-01
3.026254129822338323e-01
3.028472103411884997e-01
3.030676290609534695e-01
3.032867604927548810e-01
3.033414512311058409e-01
3.033961075626297466e-01
3.033983927301977523e-01
3.034006777602567539e-01
3.034052474078506312e-01
3.034098165054124885e-01
3.034143849865963971e-01
3.034152985810503189e-01
3.034162121755041297e-01
3.034171257630989271e-01
3.034174173386644524e-01
3.034177089142300332e-01
3.034167828077671825e-01
3.034149122433028589e-01
3.034130416892182325e-01
3.033943367836638982e-01
3.033756330331390805e-01
3.033569304375727249e-01
3.031699679886615262e-01
3.029831209567762640e-01
3.027963892707358773e-01
3.026097728593150626e-01
3.018227648494494209e-01
3.010378070202692213e-01
3.002548940309321956e-01
2.994740205588888315e-01
2.986951812993055011e-01
2.975125112401019178e-01
2.963345317485333585e-01
2.951612242106788075e-01
2.939925700914761131e-01
2.928285509347224314e-01
2.916691483541509200e-01
2.902522332133571914e-01
2.888422131452929587e-01
2.874390546186678108e-01
2.860427242776172330e-01
2.846531889226943668e-01
2.830195901541794345e-01
2.813953829116392358e-01
2.797805132116822913e-01
2.781749273892443752e-01
2.763377759666958977e-01
2.745127794338452776e-01
2.726998573834301109e-01
2.708989299504182546e-01
2.690234958499556073e-01
2.671610693266839864e-01
2.653115601804380552e-01
2.634748787589215602e-01
2.594476842802919125e-01
2.554821604530249091e-01
2.515773631519203080e-01
2.477323630017186640e-01
2.439462451139746968e-01
2.414060419019118664e-01
2.388923448859528453e-01
2.364048777389238520e-01
2.339433663388539031e-01
2.322478015160899245e-01
2.305645523795888108e-01
2.288935294652389707e-01
2.236370398027086592e-01
2.185015289308792352e-01
2.134842074142784540e-01
2.085823556971693749e-01
2.048967488681037175e-01
2.012764226902840625e-01
1.977202204763433557e-01
1.960461664554657146e-01
1.943863218855597375e-01
1.927405660052793068e-01
1.907361951343868323e-01
1.887527224526255043e-01
1.867899301914319465e-01
1.822963384817389010e-01
1.779111387026079960e-01
1.736317153034979133e-01
1.711889302202040941e-01
1.687806111829909528e-01
1.664062720962048436e-01
1.640654335072946057e-01
1.629299822649627472e-01
1.618024131513323971e-01
1.606826714295010727e-01
1.595799246623853807e-01
1.584847694317884637e-01
1.573971534380916859e-01
1.510170870780693508e-01
1.448964581148308173e-01
1.434055920790322514e-01
1.419301187060478531e-01
1.404698789636210643e-01
1.390247154306247235e-01
1.380639310346777060e-01
1.371098104416907104e-01
1.361623074365566344e-01
1.352306034927320544e-01
1.343052982900995174e-01
1.333863478815523473e-01
1.298354596810346040e-01
1.263794542269996435e-01
1.230157950205080231e-01
1.145955023374159720e-01
1.125824533475512507e-01
1.106049205455634926e-01
1.086622780530048377e-01
1.081819966677715905e-01
1.077038478896545498e-01
1.072278222481468507e-01
1.067539103144028445e-01
1.060201916242701770e-01
1.052915394292109064e-01
1.045679187315747966e-01
1.038510152273501297e-01
1.031390502067098536e-01
1.024319896267320285e-01
9.562381027066506334e-02
9.399403782872584046e-02
9.239218786897485103e-02
9.081778168989515510e-02
8.927034906844297235e-02
8.865536459231079802e-02
8.804464053794727740e-02
8.743814739038197059e-02
8.683855813201499241e-02
8.624310400066036164e-02
8.565175647290890204e-02
8.403854943570664149e-02
8.245590377065353804e-02
8.090324012075714166e-02
7.928938862071846505e-02
7.770792957157839076e-02
7.615821274464765200e-02
7.315146911872699720e-02
7.026421220290020309e-02
6.749169496501875032e-02
6.482935613878053338e-02
5.985504440817144417e-02
5.526535725934261095e-02
5.103055467339346479e-02
4.712319590127842656e-02
4.351796157610456767e-02
3.928268630157500524e-02
3.546435705265523625e-02
3.202192600165649355e-02
2.891838642918368243e-02
2.612037488208964961e-02
2.350491933897585345e-02
2.115642160846245221e-02
1.904763220072434871e-02
1.715408309456446789e-02
1.545380382135583264e-02
1.392706652947519816e-02
1.255615707106896503e-02
1.132516945494393100e-02
1.021982128050534164e-02
9.227288011119615802e-03
8.336054163883470022e-03
7.535779689071453805e-03
6.817179988788406655e-03
6.171918182616484630e-03
5.592508370155149094e-03
5.072228767955586949e-03
4.605043712929083460e-03
4.185533627191519168e-03
3.808832131687143671e-03
3.470569578886010045e-03
3.166822349333573480e-03
2.894067323712102430e-03
2.649141002127918323e-03
2.429202796262818365e-03
2.231702068448102125e-03
2.054348535197232997e-03
1.895085621129140221e-03
1.752066496076755669e-03
1.623633326371351580e-03
1.508297404795471471e-03
1.404721833005064500e-03
1.311706181867135657e-03
1.228172556186948958e-03
1.153153085486841641e-03
1.085778694532100585e-03
1.025269018526769188e-03
9.709233480325828430e-04
9.221124981995617882e-04
8.782715079227415393e-04
8.388930842342708777e-04
8.035217158556790624e-04
7.717483876063257770e-04
7.432058343361877409e-04
7.175642793112030349e-04
6.945276076009166419e-04
6.738299300657757266e-04
6.552324980738002524e-04
6.385209331460894302e-04
6.235027393849589200e-04
6.100050698197958306e-04
5.978727207521100651e-04
5.869665799932262612e-04
5.771614630214012484e-04
5.683447392132637667e-04
5.604154917387623195e-04
5.532831453905362072e-04
5.468663638116340493e-04
5.410921128122321740e-04
5.358948128775741469e-04
5.312155781284966021e-04
5.270015331223307101e-04
5.232051993728350841e-04
5.197839444864705942e-04
5.166973732627956617e-04
5.139130419544619965e-04
5.114008014985759127e-04
5.091328151310424476e-04
5.070841287405434931e-04
5.052323409840868765e-04
5.035573390216234544e-04
5.020410648068013640e-04
5.006673051730019903e-04
4.994215033530245186e-04
4.982905897548422667e-04
4.972628300260038174e-04
4.963276886403678945e-04
4.954757064213457856e-04
4.946983905778453610e-04
4.939881159745727196e-04
4.933380364889412752e-04
4.927420054241050734e-04
4.921945040529063448e-04
4.916905774620495629e-04
4.912257769506859443e-04
4.907961083137816040e-04
4.903979854090582263e-04
4.900281884677148416e-04
4.896838266642901697e-04
4.893623045105309618e-04
4.890612916825955560e-04
4.887786959308264637e-04
4.885126387571658412e-04
4.882614335774617819e-04
4.880235661147971026e-04
4.877976767959128161e-04
4.875825449460810122e-04
4.873770745986908239e-04
4.871802817545826448e-04
4.869912829430182309e-04
4.868092849513060887e-04
4.866335756036893200e-04
4.864635154822967889e-04
4.862985304939151520e-04
4.861381051961681824e-04
4.859817768055188026e-04
4.858291298174381169e-04
4.856797911761978896e-04
4.855334259381365557e-04
4.853897333779821194e-04
4.852484434929687758e-04
4.851093138641064781e-04
4.849721268381154411e-04
4.848366869972645684e-04
4.847028188877020548e-04
4.845703649798679740e-04
4.844391838372786533e-04
4.843091484723963656e-04
4.841801448704682854e-04
4.840520706641772072e-04
4.839248339436935035e-04
4.837983413433754047e-04
4.836725267630701615e-04
4.835473277092649136e-04
4.834226991834208033e-04
4.832985801484775503e-04
4.831749118641967869e-04
4.830516498468622149e-04
4.829287521044035858e-04
4.828061856952692863e-04
4.826839232700918083e-04
4.825619380474262515e-04
4.824402051205212041e-04
4.823187018332226409e-04
4.821974077461555971e-04
4.820763044777464658e-04
4.819553755169648569e-04
4.818346060398115915e-04
4.817139827392622961e-04
4.815934936707842056e-04
4.814731281130422047e-04
4.813528764426586236e-04
4.812327300217298645e-04
4.811126810968451668e-04
4.809927227084444864e-04
4.808728486094627835e-04
4.807530531923110665e-04
4.806333314233399482e-04
4.805136787840204315e-04
4.803940912181515577e-04
4.802745650844794157e-04
4.801550971141712101e-04
4.800356843726485251e-04
4.799163242253309813e-04
4.797970143068915148e-04
4.796777524936621305e-04
4.795585368788679061e-04
4.794393657503984618e-04
4.793202375708585324e-04
4.792011509596622054e-04
4.790821046769627679e-04
4.789630976092289693e-04
4.788441287563001891e-04
4.787251972197674216e-04
4.786063021925457991e-04
4.784874429495153793e-04
4.783686188391212887e-04
4.782498292758341810e-04
4.781310737333843274e-04
4.780123517386884041e-04
4.778936628663985574e-04
4.777750067340110255e-04
4.776563829974752283e-04
4.775377913472528008e-04
4.774192315047810884e-04
4.773007032192987651e-04
4.771822063181936895e-04
4.770637405685596109e-04
4.769453057469779148e-04
4.768269016849139815e-04
4.767085282225381961e-04
4.765901852334893433e-04
4.764718726120143973e-04
4.763535902539997005e-04
4.762353380619717912e-04
4.761171159465653053e-04
4.759989238455956105e-04
4.758807616747736855e-04
4.757626293527012634e-04
4.756445268171279549e-04
4.755264540082884163e-04
4.754084108784912503e-04
4.752903973873993655e-04
4.751724134949629301e-04
4.750544591632921139e-04
4.749365343572222288e-04
4.748186390519654318e-04
4.747007732136315685e-04
4.745829368090434563e-04
4.744651298121140524e-04
4.743473521971428323e-04
4.742296039432111450e-04
4.741118850322388893e-04
4.739941954459739554e-04
4.738765351668003888e-04
4.737589041779972443e-04
4.736413024675028270e-04
4.735237300185787357e-04
4.734061868144595728e-04
4.732886728413684897e-04
4.731711880852024557e-04
4.730537325341585748e-04
4.729363061777365658e-04
4.728189090051084474e-04
4.727015410055643622e-04
4.725842021686669126e-04
4.724668924866914834e-04
4.723496119487452039e-04
4.722323605436571595e-04
4.721151382618489663e-04
4.719979450931746602e-04
4.718807810289431140e-04
4.717636460612423081e-04
4.716465401817804270e-04
4.715294633822078672e-04
4.714124156542357945e-04
4.712953969916234328e-04
4.711784073854785896e-04
4.710614468265464610e-04
4.709445153066885376e-04
4.708276128171177944e-04
4.707107393502129407e-04
4.705938948989527373e-04
4.704770794559193442e-04
4.703602930135773936e-04
4.702435355643806215e-04
4.701268071026015673e-04
4.700101076200413858e-04
4.698934371081105394e-04
4.697767955591720165e-04
4.696601829649142148e-04
4.695435993180913027e-04
4.694270446119957552e-04
4.693105188395182417e-04
4.691940219934119007e-04
4.690775540663946882e-04
4.689611150529228618e-04
4.688447049450460212e-04
4.687283237344142374e-04
4.686119714135733496e-04
4.684956479743865830e-04
4.683793534097471551e-04
4.682630877130650681e-04
4.681468508773471639e-04
4.680306428954565190e-04
4.679144637602126251e-04
4.677983134661428634e-04
4.676821920053941947e-04
4.675660993697119375e-04
4.674500355517158191e-04
4.673340005433417607e-04
4.672179943375419061e-04
4.671020169277767271e-04
4.669860683071041314e-04
4.668701484684359849e-04
4.667542574046378576e-04
4.666383951102705241e-04
4.665225615775266989e-04
4.664067567981974535e-04
4.662909807649397035e-04
4.661752334697272628e-04
4.660595149055437713e-04
4.659438250658775107e-04
4.658281639438150118e-04
4.657125315322963293e-04
4.655969278242145181e-04
4.654813528141503020e-04
4.653658064943248557e-04
4.652502888565581449e-04
4.651347998935317506e-04
4.650193395972453993e-04
4.649039079607049027e-04
4.647885049774187630e-04
4.646731306404943817e-04
4.645577849428930641e-04
4.644424678775286273e-04
4.643271794389975705e-04
4.642119196195435113e-04
4.640966884110095088e-04
4.639814858060975272e-04
4.638663117968291395e-04
4.637511663762290226e-04
4.636360495378234053e-04
4.635209612747379039e-04
4.634059015799525259e-04
4.632908704463997913e-04
4.631758678686903477e-04
4.630608938390880333e-04
4.629459483494571034e-04
4.628310313925185497e-04
4.627161429603143285e-04
4.626012830458870601e-04
4.624864516427791821e-04
4.623716487441341459e-04
4.622568743429495233e-04
4.621421284321759943e-04
4.620274110064377052e-04
4.619127220580179554e-04
4.617980615788016001e-04
4.616834295615278457e-04
4.615688259982586518e-04
4.614542508820542030e-04
4.613397042064729830e-04
4.612251859646755736e-04
4.611106961496772732e-04
4.609962347544459466e-04
4.608818017736195636e-04
4.607673971995005597e-04
4.606530210239939563e-04
4.605386732398569576e-04
4.604243538391716893e-04
4.603100628150151412e-04
4.601958001609620600e-04
4.600815658701899410e-04
4.599673599357314300e-04
4.598531823505720641e-04
4.597390331093629320e-04
4.596249122044256596e-04
4.595108196276853261e-04
4.593967553719174586e-04
4.592827194292233733e-04
4.591687117926974613e-04
4.590547324559304614e-04
4.589407814121167824e-04
4.588268586543062548e-04
4.587129641755019254e-04
4.585990979703681103e-04
4.584852600312455716e-04
4.583714503500794461e-04
4.582576689196628792e-04
4.581439157321170281e-04
4.580301907805535227e-04
4.579164940585787684e-04
4.578028255594042504e-04
4.576891852760969293e-04
4.575755732016771452e-04
4.574619893308224956e-04
4.573484336558927702e-04
4.572349061688531636e-04
4.571214068625145482e-04
4.570079357290177048e-04
4.568944927614912313e-04
4.567810779535574710e-04
4.566676912984447682e-04
4.565543327892372682e-04
4.564410024189727126e-04
4.563277001823417634e-04
4.562144260717231298e-04
4.561011800791019014e-04
4.559879621973068941e-04
4.558747724184984045e-04
4.557616107358220523e-04
4.556484771429159019e-04
4.555353716330249941e-04
4.554222941992508759e-04
4.553092448346483649e-04
4.551962235339213503e-04
4.550832302894676235e-04
4.549702650932918439e-04
4.548573279382408250e-04
4.547444188164941623e-04
4.546315377212145517e-04
4.545186846460558868e-04
4.544058595842798511e-04
4.542930625290050135e-04
4.541802934733035930e-04
4.540675524118927063e-04
4.539548393371885216e-04
4.538421542412159732e-04
4.537294971168395470e-04
4.536168679562580831e-04
4.535042667526511910e-04
4.533916934996886478e-04
4.532791481906489422e-04
4.531666308186675565e-04
4.530541413768337860e-04
4.529416798598780288e-04
4.528292462602352643e-04
4.527168405699500504e-04
4.526044627819046542e-04
4.524921128883172146e-04
4.523797908823843630e-04
4.522674967577914890e-04
4.521552305078336154e-04
4.520429921256634634e-04
4.519307816043874586e-04
4.518185989387488470e-04
4.517064441212015813e-04
4.515943171438098979e-04
4.514822179994736821e-04
4.513701466804303174e-04
4.512581031798934572e-04
4.511460874915639951e-04
4.510340996087535965e-04
4.509221395246321130e-04
4.508102072323228295e-04
4.506983027265822192e-04
4.505864259998828289e-04
4.504745770443086819e-04
4.503627558527771189e-04
4.502509624175448765e-04
4.501391967318424132e-04
4.500274587893862352e-04
4.499157485835046503e-04
4.498040661073843152e-04
4.496924113541657538e-04
4.495807843186182327e-04
4.494691849932332182e-04
4.493576133701139780e-04
4.492460694421957423e-04
4.491345532017543838e-04
4.490230646420370034e-04
4.489116037567758826e-04
4.488001705393158632e-04
4.486887649828602987e-04
4.485773870805667891e-04
4.484660368272177741e-04
4.483547142153229887e-04
4.482434192370056501e-04
4.481321518852182271e-04
4.480209121522558914e-04
4.479097000313825489e-04
4.477985155163458227e-04
4.476873586005069802e-04
4.475762292770866136e-04
4.474651275392590739e-04
4.473540533818195944e-04
4.472430067972967211e-04
4.471319877778330782e-04
4.470209963163985904e-04
4.469100324053076195e-04
4.467990960378407685e-04
4.466881872077610558e-04
4.465773059084463914e-04
4.464664521331339559e-04
4.463556258750151764e-04
4.462448271288981341e-04
4.461340558873299689e-04
4.460233121424727123e-04
4.459125958873137990e-04
4.458019071141866184e-04
4.456912458163882532e-04
4.455806119876973889e-04
4.454700056215083609e-04
4.453594267110750466e-04
4.452488752496058409e-04
4.451383512319215642e-04
4.450278546505877881e-04
4.449173854977862765e-04
4.448069437665215942e-04
4.446965294491462130e-04
4.445861425389738037e-04
4.444757830297986099e-04
4.443654509150312846e-04
4.442551461879422933e-04
4.441448688417569445e-04
4.440346188713089606e-04
4.439243962690032344e-04
4.439178968827269390e-04
