0.000000000000000000e+00
2.963719495931027982e-05
5.927438991862025471e-05
1.185487798372406178e-04
1.778231697558608658e-04
2.370975596744811272e-04
8.298414588606840402e-04
1.421816436188837445e-03
2.013632580914446329e-03
2.605005769611618872e-03
3.814621394371779835e-03
5.021796182486193069e-03
6.226531677277019616e-03
7.428829881821240669e-03
8.628691964354668134e-03
1.097963478404721804e-02
1.332119121996067426e-02
1.518235895856390009e-02
1.703757037245304598e-02
1.888683285095603404e-02
2.073015378340076903e-02
2.256754055911517481e-02
2.439900056742714402e-02
2.688161999713087683e-02
2.935329863014606369e-02
3.181405532420335941e-02
3.426390890466023131e-02
3.670287819687412245e-02
3.913098202620253485e-02
4.195717332439618391e-02
4.476855849530278486e-02
4.756517245201610788e-02
5.034704718438109267e-02
5.311421460040481601e-02
5.645121926816504265e-02
5.976668643195256342e-02
6.306067832225932535e-02
6.633325692582177358e-02
6.958448204156195138e-02
7.354068303096694681e-02
7.746500157403223008e-02
8.135755608470285338e-02
8.521846162003771097e-02
9.202880585223260912e-02
9.873943758978359631e-02
1.053510401296286342e-01
1.118643119614111531e-01
1.182799665890408441e-01
1.262610671024295139e-01
1.340883293939132415e-01
1.417632364359956432e-01
1.492872997302306937e-01
1.566620590926525725e-01
1.598783108524447494e-01
1.630657412427437558e-01
1.662244826250176555e-01
1.693546679567861646e-01
1.725761679310240104e-01
1.757671481951373349e-01
1.789277598287982163e-01
1.860125362531297177e-01
1.929424258942416814e-01
1.997191991505676278e-01
2.063446445743269964e-01
2.155328113658243061e-01
2.244223343848910368e-01
2.330184488067326698e-01
2.413264044182081014e-01
2.506962269200067595e-01
2.596865747689968695e-01
2.618758510503766401e-01
2.640420663336852658e-01
2.661853520422896580e-01
2.683058394402836888e-01
2.704036596092901923e-01
2.725003922227310360e-01
2.745742524079974878e-01
2.766253746634487198e-01
2.786538932000540147e-01
2.807326202627464795e-01
2.827873587487655382e-01
2.848182569362053274e-01
2.922225698650730563e-01
2.993016876498350021e-01
3.060632941612216884e-01
3.125149568319122162e-01
3.223016953276906515e-01
3.246287555236919142e-01
3.269089432334441048e-01
3.291427403071717217e-01
3.313306258724906250e-01
3.334730762539702131e-01
3.348114032010854335e-01
3.361316875566430218e-01
3.374340497730122790e-01
3.387186098021662262e-01
3.400042584259305167e-01
3.412718172367213421e-01
3.425214131949955165e-01
3.480457621637256804e-01
3.532040381312612221e-01
3.580079795972130885e-01
3.624690938846439336e-01
3.635321382672798141e-01
3.645746392515215595e-01
3.655967701351407473e-01
3.665987032652093247e-01
3.674669364277249328e-01
3.683196661573974184e-01
3.691570093073334169e-01
3.708217054389126299e-01
3.724235457126789939e-01
3.739635055172690348e-01
3.779649459275399859e-01
3.788927522887700072e-01
3.797921839414437062e-01
3.806635601814868930e-01
3.808770581402156630e-01
3.810888275499394462e-01
3.812988733461109003e-01
3.813509994179740126e-01
3.814030665527911035e-01
3.814052450115447690e-01
3.814074234702984900e-01
3.814117800730743579e-01
3.814161359461828993e-01
3.814204911026956024e-01
3.814213620784143721e-01
3.814222330417677553e-01
3.814231039606570395e-01
3.814233819239523648e-01
3.814236598872477457e-01
3.814228523056333864e-01
3.814205008742606595e-01
3.814181494574083175e-01
3.813946360874919672e-01
3.813711241695260101e-01
3.813476137034170765e-01
3.811125888747920465e-01
3.808777091334277221e-01
3.806429743897358775e-01
3.804083845541951781e-01
3.794190606347125350e-01
3.784323139360296628e-01
3.774481377479587119e-01
3.764665253715457904e-01
3.754874701253151925e-01
3.740007713892352648e-01
3.725199690128434549e-01
3.710450396080576807e-01
3.695759598873272767e-01
3.681127066615553778e-01
3.666552568246944643e-01
3.648740957995296741e-01
3.631016023993519637e-01
3.613377344468747254e-01
3.595824499642584771e-01
3.578357071836673620e-01
3.557821596858418700e-01
3.537404180011503030e-01
3.517104142570258163e-01
3.496920808694220506e-01
3.473826531711250998e-01
3.450885048205215577e-01
3.428095347270745386e-01
3.405456424785792136e-01
3.381880899238083327e-01
3.358468886528842012e-01
3.335219252989252148e-01
3.312130872907211310e-01
3.261506213337376781e-01
3.211656822810910472e-01
3.162570838302063980e-01
3.114236570314534713e-01
3.066642503208882875e-01
3.034710427269660116e-01
3.003111545544105976e-01
2.971842379849736204e-01
2.940899487415732927e-01
2.919585064157615428e-01
2.898425450578447915e-01
2.877419520486401150e-01
2.811341694730901120e-01
2.746784647997982942e-01
2.683713394385241480e-01
2.622093729299038167e-01
2.575763083278155841e-01
2.530253032407913660e-01
2.485549062709718759e-01
2.464505027016149485e-01
2.443639618585713991e-01
2.422951321041689199e-01
2.397754992276587283e-01
2.372821368474711812e-01
2.348147709396181115e-01
2.291660127377845024e-01
2.236535090293916839e-01
2.182739752551849655e-01
2.152032253499877590e-01
2.121758015962056099e-01
2.091910923721107818e-01
2.062484945359125688e-01
2.048211524707478359e-01
2.034037188024776788e-01
2.019961247675607363e-01
2.006098946713524289e-01
1.992332077954381553e-01
1.978659984395841065e-01
1.898458124188831253e-01
1.821517535990422876e-01
1.802776303898330490e-01
1.784228570805699576e-01
1.765872338798253893e-01
1.747705630416706291e-01
1.735627905801211679e-01
1.723633949349460126e-01
1.711723179805213491e-01
1.700011014331501702e-01
1.688379284022772653e-01
1.676827436021873230e-01
1.632190277809934531e-01
1.588745870171240082e-01
1.546462342198155204e-01
1.440613373105175676e-01
1.415307944608762969e-01
1.390448987853979135e-01
1.366028622606242637e-01
1.359991150829500117e-01
1.353980486738747546e-01
1.347996511183498503e-01
1.342039105530665466e-01
1.332815745512129779e-01
1.323656075044030156e-01
1.314559654401076805e-01
1.305547674178659245e-01
1.296597774984005191e-01
1.287709529142086751e-01
1.202125976133216340e-01
1.181638590413433137e-01
1.161502213135143791e-01
1.141710830338225208e-01
1.122258530224577722e-01
1.114527748659149692e-01
1.106850522822284827e-01
1.099226481441679254e-01
1.091689225500564880e-01
1.084203949430032621e-01
1.076770294893798774e-01
1.056491148153333587e-01
1.036596183929381909e-01
1.017078123454748101e-01
9.967908902869769550e-02
9.769108457530026324e-02
9.574298148812863951e-02
9.196329443494072331e-02
8.833381181067043175e-02
8.484856274133945053e-02
8.150181740794208707e-02
7.524875913785364356e-02
6.947920189238016020e-02
6.415575940623331752e-02
5.924393561652865903e-02
5.471190322021740604e-02
4.938786563014924136e-02
4.458795824516363637e-02
4.026058108106445738e-02
3.635921410993548514e-02
3.284191714459262085e-02
2.955410568396062143e-02
2.660187878695963529e-02
2.395098194703792691e-02
2.157065715742977063e-02
1.943328600889672811e-02
1.751406921796530569e-02
1.579073886704860860e-02
1.424330001741427876e-02
1.285379869679021195e-02
1.160611356943916546e-02
1.048576887133433923e-02
9.479766439818716750e-03
8.576434888694865061e-03
7.765294178639881376e-03
7.036934011480710377e-03
6.382904637270959101e-03
5.795618807143011059e-03
5.268263734239827384e-03
4.794722041160193703e-03
4.369500776626620772e-03
3.987667677716858622e-03
3.644793938074205458e-03
3.336902818004360526e-03
3.060423500153178471e-03
2.812149655327084597e-03
2.589202237672341526e-03
2.388996077504916115e-03
2.209209884148993774e-03
2.047759310710381159e-03
1.902772768240377837e-03
1.772569708648424978e-03
1.655641121486789175e-03
1.550631933812728980e-03
1.456325348519850633e-03
1.371629174681733782e-03
1.295562451693261889e-03
1.227244329677810390e-03
1.165883879847496012e-03
1.110770904660862788e-03
1.061267699953483482e-03
1.016801655019906707e-03
9.768586080849987405e-04
9.409768801993741594e-04
9.087419180737216651e-04
8.797814837484755745e-04
8.537613352771229866e-04
8.303813483009949694e-04
8.093720335126038676e-04
7.904914095972707510e-04
7.735221953677486832e-04
7.582692885103814928e-04
7.445575299885319768e-04
7.322300005366799138e-04
7.211451295644598228e-04
7.111758652958836448e-04
7.022083588324398457e-04
6.941403668024466976e-04
6.868800797623915259e-04
6.803450598183251579e-04
6.744612834265731240e-04
6.691622825616795134e-04
6.643883735403368143e-04
6.600859645470801527e-04
6.562069338418773058e-04
6.527080714336600930e-04
6.495505777417889121e-04
6.466996134287645269e-04
6.441236635339231452e-04
6.417930490391452348e-04
6.396848283615941180e-04
6.377762535178415400e-04
6.360469173247947127e-04
6.344785119869537611e-04
6.330546001376141652e-04
6.317604236677638310e-04
6.305827322128269114e-04
6.295096291161724530e-04
6.285304331289006665e-04
6.276355542390615232e-04
6.268163821866453789e-04
6.260651863683158302e-04
6.253750259682630845e-04
6.247396692704404149e-04
6.241535212141748057e-04
6.236115583509791024e-04
6.231092704464288694e-04
6.226426080482177529e-04
6.222079354108655744e-04
6.218019882298205176e-04
6.214218356936095132e-04
6.210648464128893775e-04
6.207286578303175322e-04
6.204111487556296335e-04
6.201104147066416371e-04
6.198247457695084785e-04
6.195526067208675502e-04
6.192926191807791511e-04
6.190435455889931483e-04
6.188042748182623646e-04
6.185738092574549676e-04
6.183512532143078683e-04
6.181358025029983156e-04
6.179267350954907503e-04
6.177234027279780628e-04
6.175252233648411164e-04
6.173316744325200740e-04
6.171422867446396373e-04
6.169566390477661949e-04
6.167743531243936048e-04
6.165950893962243110e-04
6.164185429766387819e-04
6.162444401264584488e-04
6.160725350718032232e-04
6.159026071470463833e-04
6.157344582296602137e-04
6.155679104371233933e-04
6.154028040591252987e-04
6.152389957010215727e-04
6.150763566169624051e-04
6.149147712133155820e-04
6.147541357049840505e-04
6.145943521309870121e-04
6.144353327427546632e-04
6.142770107290533750e-04
6.141193255016149126e-04
6.139622278312310008e-04
6.138056481707141864e-04
6.136495318707609406e-04
6.134938341012801267e-04
6.133385125803791308e-04
6.131835365956422694e-04
6.130288771933646574e-04
6.128745066911392555e-04
6.127203996552524432e-04
6.125665330540631731e-04
6.124128861448337310e-04
6.122594402852421644e-04
6.121061787340928038e-04
6.119530864620145640e-04
6.118001499779428427e-04
6.116473571721314914e-04
6.114946971748190388e-04
6.113421602292294773e-04
6.111897375775362032e-04
6.110374213584943582e-04
6.108852045155590323e-04
6.107330807144165097e-04
6.105810442689677377e-04
6.104290900748966580e-04
6.102772135500459175e-04
6.101254105809048771e-04
6.099736774745795646e-04
6.098220109156871809e-04
6.096704079276665626e-04
6.095188658380545476e-04
6.093673822473206917e-04
6.092159550008963706e-04
6.090645821640697536e-04
6.089132619994547810e-04
6.087619929467676496e-04
6.086107736046771598e-04
6.084596027145147950e-04
6.083084791456544720e-04
6.081574018823894664e-04
6.080063700121563506e-04
6.078553827149638057e-04
6.077044392539055276e-04
6.075535389666466375e-04
6.074026812577799483e-04
6.072518655919684942e-04
6.071010914877882384e-04
6.069503585122040627e-04
6.067996662756108437e-04
6.066490144507786933e-04
6.064984027797488096e-04
6.063478308970905251e-04
6.061972985176219140e-04
6.060468054076268265e-04
6.058963513454784008e-04
6.057459361688879431e-04
6.055955597240218020e-04
6.054452218630467343e-04
6.052949224492801912e-04
6.051446613664007235e-04
6.049944385218897821e-04
6.048442537844188251e-04
6.046941070504304990e-04
6.045439982340668336e-04
6.043939272531394496e-04
6.042438940469063539e-04
6.040938985573171939e-04
6.039439407281254040e-04
6.037940205067981363e-04
6.036441378481337012e-04
6.034942927157348896e-04
6.033444850576659239e-04
6.031947148321024042e-04
6.030449820035109054e-04
6.028952865371652991e-04
6.027456284068740799e-04
6.025960075871740007e-04
6.024464240529787918e-04
6.022968777803876499e-04
6.021473687483973021e-04
6.019978969397083270e-04
6.018484623294008797e-04
6.016990648966604469e-04
6.015497046230826967e-04
6.014003814900982818e-04
6.012510954832788563e-04
6.011018465882570069e-04
6.009526347905577671e-04
6.008034600760318649e-04
6.006543224319192166e-04
6.005052218474266979e-04
6.003561583068398825e-04
6.002071317965049788e-04
6.000581423038585773e-04
5.999091898158420049e-04
5.997602743220412829e-04
5.996113958118763328e-04
5.994625542744953751e-04
5.993137496990802405e-04
5.991649820756878193e-04
5.990162513957496618e-04
5.988675576466999731e-04
5.987189008173361259e-04
5.985702808970970153e-04
5.984216978748144915e-04
5.982731517414530305e-04
5.981246424877347890e-04
5.979761701040550367e-04
5.978277345807426904e-04
5.976793359088272781e-04
5.975309740805087241e-04
5.973826490843097727e-04
5.972343609098777024e-04
5.970861095473474663e-04
5.969378949862111936e-04
5.967897172179152882e-04
5.966415762336388980e-04
5.964934720242161779e-04
5.963454045803809941e-04
5.961973738935072171e-04
5.960493799560683155e-04
5.959014227569752863e-04
5.957535022861801775e-04
5.956056185340706695e-04
5.954577714903798013e-04
5.953099611467316775e-04
5.951621874944749068e-04
5.950144505246071419e-04
5.948667502280151212e-04
5.947190865962036872e-04
5.945714596217512591e-04
5.944238692937183453e-04
5.942763156021776657e-04
5.941287985376177312e-04
5.939813180898699183e-04
5.938338742506329244e-04
5.936864670113266990e-04
5.935390963630189339e-04
5.933917622966633715e-04
5.932444648038229674e-04
5.930972038771241709e-04
5.929499795056959038e-04
5.928027916796681316e-04
5.926556403895790219e-04
5.925085256253104747e-04
5.923614473785993517e-04
5.922144056409039828e-04
5.920674004033308745e-04
5.919204316568711741e-04
5.917734993931209053e-04
5.916266036047350321e-04
5.914797442808838925e-04
5.913329214117324720e-04
5.911861349878517894e-04
5.910393849991569214e-04
5.908926714374114009e-04
5.907459942941008799e-04
5.905993535603592951e-04
5.904527492272050072e-04
5.903061812862596272e-04
5.901596497301994778e-04
5.900131545482264475e-04
5.898666957305338191e-04
5.897202732677187410e-04
5.895738871497245874e-04
5.894275373683373342e-04
5.892812239150654018e-04
5.891349467810667959e-04
5.889887059573838384e-04
5.888425014356601494e-04
5.886963332085920009e-04
5.885502012654091454e-04
5.884041055963307783e-04
5.882580461919783340e-04
5.881120230423210991e-04
5.879660361391657580e-04
5.878200854740428484e-04
5.876741710381329278e-04
5.875282928225009776e-04
5.873824508188119770e-04
5.872366450197806292e-04
5.870908754146639003e-04
5.869451419937055971e-04
5.867994447475510062e-04
5.866537836661940260e-04
5.865081587414625909e-04
5.863625699649084892e-04
5.862170173277337455e-04
5.860715008210263264e-04
5.859260204364717022e-04
5.857805761668024658e-04
5.856351680013033387e-04
5.854897959302415465e-04
5.853444599442861199e-04
5.851991600334560022e-04
5.850538961895991857e-04
5.849086684042887089e-04
5.847634766687483891e-04
5.846183209740880935e-04
5.844732013120143262e-04
5.843281176752778945e-04
5.841830700531893241e-04
5.840380584360412106e-04
5.838930828145249196e-04
5.837481431786842225e-04
5.836032395203878198e-04
5.834583718312290248e-04
5.833135401024537722e-04
5.831687443251941556e-04
5.830239844911771704e-04
5.828792605931714050e-04
5.827345726205143813e-04
5.825899205635221142e-04
5.824453044129097130e-04
5.823007241587452353e-04
5.821561797929177646e-04
5.820116713070413225e-04
5.818671986923837445e-04
5.817227619400990252e-04
5.815783610419345429e-04
5.814339959906767753e-04
5.812896667756901328e-04
5.811453733873141571e-04
5.810011158162870512e-04
5.808568940527018094e-04
5.807127080884674645e-04
5.805685579152186377e-04
5.804244435242451742e-04
5.802803649067227523e-04
5.801363220544194588e-04
5.799923149601394438e-04
5.798483436132733553e-04
5.797044080041852381e-04
5.795605081236356298e-04
5.794166439617427864e-04
5.792728155104348228e-04
5.791290227613680444e-04
5.789852657058532212e-04
5.788415443350884747e-04
5.786978586408618409e-04
5.785542086159956845e-04
5.784105942499068913e-04
5.782670155329829248e-04
5.781234724560078498e-04
5.779799650091241000e-04
5.778364931842798480e-04
5.776930569731522159e-04
5.775496563670735493e-04
5.774062913572635455e-04
5.772629619355308401e-04
5.771196680947153620e-04
5.769764098242603431e-04
5.768331871145772078e-04
5.766899999564727890e-04
5.765468483401138067e-04
5.764037322574685996e-04
5.762606517002348896e-04
5.761176066597664897e-04
5.759745971273046725e-04
5.758316230946786737e-04
5.756886845547460945e-04
5.755457814969762963e-04
5.754029139118045557e-04
5.752600817900603656e-04
5.751172851219348405e-04
5.749745238994165937e-04
5.748317981142232963e-04
5.746891077577307707e-04
5.745464528212017568e-04
5.744038332964855479e-04
5.742612491764579599e-04
5.741187004506140496e-04
5.739761871094129463e-04
5.738337091437069109e-04
5.736912665437113442e-04
5.735488593014345920e-04
5.734064874086151420e-04
5.732641508566499585e-04
5.731218496368236824e-04
5.729795837410057730e-04
5.728373531620893936e-04
5.726951578895959471e-04
5.725529979140081983e-04
5.724108732262010680e-04
5.722687838164141347e-04
5.721267296766758019e-04
5.719847107987446151e-04
5.718427271740392226e-04
5.717007787938656240e-04
5.715588656501135534e-04
5.714169877356940633e-04
5.712751450401541437e-04
5.711333375540000867e-04
5.709915652681297983e-04
5.708498281728070344e-04
5.707081262600798227e-04
5.705664595217272003e-04
5.704248279491889572e-04
5.702832315337928856e-04
5.701416702674487772e-04
5.700001441430849235e-04
5.698586531502744437e-04
5.697171972795476991e-04
5.695757765218243882e-04
5.694343908673927699e-04
5.692930403083202792e-04
5.691517248364067697e-04
5.690104444431129567e-04
5.688691991197884247e-04
5.687279888583626980e-04
5.685868136517818489e-04
5.684456734896448007e-04
5.683045683625051166e-04
5.681634982613053718e-04
5.680224631763577860e-04
5.678814630997496352e-04
5.677404980233007221e-04
5.675995679384933379e-04
5.674586728366978836e-04
5.673178127098648087e-04
5.671769875509569906e-04
5.670361973495993734e-04
5.668954420963688307e-04
5.667547217822305975e-04
5.666140363975206377e-04
5.664733859343459594e-04
5.663327703845469656e-04
5.661921897396265469e-04
5.660516439909771139e-04
5.659111331305683064e-04
5.657706571513808911e-04
5.656302160430656161e-04
5.654898097962226654e-04
5.653494384018395002e-04
5.652091018502762619e-04
5.650688001336593661e-04
5.649285332438494902e-04
5.647883011723706667e-04
5.646481039106365568e-04
5.645079414506367493e-04
5.643678137853695752e-04
5.642277209045111529e-04
5.640876627986334772e-04
5.640794041319638873e-04
