0.000000000000000000e+00
2.064247949420573732e-10
8.229048734966690555e-10
3.282337815896170729e-09
9.006548857040835778e-09
1.961094555315734283e-08
7.268868775759419779e-07
3.599688759040021049e-06
1.002059393810814839e-05
2.125287766393372615e-05
6.401989184979613352e-05
1.402047423897813513e-04
2.566775405033103175e-04
4.189854604831386815e-04
6.314762742420746431e-04
1.207413258097752868e-03
2.005737650256547450e-03
2.807326997437652183e-03
3.755781344667109660e-03
4.849709607902109518e-03
6.086179182774416850e-03
7.461120291471968861e-03
8.969703661976032028e-03
1.122736340565421223e-02
1.370787021180511038e-02
1.639605638082500261e-02
1.927661548825888166e-02
2.233442888074129926e-02
2.555477254385919370e-02
2.950857451615121474e-02
3.364372095880379526e-02
3.793984607588632429e-02
4.237789343107758316e-02
4.694009957454753357e-02
5.261727151396956154e-02
5.842582199645703772e-02
6.434112867644511957e-02
7.034086008177131699e-02
7.640480612456669596e-02
8.389886838615624731e-02
9.143217218517862843e-02
9.897833439804920586e-02
1.065143090089177846e-01
1.198728093232616365e-01
1.330417281402142271e-01
1.459486386902268396e-01
1.585378348309992302e-01
1.707683855879620904e-01
1.856887600367902180e-01
1.999496071683321552e-01
2.135304111569353014e-01
2.264242694209568640e-01
2.386344280225131675e-01
2.438221569099882358e-01
2.488793523283873432e-01
2.538075154949121504e-01
2.586082776599801791e-01
2.634623895040477670e-01
2.681830208179645236e-01
2.727723547288121164e-01
2.827444506597238671e-01
2.920757641870804777e-01
3.007947030570951030e-01
3.089305075990072535e-01
3.195786384779654710e-01
3.291818227026493959e-01
3.378187708772749653e-01
3.455639783484266703e-01
3.535944676724487867e-01
3.606021778427105362e-01
3.622056809117315535e-01
3.637526525268859334e-01
3.652445322531627792e-01
3.666826615502892794e-01
3.680683508230802592e-01
3.694165037846556254e-01
3.707137490916160294e-01
3.719613532696260383e-01
3.731605576659645651e-01
3.743537879110179212e-01
3.754976385568099539e-01
3.765933930289269704e-01
3.802930070421239317e-01
3.833967771733304275e-01
3.859604752618076007e-01
3.880354436819726804e-01
3.904725500284323969e-01
3.909221554440182045e-01
3.913130028160550777e-01
3.916474248569731809e-01
3.919276877672026038e-01
3.921559806428466244e-01
3.922750285278133187e-01
3.923744479941911334e-01
3.924547493992396330e-01
3.925164290530940292e-01
3.925605258659417562e-01
3.925864295730850939e-01
3.925946210512574197e-01
3.924161555991769745e-01
3.919150110540665644e-01
3.911287186814779715e-01
3.900910248361658672e-01
3.897959453097010196e-01
3.894874579494574940e-01
3.891660190814287823e-01
3.888320379909676050e-01
3.885269735147370285e-01
3.882126968165043879e-01
3.878894698009705544e-01
3.872018992058578468e-01
3.864800369611035569e-01
3.857258654114140706e-01
3.834500838841786718e-01
3.828484056113159451e-01
3.822346237092755228e-01
3.816092590475189117e-01
3.814511664741924157e-01
3.812923892550729166e-01
3.811329347454122107e-01
3.810929661765571352e-01
3.810529558598625965e-01
3.810512809063780759e-01
3.810496058800315056e-01
3.810462556816311408e-01
3.810429051918503007e-01
3.810395544107565424e-01
3.810388842137606424e-01
3.810382140051160049e-01
3.810375437848231295e-01
3.810373298754948235e-01
3.810371159649800776e-01
3.810366881415776508e-01
3.810362603133508608e-01
3.810358324802085583e-01
3.810315538478041830e-01
3.810272746108924191e-01
3.810229946661351508e-01
3.809801347029642127e-01
3.809370945329506597e-01
3.808937813453077137e-01
3.808501077059149309e-01
3.806598652311036779e-01
3.804566036822901176e-01
3.802364340570972279e-01
3.799964792155153814e-01
3.797347146136565432e-01
3.792910814104908934e-01
3.787912286495843106e-01
3.782344527906842391e-01
3.776215099251715168e-01
3.769540110896588136e-01
3.762341037012488232e-01
3.752824802988301012e-01
3.742607255594425086e-01
3.731739997088613370e-01
3.720274081567219171e-01
3.708258915604362715e-01
3.693413958795691010e-01
3.677940475555799282e-01
3.661906126662055061e-01
3.645373150535988205e-01
3.625794112166395577e-01
3.605708013879936891e-01
3.585185506168535041e-01
3.564289907092673126e-01
3.542042423734795831e-01
3.519505290867460112e-01
3.496730273319346716e-01
3.473763344444846801e-01
3.422352424398316662e-01
3.370560957880588959e-01
3.318668879080713396e-01
3.266893318020430148e-01
3.215397194825820870e-01
3.180619614833301578e-01
3.146058968607508555e-01
3.111739757738895551e-01
3.077681981215282803e-01
3.054175567097490163e-01
3.030807699031550784e-01
3.007582210228679220e-01
2.934383227384492754e-01
2.862744599006284973e-01
2.792700703443451449e-01
2.724261465724119313e-01
2.672819283143084146e-01
2.622313157037994835e-01
2.572734145429803609e-01
2.549408838462306481e-01
2.526290832074541415e-01
2.503378706154528177e-01
2.475487522915128247e-01
2.447902574427672784e-01
2.420621031989513838e-01
2.358222866984757971e-01
2.297418544337278823e-01
2.238170724438008630e-01
2.204394774275717783e-01
2.171125461607524842e-01
2.138355834170685699e-01
2.106078576762522858e-01
2.090433010532640745e-01
2.074903257699348968e-01
2.059488457350884261e-01
2.044314640717742049e-01
2.029252249940078356e-01
2.014300486788346001e-01
1.926736233724667957e-01
1.842969177076548004e-01
1.822601551358192240e-01
1.802458401200190963e-01
1.782537661447784194e-01
1.762836969503741025e-01
1.749747207376039781e-01
1.736754496918552493e-01
1.723858168437936156e-01
1.711183019265344885e-01
1.698600985197920576e-01
1.686111387504253822e-01
1.637904928945261573e-01
1.591076082230088728e-01
1.545585878157509363e-01
1.432125617329316758e-01
1.405084034664178527e-01
1.378553247357044986e-01
1.352524331057730067e-01
1.346094531265947802e-01
1.339695194427413805e-01
1.333326338441853109e-01
1.326987819204650809e-01
1.317178403104681816e-01
1.307441616758048264e-01
1.297776930090830949e-01
1.288206772241132780e-01
1.278707315426976243e-01
1.269278041426110670e-01
1.178737876134294954e-01
1.157132129306333856e-01
1.135923213338506099e-01
1.115104127073935081e-01
1.094668317212136310e-01
1.086553961653779071e-01
1.078499849572254060e-01
1.070505624206290335e-01
1.062606465588913640e-01
1.054765807524334076e-01
1.046983214386870698e-01
1.025771969761901381e-01
1.004992116078720771e-01
9.846349348836745674e-02
9.635077169347200376e-02
9.428354660290032274e-02
9.226088082856516437e-02
8.834545534241622367e-02
8.459708687027481244e-02
8.100866186194573271e-02
7.757337140414360954e-02
7.118406985891617689e-02
6.532442251024178637e-02
5.995081428215021796e-02
5.502323661330490306e-02
5.050478421308469967e-02
4.523406568986445414e-02
4.052005327839591775e-02
3.630403798793666731e-02
3.253351592488749194e-02
2.916148817930063267e-02
2.603535538033270244e-02
2.325189112244080425e-02
2.077350538684545958e-02
1.856669797917999062e-02
1.660169938402801873e-02
1.485206526297212261e-02
1.329420750034146503e-02
1.190709439507177565e-02
1.067200078199827436e-02
9.572272414806255042e-03
8.593085808498107311e-03
7.721233971638041815e-03
6.944949122066876313e-03
6.253751369837435084e-03
5.638311042398168327e-03
5.090322324786923473e-03
4.602401080116306706e-03
4.167965802245078566e-03
3.781139163934344599e-03
3.436687818608008104e-03
3.129966048421539866e-03
2.856844494791466790e-03
2.613642099392193049e-03
2.397075673626186329e-03
2.204221976199609995e-03
2.032481374392244248e-03
1.879540319763023208e-03
1.743337715451261354e-03
1.622037528824657460e-03
1.514005253791294962e-03
1.417786161021740736e-03
1.332085197905642174e-03
1.255749101312664219e-03
1.187750879835402455e-03
1.127176198886524353e-03
1.073211106470330946e-03
1.025130928876769737e-03
9.822904038939328682e-04
9.441149945700092697e-04
9.100931799759771033e-04
8.797695525904316097e-04
8.527386456076499347e-04
8.286394444076878880e-04
8.071505166862053991e-04
7.879856805353658514e-04
7.708901402332049178e-04
7.556370404146992318e-04
7.420243998814385995e-04
7.298723852114453233e-04
7.190208837733974654e-04
7.093273412128234517e-04
7.006648352056749508e-04
6.929203609243820422e-04
6.859933051526400033e-04
6.797940877492561615e-04
6.742429517660684371e-04
6.692688860880814791e-04
6.648086663203429990e-04
6.608060009732518629e-04
6.572107712701058101e-04
6.539783542488570743e-04
6.510690200673196560e-04
6.484473954236018691e-04
6.460819858391897517e-04
6.439447503241077769e-04
6.420107226706294346e-04
6.402576742716625715e-04
6.386658139191168492e-04
6.372175205259542974e-04
6.358971051564490462e-04
6.346905991492524926e-04
6.335855654740359631e-04
6.325709307755830691e-04
6.316368358363709089e-04
6.307745024368945682e-04
6.299761148153839533e-04
6.292347141264049287e-04
6.285441044731914688e-04
6.278987692444453752e-04
6.272937966254386963e-04
6.267248132773565366e-04
6.261879252892545589e-04
6.256796656051781492e-04
6.251969472163591227e-04
6.247370214862655582e-04
6.242974410456423933e-04
6.238760267564230199e-04
6.234708382983349291e-04
6.230801479809339617e-04
6.227024174273643100e-04
6.223362768149375349e-04
6.219805063921551554e-04
6.216340200225468036e-04
6.212958505330647748e-04
6.209651366691478023e-04
6.206411114802710960e-04
6.203230919791175631e-04
6.200104699347065403e-04
6.197027036751338652e-04
6.193993107892079237e-04
6.190998616284121899e-04
6.188039735214311303e-04
6.185113056231013448e-04
6.182215543282167537e-04
6.179344491882483338e-04
6.176497492758281855e-04
6.173672399439740456e-04
6.170867297864425201e-04
6.168080483723433968e-04
6.165310439995076199e-04
6.162555814619433874e-04
6.159815403469009413e-04
6.157088131435435683e-04
6.154373037064453378e-04
6.151669263181438248e-04
6.148976047730647350e-04
6.146292711993594105e-04
6.143618649453009379e-04
6.140953317570719498e-04
6.138296232351840359e-04
6.135646962363155987e-04
6.133005122307284276e-04
6.130370368992067590e-04
6.127742396431351546e-04
6.125120926639525268e-04
6.122505710653523966e-04
6.119896526395663706e-04
6.117293175890953054e-04
6.114695481890402868e-04
6.112103285300427404e-04
6.109516443142129711e-04
6.106934826811434699e-04
6.104358320532311030e-04
6.101786819966276403e-04
6.099220230965231131e-04
6.096658468457682176e-04
6.094101455456586497e-04
6.091549122176337762e-04
6.089001405246828201e-04
6.086458247013794504e-04
6.083919594915871039e-04
6.081385400929902258e-04
6.078855621077039820e-04
6.076330214982958748e-04
6.073809145486269625e-04
6.071292378289840259e-04
6.068779881650332225e-04
6.066271626101752074e-04
6.063767584209302751e-04
6.061267730350193691e-04
6.058772040518483346e-04
6.056280492151283742e-04
6.053793063974025317e-04
6.051309735862654823e-04
6.048830488720941586e-04
6.046355304371215950e-04
6.043884165457072974e-04
6.041417055356738171e-04
6.038953958105911348e-04
6.036494858329063962e-04
6.034039741178252175e-04
6.031588592278636779e-04
6.029141397679949966e-04
6.026698143813285537e-04
6.024258817452614063e-04
6.021823405680494989e-04
6.019391895857552008e-04
6.016964275595280184e-04
6.014540532731819456e-04
6.012120655310380099e-04
6.009704631560020905e-04
6.007292449878525288e-04
6.004884098817141148e-04
6.002479567066995808e-04
6.000078843446975726e-04
5.997681916892934340e-04
5.995288776448071946e-04
5.992899411254359659e-04
5.990513810544897955e-04
5.988131963637093784e-04
5.985753859926590129e-04
5.983379488881841735e-04
5.981008840028445139e-04
5.978641902967730569e-04
5.976278667370628610e-04
5.973919122957960497e-04
5.971563259497308018e-04
5.969211066805948452e-04
5.966862534751034546e-04
5.964517653246914370e-04
5.962176412252048925e-04
5.959838801766788449e-04
5.957504811831915246e-04
5.955174432527444561e-04
5.952847653971429787e-04
5.950524466318804538e-04
5.948204859760324471e-04
5.945888824521639200e-04
5.943576350862471566e-04
5.941267429075886876e-04
5.938962049487621787e-04
5.936660202455480402e-04
5.934361878368784584e-04
5.932067067647878470e-04
5.929775760743676363e-04
5.927487948137256154e-04
5.925203620339486357e-04
5.922922767890685669e-04
5.920645381360307470e-04
5.918371451346661179e-04
5.916100968476642290e-04
5.913833923405494930e-04
5.911570306816583097e-04
5.909310109421183569e-04
5.907053321958297262e-04
5.904799935194461656e-04
5.902549939923582749e-04
5.900303326966784348e-04
5.898060087172243273e-04
5.895820211415063591e-04
5.893583690597131329e-04
5.891350515646991961e-04
5.889120677519739822e-04
5.886894167196881494e-04
5.884670975686212210e-04
5.882451094021731285e-04
5.880234513263541286e-04
5.878021224497753704e-04
5.875811218836371865e-04
5.873604487417190094e-04
5.871401021403723245e-04
5.869200811985109123e-04
5.867003850376018492e-04
5.864810127816567258e-04
5.862619635572230816e-04
5.860432364933761649e-04
5.858248307217110186e-04
5.856067453763336974e-04
5.853889795938544381e-04
5.851715325133786602e-04
5.849544032764998104e-04
5.847375910272915563e-04
5.845210949122998717e-04
5.843049140805366398e-04
5.840890476834708711e-04
5.838734948750204639e-04
5.836582548115456983e-04
5.834433266518432738e-04
5.832287095571385025e-04
5.830144026910766362e-04
5.828004052197164686e-04
5.825867163115233975e-04
5.823733351373628101e-04
5.821602608704922778e-04
5.819474926865542911e-04
5.817350297635697550e-04
5.815228712819305078e-04
5.813110164243929243e-04
5.810994643760705432e-04
5.808882143244276704e-04
5.806772654592721149e-04
5.804666169727483579e-04
5.802562680593307230e-04
5.800462179158168705e-04
5.798364657413217259e-04
5.796270107372689150e-04
5.794178521073846920e-04
5.792089890576908925e-04
5.790004207964997290e-04
5.787921465344068525e-04
5.785841654842836541e-04
5.783764768612707600e-04
5.781690798827720688e-04
5.779619737684484624e-04
5.777551577402104338e-04
5.775486310222117991e-04
5.773423928408432998e-04
5.771364424247258816e-04
5.769307790047041888e-04
5.767254018138408180e-04
5.765203100874088374e-04
5.763155030628861484e-04
5.761109799799490894e-04
5.759067400804650629e-04
5.757027826084876567e-04
5.754991068102499217e-04
5.752957119341572164e-04
5.750925972307808099e-04
5.748897619528519189e-04
5.746872053552559614e-04
5.744849266950272440e-04
5.742829252313405054e-04
5.740812002255057120e-04
5.738797509409619864e-04
5.736785766432715358e-04
5.734776766001136892e-04
5.732770500812779581e-04
5.730766963586582906e-04
5.728766147062467826e-04
5.726768044001282571e-04
5.724772647184733255e-04
5.722779949415330745e-04
5.720789943516324527e-04
5.718802622331646329e-04
5.716817978725850487e-04
5.714836005584051064e-04
5.712856695811869808e-04
5.710880042335368927e-04
5.708906038100986045e-04
5.706934676075476730e-04
5.704965949245874388e-04
5.702999850619417613e-04
5.701036373223492730e-04
5.699075510105570909e-04
5.697117254333153953e-04
5.695161598993721177e-04
5.693208537194669773e-04
5.691258062063248675e-04
5.689310166746509769e-04
5.687364844411245011e-04
5.685422088243928963e-04
5.683481891450668918e-04
5.681544247257140938e-04
5.679609148908535635e-04
5.677676589669499634e-04
5.675746562824085691e-04
5.673819061675684393e-04
5.671894079546987294e-04
5.669971609779913191e-04
5.668051645735552825e-04
5.666134180794113592e-04
5.664219208354877256e-04
5.662306721836139235e-04
5.660396714675151137e-04
5.658489180328056794e-04
5.656584112269851059e-04
5.654681503994324517e-04
5.652781349014000594e-04
5.650883640860088946e-04
5.648988373082424732e-04
5.647095539249416584e-04
5.645205132947994555e-04
5.643317147783555917e-04
5.641431577379910946e-04
5.639548415379229797e-04
5.637667655441990465e-04
5.635789291246922402e-04
5.633913316490957732e-04
5.632039724889182459e-04
5.630168510174772501e-04
5.628299666098941648e-04
5.626433186430891686e-04
5.624569064957767950e-04
5.622707295484608361e-04
5.620847871834281631e-04
5.618990787847434132e-04
5.617136037382445450e-04
5.615283614315381760e-04
5.613433512539931858e-04
5.611585725967367048e-04
5.609740248526479340e-04
5.607897074163540252e-04
5.606056196842243346e-04
5.604217610543660863e-04
5.602381309266183003e-04
5.600547287025479980e-04
5.598715537854444561e-04
5.596886055803140022e-04
5.595058834938755696e-04
5.593233869345562524e-04
5.591411153124851248e-04
5.589590680394882546e-04
5.587772445290840407e-04
5.585956441964794184e-04
5.584142664585644384e-04
5.582331107339067377e-04
5.580521764427467685e-04
5.578714630069933535e-04
5.576909698502191320e-04
5.575106963976552473e-04
5.573306420761864680e-04
5.571508063143466340e-04
5.569711885423137779e-04
5.567917881919050294e-04
5.566126046965727114e-04
5.564336374913988114e-04
5.562548860130904277e-04
5.560763496999754319e-04
5.558980279919972659e-04
5.557199203307106039e-04
5.555420261592772333e-04
5.553643449224600912e-04
5.551868760666190360e-04
5.550096190397058602e-04
5.548325732912611462e-04
5.546557382724090620e-04
5.544791134358521573e-04
5.543026982358667011e-04
5.541264921282989956e-04
5.539504945705601719e-04
5.537747050216223956e-04
5.535991229420133370e-04
5.534237477938120514e-04
5.532485790406445336e-04
5.530736161476795983e-04
5.528988585816235670e-04
5.527243058107165824e-04
5.525499573047279456e-04
5.523758125349513461e-04
5.522018709742008502e-04
5.520281320968063472e-04
5.518545953786096461e-04
5.516812602969593804e-04
5.515081263307060203e-04
5.513351929601987287e-04
5.511624596672808074e-04
5.509899259352852522e-04
5.508175912490308494e-04
5.506454550948165381e-04
5.504735169604184830e-04
5.503017763350851951e-04
5.501302327095338460e-04
5.499588855759450631e-04
5.497877344279592437e-04
5.496167787606723266e-04
5.494460180706312383e-04
5.492754518558302067e-04
5.491050796157060992e-04
5.489349008511345196e-04
5.487649150644256877e-04
5.485951217593197779e-04
5.484255204409833407e-04
5.482561106160055084e-04
5.480868917923930076e-04
5.479178634795657142e-04
5.477490251883532918e-04
5.475803764309912893e-04
5.474119167211172372e-04
5.472436455737657692e-04
5.470755625053647184e-04
5.469076670337317571e-04
5.467399586780697339e-04
5.465724369589630965e-04
5.464051013983734460e-04
5.462379515196357426e-04
5.460709868474542938e-04
5.459042069078987426e-04
5.457376112284004904e-04
5.455711993377479257e-04
5.454049707660833888e-04
5.452389250448987264e-04
5.450730617070314969e-04
5.449073802866610675e-04
5.447418803193052527e-04
5.445765613418157612e-04
5.444114228923736419e-04
5.442464645104864648e-04
5.440816857369845270e-04
5.439170861140171656e-04
5.437526651850484215e-04
5.435884224948529190e-04
5.434243575895127219e-04
5.432604700164136470e-04
5.430967593242409276e-04
5.429332250629759606e-04
5.427698667838918613e-04
5.426066840395501025e-04
5.425970660120955523e-04
