0.000000000000000000e+00
1.851687064984663511e-05
3.703374129969335153e-05
7.406748259938670306e-05
1.111012238990799733e-04
1.481349651987733248e-04
5.184723781957067045e-04
8.885459026388875959e-04
1.258193750097543872e-03
1.627818805068023808e-03
2.384073549605862565e-03
3.138895463002170077e-03
3.892286717063565653e-03
4.644248427108352284e-03
5.394782820364817620e-03
6.865618345481230844e-03
8.330956306597817052e-03
9.495941393312876122e-03
1.065744332900317101e-02
1.181546882611964749e-02
1.297002459711326175e-02
1.412111735443496302e-02
1.526875381053569881e-02
1.682483956393904939e-02
1.837455500486881790e-02
1.991791704545935182e-02
2.145494173903521665e-02
2.298564294066500827e-02
2.451003660607028664e-02
2.628501239389605809e-02
2.805140734086783438e-02
2.980924726834149885e-02
3.155855799767295911e-02
3.329936535021810196e-02
3.539966717343552560e-02
3.748754059908442765e-02
3.956303174189609861e-02
4.162618670984400554e-02
4.367705161090156690e-02
4.617423509858013114e-02
4.865310688859694060e-02
5.111375152775646247e-02
5.355625369681601272e-02
5.786934611445052751e-02
6.212543583864088559e-02
6.632499930345586714e-02
7.046851438826877423e-02
7.455645956488525516e-02
7.965144408682447996e-02
8.465914602081561768e-02
8.958053179331428029e-02
9.441656647770904631e-02
9.916820617233680635e-02
1.012442311854144100e-01
1.033039951979762561e-01
1.053475803807442795e-01
1.073750687944814430e-01
1.094642397911784193e-01
1.115362212797593039e-01
1.135911048678559659e-01
1.182071343543729669e-01
1.227360536719961648e-01
1.271789368221158678e-01
1.315368342338363306e-01
1.376052367725060233e-01
1.435060403307387988e-01
1.492422579763954260e-01
1.548168800416137025e-01
1.611435599053123724e-01
1.672573357562484042e-01
1.687530577112187069e-01
1.702358349987155017e-01
1.717057393378975394e-01
1.731628422486912178e-01
1.746072150517903043e-01
1.760537412386246059e-01
1.774874171189644578e-01
1.789083146374779998e-01
1.803165047851567893e-01
1.817626762980676935e-01
1.831953547583818342e-01
1.846146198324130905e-01
1.898175064279479518e-01
1.948371205602552614e-01
1.996775571224831403e-01
2.043428392650680214e-01
2.115195333513912035e-01
2.132458245142877795e-01
2.149454684492443091e-01
2.166187148887712410e-01
2.182658118113605661e-01
2.198870081572163182e-01
2.209040798116234938e-01
2.219108505826413169e-01
2.229073828915002775e-01
2.238937388782965554e-01
2.248844718236237550e-01
2.258648505592595890e-01
2.268349391505785351e-01
2.311698203084189829e-01
2.352941078779022810e-01
2.392138357654133018e-01
2.429349151466267398e-01
2.438348257157883225e-01
2.447227713004993810e-01
2.455988403915130569e-01
2.464631209805688561e-01
2.472167075174220574e-01
2.479612270323699463e-01
2.486967393359983403e-01
2.501728431546298426e-01
2.516120434790065641e-01
2.530148393396575712e-01
2.567632743518055705e-01
2.576574047980170756e-01
2.585346744218369186e-01
2.593952463115133944e-01
2.596077993299692466e-01
2.598191381354902352e-01
2.600295930806330036e-01
2.600820553983659855e-01
2.601344537336175988e-01
2.601366446855560843e-01
2.601388355253870244e-01
2.601432167423223252e-01
2.601475974737564867e-01
2.601519777294648006e-01
2.601528537336784686e-01
2.601537297378921365e-01
2.601546057251418742e-01
2.601548853042903731e-01
2.601551648830863206e-01
2.601545583117083615e-01
2.601529544443121345e-01
2.601513505868198184e-01
2.601353125566115421e-01
2.601192755167524573e-01
2.601032394671833892e-01
2.599429334236914579e-01
2.597827263414889676e-01
2.596226181595620575e-01
2.594626088168588418e-01
2.587878094602427681e-01
2.581147679773103665e-01
2.574434797886583359e-01
2.567739403275952070e-01
2.561061450493697378e-01
2.550920956615964075e-01
2.540820680855457314e-01
2.530760463577122477e-01
2.520740145821385170e-01
2.510759569304155114e-01
2.500818576416823924e-01
2.488669609779096958e-01
2.476579762952834107e-01
2.464548748349472962e-01
2.452576279883207089e-01
2.440662072968547147e-01
2.426655209017881676e-01
2.412728870522041213e-01
2.398882594213241348e-01
2.385115919876172885e-01
2.369363747135483922e-01
2.353715793666031064e-01
2.338171369543713685e-01
2.322729789819226454e-01
2.306649372313742674e-01
2.290680485244990516e-01
2.274822354660832047e-01
2.259074212362862655e-01
2.224544100031448646e-01
2.190542768282094099e-01
2.157062116406815444e-01
2.124094173674298813e-01
2.091631094059255846e-01
2.069850779806493568e-01
2.048297731853093162e-01
2.026969582177602369e-01
2.005863987666296200e-01
1.991325806172703772e-01
1.976893222438495523e-01
1.962565469625950632e-01
1.917495067293760458e-01
1.873461983416140619e-01
1.830442313738414040e-01
1.788412686600175383e-01
1.756811412854284993e-01
1.725769872100767766e-01
1.695278148708830035e-01
1.680924413367954062e-01
1.666692514917515189e-01
1.652581418296492910e-01
1.635395474528238136e-01
1.618388710395335384e-01
1.601559261459772066e-01
1.563030134231098711e-01
1.525430387191288595e-01
1.488737598115619232e-01
1.467792584403156408e-01
1.447143084394999224e-01
1.426784934538330163e-01
1.406714026080837510e-01
1.396978396478334716e-01
1.387310350361343203e-01
1.377709418486907367e-01
1.368254205808382418e-01
1.358864085280842016e-01
1.349538608585734711e-01
1.294834412783774091e-01
1.242354681521601195e-01
1.229571641874287052e-01
1.216920583495679220e-01
1.204400143133341067e-01
1.192008971396428391e-01
1.183770980106396281e-01
1.175590124113338047e-01
1.167466007544720880e-01
1.159477355811111832e-01
1.151543568382141641e-01
1.143664268481450058e-01
1.113218107430574144e-01
1.083585498172710548e-01
1.054744691730632317e-01
9.825470985136400270e-02
9.652867421242067314e-02
9.483309099988360136e-02
9.316742303612564335e-02
9.275561832945368457e-02
9.234564217160308452e-02
9.193748644327004449e-02
9.153114306096001018e-02
9.090203518406744787e-02
9.027727145451096280e-02
8.965682186970204415e-02
8.904213179117909105e-02
8.843167611724289667e-02
8.782542566573513232e-02
8.198793134341585132e-02
8.059052569118332898e-02
7.921706157831184814e-02
7.786712865102592140e-02
7.654032347566089300e-02
7.601302114114423525e-02
7.548937178945584747e-02
7.496935011642401336e-02
7.445524800329299253e-02
7.394469145023849221e-02
7.343765600385893100e-02
7.205445395884357840e-02
7.069745614204563100e-02
6.936616587723316851e-02
6.798241128911353126e-02
6.662643063897980000e-02
6.529766657115547435e-02
6.271961359805318381e-02
6.024401105247324806e-02
5.786678890203213188e-02
5.558403691609604957e-02
5.131894393826898909e-02
4.738363749424058524e-02
4.375261767648359890e-02
4.040235595880291991e-02
3.731114255720627271e-02
3.367971741152277210e-02
3.040579170325204139e-02
2.745417004711936740e-02
2.479312200071066147e-02
2.239404094512763635e-02
2.015148776290001664e-02
1.813783055195187371e-02
1.632970495226205784e-02
1.470613150109850373e-02
1.324827219664435722e-02
1.193921191018610349e-02
1.076376211046773529e-02
9.708284622715479192e-03
8.760533377311025341e-03
7.909512311835075610e-03
7.145347777639672084e-03
6.459173970411702728e-03
5.843030055314783061e-03
5.289767792995242295e-03
4.792968594585453670e-03
4.346869043247538096e-03
3.946294018042517497e-03
3.586596644123956484e-03
3.263604372464809240e-03
2.973570563450550139e-03
2.713131012536079516e-03
2.479264913509447894e-03
2.269259806397407216e-03
2.080680103283874191e-03
1.911338826828841561e-03
1.759272233554081549e-03
1.622716991601149674e-03
1.500089609004791498e-03
1.389968491264176580e-03
1.291077260746693184e-03
1.202269636052074892e-03
1.122516338308323031e-03
1.050893155225069353e-03
9.865702114969479748e-04
9.288023412658508128e-04
8.769204411614788756e-04
8.303237062040675536e-04
7.884726583028333832e-04
7.508828863373752643e-04
7.171194252227381001e-04
6.867917087289980875e-04
6.595490374890195353e-04
6.350765096072740661e-04
6.130913666498365383e-04
5.933397126157217679e-04
5.755935678176745014e-04
5.596484669494015008e-04
5.453207277525810338e-04
5.324448903351619057e-04
5.208726483559148780e-04
5.104709590195345313e-04
5.011203474734476655e-04
4.927135332992370028e-04
4.851541864683703775e-04
4.783558092599755158e-04
4.722407327072086726e-04
4.667392154567764212e-04
4.617886346023431453e-04
4.573327591100157506e-04
4.533210974047298630e-04
4.497083115479869509e-04
4.464536912100333589e-04
4.435192110913125816e-04
4.408727294239462419e-04
4.384860792072046271e-04
4.363326762678798533e-04
4.343886877098576097e-04
4.326327216700017668e-04
4.310455716839613097e-04
4.296099934734226816e-04
4.283105045020659343e-04
4.271332039890966153e-04
4.260656113108849362e-04
4.250965209121874869e-04
4.242158720402035873e-04
4.234146317871062418e-04
4.226846900814039062e-04
4.220187654073917342e-04
4.214103201566714025e-04
4.208534846276878647e-04
4.203429887897698787e-04
4.198741010184205559e-04
4.194425730896495885e-04
4.190445907938979424e-04
4.186767295954361913e-04
4.183359148217708390e-04
4.180193859202563063e-04
4.177246643663900952e-04
4.174495248507206855e-04
4.171919694094140406e-04
4.169502041977412601e-04
4.167226186364775069e-04
4.165077666887853636e-04
4.163043500499253430e-04
4.161112030543700178e-04
4.159272791248669549e-04
4.157516386059171274e-04
4.155834378402338178e-04
4.154219193611913079e-04
4.152664030872525594e-04
4.151162784160074130e-04
4.149709971259154390e-04
4.148300670032333492e-04
4.146930461200413207e-04
4.145595376968476582e-04
4.144291854900500360e-04
4.143016696506314988e-04
4.141767030059485257e-04
4.140540277213854256e-04
4.139334123030678899e-04
4.138146489067903136e-04
4.136975509218741268e-04
4.135819508018678445e-04
4.134676981168722981e-04
4.133546578048464550e-04
4.132427086015681814e-04
4.131317416309951266e-04
4.130216591396402908e-04
4.129123633388050402e-04
4.128037812671077550e-04
4.126958472252337945e-04
4.125885108394694947e-04
4.124817123905052257e-04
4.123753880511732070e-04
4.122694895794428967e-04
4.121639730603631380e-04
4.120588020457851782e-04
4.119539477082571443e-04
4.118493818239905499e-04
4.117450779929624394e-04
4.116410121499867168e-04
4.115371625672931371e-04
4.114335096987899046e-04
4.113300359855167655e-04
4.112267256620587589e-04
4.111235645762224703e-04
4.110205400249140602e-04
4.109176406060480354e-04
4.108148560853582161e-04
4.107121772767648627e-04
4.106095959349696507e-04
4.105071046590453242e-04
4.104046968059034059e-04
4.103023664126279166e-04
4.102001081267683314e-04
4.100979171437769944e-04
4.099957891508568242e-04
4.098937202765653206e-04
4.097917070455822457e-04
4.096897463381132462e-04
4.095878353534541548e-04
4.094859715772893928e-04
4.093841527523413705e-04
4.092823768520283860e-04
4.091806420568220247e-04
4.090789467330273712e-04
4.089772894137380763e-04
4.088756687817433682e-04
4.087740836541865373e-04
4.086725329687960020e-04
4.085710157715273017e-04
4.084695312054714375e-04
4.083680785009004863e-04
4.082666569663326371e-04
4.081652659805134315e-04
4.080639049852192632e-04
4.079625734787967802e-04
4.078612710103662518e-04
4.077599971746179944e-04
4.076587516071421172e-04
4.075575339802374290e-04
4.074563439991492038e-04
4.073551813986929743e-04
4.072540459402241328e-04
4.071529374089181020e-04
4.070518556113296329e-04
4.069508004064322664e-04
4.068497716289328761e-04
4.067487691025665347e-04
4.066477926948882434e-04
4.065468422831805735e-04
4.064459177653169928e-04
4.063450190604830773e-04
4.062441460892489290e-04
4.061432987765256327e-04
4.060424770531498718e-04
4.059416808681207221e-04
4.058409101614854353e-04
4.057401648687029741e-04
4.056394449397324750e-04
4.055387503283208435e-04
4.054380809955659298e-04
4.053374369103029387e-04
4.052368180415962754e-04
4.051362243598800178e-04
4.050356558375685931e-04
4.049351124540400424e-04
4.048345941847617977e-04
4.047341010030226414e-04
4.046336328875601760e-04
4.045331898181537059e-04
4.044327717774125197e-04
4.043323787510428213e-04
4.042320107245979963e-04
4.041316676839978904e-04
4.040313496158028420e-04
4.039310565097284887e-04
4.038307883532958262e-04
4.037305451326684831e-04
4.036303268363802084e-04
4.035301334530728458e-04
4.034299649726806624e-04
4.033298213866555373e-04
4.032297026861672942e-04
4.031296088624110189e-04
4.030295399067675751e-04
4.029294958124753361e-04
4.028294765711644778e-04
4.027294821733878589e-04
4.026295126110207394e-04
4.025295678757297244e-04
4.024296479599499018e-04
4.023297528570961529e-04
4.022298825602574476e-04
4.021300370624328216e-04
4.020302163566521017e-04
4.019304204373597275e-04
4.018306492975931153e-04
4.017309029294096169e-04
4.016311813258308734e-04
4.015314844795633484e-04
4.014318123839024982e-04
4.013321650329398005e-04
4.012325424204266728e-04
4.011329445399854044e-04
4.010333713852164378e-04
4.009338229509824434e-04
4.008342992308095961e-04
4.007348002172784291e-04
4.006353259038109797e-04
4.005358762834781115e-04
4.004364513498783699e-04
4.003370510973422447e-04
4.002376755198560460e-04
4.001383246112638365e-04
4.000389983653702681e-04
3.999396967771881735e-04
3.998404198404200186e-04
3.997411675478360722e-04
3.996419398930048470e-04
3.995427368691322444e-04
3.994435584699299459e-04
3.993444046898187555e-04
3.992452755228748096e-04
3.991461709630271721e-04
3.990470910041598587e-04
3.989480356413450078e-04
3.988490048683551248e-04
3.987499986780365896e-04
3.986510170640181422e-04
3.985520600195626047e-04
3.984531275384303934e-04
3.983542196150820485e-04
3.982553362436337132e-04
3.981564774180535371e-04
3.980576431322622359e-04
3.979588333813600292e-04
3.978600481591536829e-04
3.977612874585268734e-04
3.976625512731392950e-04
3.975638395962839645e-04
3.974651524217480783e-04
3.973664897440149987e-04
3.972678515572236916e-04
3.971692378553654543e-04
3.970706486323836624e-04
3.969720838833960450e-04
3.968735436022307814e-04
3.967750277817961592e-04
3.966765364157726894e-04
3.965780694974746392e-04
3.964796270207084495e-04
3.963812089799739085e-04
3.962828153694278712e-04
3.961844461830790905e-04
3.960861014148883978e-04
3.959877810599875085e-04
3.958894851122220573e-04
3.957912135645202272e-04
3.956929664105799846e-04
3.955947436437335404e-04
3.954965452578043574e-04
3.953983712473065895e-04
3.953002216064125957e-04
3.952020963291470127e-04
3.951039954094865553e-04
3.950059188425754072e-04
3.949078666222755204e-04
3.948098387415331298e-04
3.947118351940624107e-04
3.946138559732129754e-04
3.945159010728234656e-04
3.944179704874225634e-04
3.943200642111972104e-04
3.942221822381870053e-04
3.941243245623840042e-04
3.940264911789448051e-04
3.939286820817465931e-04
3.938308972637534922e-04
3.937331367186953446e-04
3.936354004399385677e-04
3.935376884213370903e-04
3.934400006574334725e-04
3.933423371424289131e-04
3.932446978703782979e-04
3.931470828352882658e-04
3.930494920323277202e-04
3.929519254553889710e-04
3.928543830974539231e-04
3.927568649522678143e-04
3.926593710132136503e-04
3.925619012741607015e-04
3.924644557296648635e-04
3.923670343739420804e-04
3.922696372010617662e-04
3.921722642050456302e-04
3.920749153810744480e-04
3.919775907230558707e-04
3.918802902239888796e-04
3.917830138776346501e-04
3.916857616773922884e-04
3.915885336171466232e-04
3.914913296914668316e-04
3.913941498945832233e-04
3.912969942205800117e-04
3.911998626634936513e-04
3.911027552185169522e-04
3.910056718795726360e-04
3.909086126396771397e-04
3.908115774926070344e-04
3.907145664317778519e-04
3.906175794510895996e-04
3.905206165451247905e-04
3.904236777081280998e-04
3.903267629341984320e-04
3.902298722173870951e-04
3.901330055528988254e-04
3.900361629346713065e-04
3.899393443557383769e-04
3.898425498098920033e-04
3.897457792905640347e-04
3.896490327916694949e-04
3.895523103078046660e-04
3.894556118332282639e-04
3.893589373620538296e-04
3.892622868883474706e-04
3.891656604073256867e-04
3.890690579129413404e-04
3.889724793982454547e-04
3.888759248570455547e-04
3.887793942827895899e-04
3.886828876694078169e-04
3.885864050115097994e-04
3.884899463033685647e-04
3.883935115391121823e-04
3.882971007128215588e-04
3.882007138197250662e-04
3.881043508537904206e-04
3.880080118080861005e-04
3.879116966764347015e-04
3.878154054523005986e-04
3.877191381296290107e-04
3.876228947030429454e-04
3.875266751668296331e-04
3.874304795151316716e-04
3.873343077420446042e-04
3.872381598428086750e-04
3.871420358114065620e-04
3.870459356409238741e-04
3.869498593251986568e-04
3.868538068577114940e-04
3.867577782324224580e-04
3.866617734439679465e-04
3.865657924866492843e-04
3.864698353546238145e-04
3.863739020420016088e-04
3.862779925440345662e-04
3.861821068547205979e-04
3.860862449671621181e-04
3.859904068752126761e-04
3.858945925723687937e-04
3.857988020526058846e-04
3.857030353105733028e-04
3.856072923405867389e-04
3.855115731368178472e-04
3.854158776933913361e-04
3.853202060055710312e-04
3.852245580673695343e-04
3.851289338719064985e-04
3.850333334130505436e-04
3.849377566843144543e-04
3.848422036796885523e-04
3.847466743938355812e-04
3.846511688210851637e-04
3.845556869556233741e-04
3.844602287915896118e-04
3.843647943242594657e-04
3.842693835476602288e-04
3.841739964549286844e-04
3.840786330399487396e-04
3.839832932962492255e-04
3.838879772178352629e-04
3.837926847993829854e-04
3.836974160352358935e-04
3.836021709195946441e-04
3.835069494466131646e-04
3.834117516115784826e-04
3.833165774085330697e-04
3.832214268306305687e-04
3.831262998717700654e-04
3.830311965254963829e-04
3.829361167858296041e-04
3.828410606474588729e-04
3.827460281047418930e-04
3.826510191518937409e-04
3.825560337830826558e-04
3.824610719936075913e-04
3.823661337775255474e-04
3.822712191280072972e-04
3.821763280389669430e-04
3.820814605039654622e-04
3.819866165170375744e-04
3.818917960728857594e-04
3.817969991658817070e-04
3.817022257902546968e-04
3.816074759401874962e-04
3.815127496109907142e-04
3.814180467967360957e-04
3.813233674906113817e-04
3.812287116865456906e-04
3.811340793781159918e-04
3.810394705593719128e-04
3.809448852250288896e-04
3.808503233694726523e-04
3.807557849869467378e-04
3.806612700716484961e-04
3.805667786188999201e-04
3.804723106227877170e-04
3.803778660765163785e-04
3.802834449740300935e-04
3.801890473089217693e-04
3.800946730752557240e-04
3.800003222677605669e-04
3.799059948808358516e-04
3.798116909087395892e-04
3.797174103456832242e-04
3.796231531870006217e-04
3.795289194267929627e-04
3.794347090582815985e-04
3.793405220754258967e-04
3.792463584718344855e-04
3.791522182415864826e-04
3.790581013794235617e-04
3.789640078797592085e-04
3.788699377368655286e-04
3.787758909449684950e-04
3.786818674995875880e-04
3.786763233128886594e-04
