0.000000000000000000e+00
3.838453929926055348e-05
7.676907859852110695e-05
1.535381571970422139e-04
2.303072357955633209e-04
3.070763143940844278e-04
1.074767100379295497e-03
1.842457886364506567e-03
2.610148672349717636e-03
3.377839458334928706e-03
4.950460587124362426e-03
6.523081715913796146e-03
8.095702844703228998e-03
9.668323973492662718e-03
1.124094510228209644e-02
1.433154444097329769e-02
1.742214377966450067e-02
1.988755280739500086e-02
2.235296183512550106e-02
2.481837086285600125e-02
2.728377989058650144e-02
2.974918891831700163e-02
3.221459794604750182e-02
3.556935761670251828e-02
3.892411728735753473e-02
4.227887695801255119e-02
4.563363662866756765e-02
4.898839629932258410e-02
5.234315596997760056e-02
5.626694096732952344e-02
6.019072596468144631e-02
6.411451096203336919e-02
6.803829595938529207e-02
7.196208095673721494e-02
7.672181053897239589e-02
8.148154012120757683e-02
8.624126970344275778e-02
9.100099928567793872e-02
9.576072886791311967e-02
1.015950451779973340e-01
1.074293614880815484e-01
1.132636777981657628e-01
1.190979941082499771e-01
1.295075241366566987e-01
1.399170541650634203e-01
1.503265841934701419e-01
1.607361142218768635e-01
1.711456442502835851e-01
1.843204782834345912e-01
1.974953123165855973e-01
2.106701463497366034e-01
2.238449803828876095e-01
2.370198144160386156e-01
2.428500060030118202e-01
2.486801975899850248e-01
2.545103891769582294e-01
2.603405807639314062e-01
2.663969076542426762e-01
2.724532345445539461e-01
2.785095614348652160e-01
2.923009131175610675e-01
3.060922648002569191e-01
3.198836164829527706e-01
3.336749681656486222e-01
3.533380794089173160e-01
3.730011906521860099e-01
3.926643018954547038e-01
4.123274131387233976e-01
4.353538737395803437e-01
4.583803343404372899e-01
4.641369494906515403e-01
4.698935646408657907e-01
4.756501797910800411e-01
4.814067949412942915e-01
4.871634100915085419e-01
4.929798488342619356e-01
4.987962875770153293e-01
5.046127263197687229e-01
5.104291650625221166e-01
5.164575563965539962e-01
5.224859477305858757e-01
5.285143390646177552e-01
5.511152939007306628e-01
5.737162487368435704e-01
5.963172035729564779e-01
6.189181584090693855e-01
6.554295086835976170e-01
6.645573462522296193e-01
6.736851838208616217e-01
6.828130213894936240e-01
6.919408589581256264e-01
7.010686965267576287e-01
7.068702893494124284e-01
7.126718821720672281e-01
7.184734749947220278e-01
7.242750678173768275e-01
7.301632333451454349e-01
7.360513988729140422e-01
7.419395644006826496e-01
7.690457139946550447e-01
7.961518635886274398e-01
8.232580131825998349e-01
8.503641627765722300e-01
8.571407001750652732e-01
8.639172375735583165e-01
8.706937749720513597e-01
8.774703123705444030e-01
8.834552507116265607e-01
8.894401890527087184e-01
8.954251273937908762e-01
9.076624402127516644e-01
9.198997530317124527e-01
9.321370658506732410e-01
9.664975978640129028e-01
9.750877308673477906e-01
9.836778638706826783e-01
9.922679968740175660e-01
9.944155301248512879e-01
9.965630633756850099e-01
9.987105966265187318e-01
9.992474799392271345e-01
9.997843632519355372e-01
9.998068261386758859e-01
9.998292890254162346e-01
9.998742147988969320e-01
9.999191405723776294e-01
9.999640663458583267e-01
9.999730515005544884e-01
9.999820366552506501e-01
9.999910218099468118e-01
9.999938895204070199e-01
9.999967572308672281e-01
1.000002492651787644e+00
1.000008228072708061e+00
1.000013963493628477e+00
1.000071317702831974e+00
1.000128671912035472e+00
1.000186026121238969e+00
1.000759568213274608e+00
1.001333110305310248e+00
1.001906652397345887e+00
1.002480194489381526e+00
1.004902868633204438e+00
1.007325542777027350e+00
1.009748216920850261e+00
1.012170891064673173e+00
1.014593565208496084e+00
1.018284530513299480e+00
1.021975495818102875e+00
1.025666461122906270e+00
1.029357426427709665e+00
1.033048391732513061e+00
1.036739357037316456e+00
1.041270122686524635e+00
1.045800888335732814e+00
1.050331653984940994e+00
1.054862419634149173e+00
1.059393185283357353e+00
1.064748173025905409e+00
1.070103160768453465e+00
1.075458148511001522e+00
1.080813136253549578e+00
1.086978563108457196e+00
1.093143989963364815e+00
1.099309416818272434e+00
1.105474843673180052e+00
1.111939142917139467e+00
1.118403442161098882e+00
1.124867741405058297e+00
1.131332040649017712e+00
1.145665436901179390e+00
1.159998833153341069e+00
1.174332229405502748e+00
1.188665625657664426e+00
1.202999021909826105e+00
1.212741168289627192e+00
1.222483314669428278e+00
1.232225461049229365e+00
1.241967607429030451e+00
1.248738235754348613e+00
1.255508864079666775e+00
1.262279492404984937e+00
1.283905317809688640e+00
1.305531143214392342e+00
1.327156968619096045e+00
1.348782794023799747e+00
1.365381044715163750e+00
1.381979295406527752e+00
1.398577546097891755e+00
1.406494925132769858e+00
1.414412304167647960e+00
1.422329683202526063e+00
1.432064331831543136e+00
1.441798980460560209e+00
1.451533629089577282e+00
1.474211841695946212e+00
1.496890054302315143e+00
1.519568266908684073e+00
1.532766126887347147e+00
1.545963986866010220e+00
1.559161846844673294e+00
1.572359706823336367e+00
1.578829667014578275e+00
1.585299627205820183e+00
1.591769587397062091e+00
1.598185704298819676e+00
1.604601821200577261e+00
1.611017938102334845e+00
1.649575184936538541e+00
1.688132431770742237e+00
1.697771743479293161e+00
1.707411055187844084e+00
1.717050366896395008e+00
1.726689678604945932e+00
1.733153970352533157e+00
1.739618262100120383e+00
1.746082553847707608e+00
1.752483233707259114e+00
1.758883913566810619e+00
1.765284593426362125e+00
1.790440293557180595e+00
1.815595993687999066e+00
1.840751693818817536e+00
1.906884365352896848e+00
1.923417533236416732e+00
1.939950701119936616e+00
1.956483869003456499e+00
1.960617160974336359e+00
1.964750452945216219e+00
1.968883744916096079e+00
1.973017036886975939e+00
1.979452777260906959e+00
1.985888517634837980e+00
1.992324258008769000e+00
1.998744537221382345e+00
2.005164816433995689e+00
2.011585095646609034e+00
2.075787887772743368e+00
2.091838585804276729e+00
2.107889283835810090e+00
2.123939981867343452e+00
2.139990679898876813e+00
2.146447415708241824e+00
2.152904151517606834e+00
2.159360887326971845e+00
2.165788553303176212e+00
2.172216219279380578e+00
2.178643885255584944e+00
2.196408298445437168e+00
2.214172711635289392e+00
2.231937124825141616e+00
2.250768941622301345e+00
2.269600758419461073e+00
2.288432575216620801e+00
2.326096208810939814e+00
2.363759842405258826e+00
2.401423475999577839e+00
2.439087109593896852e+00
2.513832607668567753e+00
2.588578105743238655e+00
2.663323603817909557e+00
2.738069101892580459e+00
2.812814599967251361e+00
2.909072204883581314e+00
3.005329809799911267e+00
3.101587414716241220e+00
3.197845019632571173e+00
3.294102624548901126e+00
3.394102624548901215e+00
3.494102624548901304e+00
3.594102624548901392e+00
3.694102624548901481e+00
3.794102624548901570e+00
3.894102624548901659e+00
3.994102624548901748e+00
4.094102624548901836e+00
4.194102624548901481e+00
4.294102624548901126e+00
4.394102624548900771e+00
4.494102624548900415e+00
4.594102624548900060e+00
4.694102624548899705e+00
4.794102624548899350e+00
4.894102624548898994e+00
4.994102624548898639e+00
5.094102624548898284e+00
5.194102624548897928e+00
5.294102624548897573e+00
5.394102624548897218e+00
5.494102624548896863e+00
5.594102624548896507e+00
5.694102624548896152e+00
5.794102624548895797e+00
5.894102624548895442e+00
5.994102624548895086e+00
6.094102624548894731e+00
6.194102624548894376e+00
6.294102624548894021e+00
6.394102624548893665e+00
6.494102624548893310e+00
6.594102624548892955e+00
6.694102624548892599e+00
6.794102624548892244e+00
6.894102624548891889e+00
6.994102624548891534e+00
7.094102624548891178e+00
7.194102624548890823e+00
7.294102624548890468e+00
7.394102624548890113e+00
7.494102624548889757e+00
7.594102624548889402e+00
7.694102624548889047e+00
7.794102624548888691e+00
7.894102624548888336e+00
7.994102624548887981e+00
8.094102624548888514e+00
8.194102624548888159e+00
8.294102624548887803e+00
8.394102624548887448e+00
8.494102624548887093e+00
8.594102624548886737e+00
8.694102624548886382e+00
8.794102624548886027e+00
8.894102624548885672e+00
8.994102624548885316e+00
9.094102624548884961e+00
9.194102624548884606e+00
9.294102624548884251e+00
9.394102624548883895e+00
9.494102624548883540e+00
9.594102624548883185e+00
9.694102624548882829e+00
9.794102624548882474e+00
9.894102624548882119e+00
9.994102624548881764e+00
1.009410262454888141e+01
1.019410262454888105e+01
1.029410262454888070e+01
1.039410262454888034e+01
1.049410262454887999e+01
1.059410262454887963e+01
1.069410262454887928e+01
1.079410262454887892e+01
1.089410262454887857e+01
1.099410262454887821e+01
1.109410262454887786e+01
1.119410262454887750e+01
1.129410262454887715e+01
1.139410262454887679e+01
1.149410262454887643e+01
1.159410262454887608e+01
1.169410262454887572e+01
1.179410262454887537e+01
1.189410262454887501e+01
1.199410262454887466e+01
1.209410262454887430e+01
1.219410262454887395e+01
1.229410262454887359e+01
1.239410262454887324e+01
1.249410262454887288e+01
1.259410262454887253e+01
1.269410262454887217e+01
1.279410262454887182e+01
1.289410262454887146e+01
1.299410262454887111e+01
1.309410262454887075e+01
1.319410262454887039e+01
1.329410262454887004e+01
1.339410262454886968e+01
1.349410262454886933e+01
1.359410262454886897e+01
1.369410262454886862e+01
1.379410262454886826e+01
1.389410262454886791e+01
1.399410262454886755e+01
1.409410262454886720e+01
1.419410262454886684e+01
1.429410262454886649e+01
1.439410262454886613e+01
1.449410262454886578e+01
1.459410262454886542e+01
1.469410262454886507e+01
1.479410262454886471e+01
1.489410262454886436e+01
1.499410262454886400e+01
1.509410262454886364e+01
1.519410262454886329e+01
1.529410262454886293e+01
1.539410262454886258e+01
1.549410262454886222e+01
1.559410262454886187e+01
1.569410262454886151e+01
1.579410262454886116e+01
1.589410262454886080e+01
1.599410262454886045e+01
1.609410262454886009e+01
1.619410262454886151e+01
1.629410262454886293e+01
1.639410262454886436e+01
1.649410262454886578e+01
1.659410262454886720e+01
1.669410262454886862e+01
1.679410262454887004e+01
1.689410262454887146e+01
1.699410262454887288e+01
1.709410262454887430e+01
1.719410262454887572e+01
1.729410262454887715e+01
1.739410262454887857e+01
1.749410262454887999e+01
1.759410262454888141e+01
1.769410262454888283e+01
1.779410262454888425e+01
1.789410262454888567e+01
1.799410262454888709e+01
1.809410262454888851e+01
1.819410262454888993e+01
1.829410262454889136e+01
1.839410262454889278e+01
1.849410262454889420e+01
1.859410262454889562e+01
1.869410262454889704e+01
1.879410262454889846e+01
1.889410262454889988e+01
1.899410262454890130e+01
1.909410262454890272e+01
1.919410262454890415e+01
1.929410262454890557e+01
1.939410262454890699e+01
1.949410262454890841e+01
1.959410262454890983e+01
1.969410262454891125e+01
1.979410262454891267e+01
1.989410262454891409e+01
1.999410262454891551e+01
2.009410262454891694e+01
2.019410262454891836e+01
2.029410262454891978e+01
2.039410262454892120e+01
2.049410262454892262e+01
2.059410262454892404e+01
2.069410262454892546e+01
2.079410262454892688e+01
2.089410262454892830e+01
2.099410262454892973e+01
2.109410262454893115e+01
2.119410262454893257e+01
2.129410262454893399e+01
2.139410262454893541e+01
2.149410262454893683e+01
2.159410262454893825e+01
2.169410262454893967e+01
2.179410262454894109e+01
2.189410262454894252e+01
2.199410262454894394e+01
2.209410262454894536e+01
2.219410262454894678e+01
2.229410262454894820e+01
2.239410262454894962e+01
2.249410262454895104e+01
2.259410262454895246e+01
2.269410262454895388e+01
2.279410262454895530e+01
2.289410262454895673e+01
2.299410262454895815e+01
2.309410262454895957e+01
2.319410262454896099e+01
2.329410262454896241e+01
2.339410262454896383e+01
2.349410262454896525e+01
2.359410262454896667e+01
2.369410262454896809e+01
2.379410262454896952e+01
2.389410262454897094e+01
2.399410262454897236e+01
2.409410262454897378e+01
2.419410262454897520e+01
2.429410262454897662e+01
2.439410262454897804e+01
2.449410262454897946e+01
2.459410262454898088e+01
2.469410262454898231e+01
2.479410262454898373e+01
2.489410262454898515e+01
2.499410262454898657e+01
2.509410262454898799e+01
2.519410262454898941e+01
2.529410262454899083e+01
2.539410262454899225e+01
2.549410262454899367e+01
2.559410262454899510e+01
2.569410262454899652e+01
2.579410262454899794e+01
2.589410262454899936e+01
2.599410262454900078e+01
2.609410262454900220e+01
2.619410262454900362e+01
2.629410262454900504e+01
2.639410262454900646e+01
2.649410262454900788e+01
2.659410262454900931e+01
2.669410262454901073e+01
2.679410262454901215e+01
2.689410262454901357e+01
2.699410262454901499e+01
2.709410262454901641e+01
2.719410262454901783e+01
2.729410262454901925e+01
2.739410262454902067e+01
2.749410262454902210e+01
2.759410262454902352e+01
2.769410262454902494e+01
2.779410262454902636e+01
2.789410262454902778e+01
2.799410262454902920e+01
2.809410262454903062e+01
2.819410262454903204e+01
2.829410262454903346e+01
2.839410262454903489e+01
2.849410262454903631e+01
2.859410262454903773e+01
2.869410262454903915e+01
2.879410262454904057e+01
2.889410262454904199e+01
2.899410262454904341e+01
2.909410262454904483e+01
2.919410262454904625e+01
2.929410262454904768e+01
2.939410262454904910e+01
2.949410262454905052e+01
2.959410262454905194e+01
2.969410262454905336e+01
2.979410262454905478e+01
2.989410262454905620e+01
2.999410262454905762e+01
3.009410262454905904e+01
3.019410262454906047e+01
3.029410262454906189e+01
3.039410262454906331e+01
3.049410262454906473e+01
3.059410262454906615e+01
3.069410262454906757e+01
3.079410262454906899e+01
3.089410262454907041e+01
3.099410262454907183e+01
3.109410262454907325e+01
3.119410262454907468e+01
3.129410262454907610e+01
3.139410262454907752e+01
3.149410262454907894e+01
3.159410262454908036e+01
3.169410262454908178e+01
3.179410262454908320e+01
3.189410262454908462e+01
3.199410262454908604e+01
3.209410262454908747e+01
3.219410262454908889e+01
3.229410262454909031e+01
3.239410262454909173e+01
3.249410262454909315e+01
3.259410262454909457e+01
3.269410262454909599e+01
3.279410262454909741e+01
3.289410262454909883e+01
3.299410262454910026e+01
3.309410262454910168e+01
3.319410262454910310e+01
3.329410262454910452e+01
3.339410262454910594e+01
3.349410262454910736e+01
3.359410262454910878e+01
3.369410262454911020e+01
3.379410262454911162e+01
3.389410262454911305e+01
3.399410262454911447e+01
3.409410262454911589e+01
3.419410262454911731e+01
3.429410262454911873e+01
3.439410262454912015e+01
3.449410262454912157e+01
3.459410262454912299e+01
3.469410262454912441e+01
3.479410262454912584e+01
3.489410262454912726e+01
3.499410262454912868e+01
3.509410262454913010e+01
3.519410262454913152e+01
3.529410262454913294e+01
3.539410262454913436e+01
3.549410262454913578e+01
3.559410262454913720e+01
3.569410262454913862e+01
3.579410262454914005e+01
3.589410262454914147e+01
3.599410262454914289e+01
3.609410262454914431e+01
3.619410262454914573e+01
3.629410262454914715e+01
3.639410262454914857e+01
3.649410262454914999e+01
3.659410262454915141e+01
3.669410262454915284e+01
3.679410262454915426e+01
3.689410262454915568e+01
3.699410262454915710e+01
3.709410262454915852e+01
3.719410262454915994e+01
3.729410262454916136e+01
3.739410262454916278e+01
3.749410262454916420e+01
3.759410262454916563e+01
3.769410262454916705e+01
3.779410262454916847e+01
3.789410262454916989e+01
3.799410262454917131e+01
3.809410262454917273e+01
3.819410262454917415e+01
3.829410262454917557e+01
3.839410262454917699e+01
3.849410262454917842e+01
3.859410262454917984e+01
3.869410262454918126e+01
3.879410262454918268e+01
3.889410262454918410e+01
3.899410262454918552e+01
3.909410262454918694e+01
3.919410262454918836e+01
3.929410262454918978e+01
3.939410262454919121e+01
3.949410262454919263e+01
3.959410262454919405e+01
3.969410262454919547e+01
3.979410262454919689e+01
3.989410262454919831e+01
3.999410262454919973e+01
4.009410262454920115e+01
4.019410262454920257e+01
4.029410262454920399e+01
4.039410262454920542e+01
4.049410262454920684e+01
4.059410262454920826e+01
4.069410262454920968e+01
4.079410262454921110e+01
4.089410262454921252e+01
4.099410262454921394e+01
4.109410262454921536e+01
4.119410262454921678e+01
4.129410262454921821e+01
4.139410262454921963e+01
4.149410262454922105e+01
4.159410262454922247e+01
4.169410262454922389e+01
4.179410262454922531e+01
4.189410262454922673e+01
4.199410262454922815e+01
4.209410262454922957e+01
4.219410262454923100e+01
4.229410262454923242e+01
4.239410262454923384e+01
4.249410262454923526e+01
4.259410262454923668e+01
4.269410262454923810e+01
4.279410262454923952e+01
4.289410262454924094e+01
4.299410262454924236e+01
4.309410262454924379e+01
4.319410262454924521e+01
4.329410262454924663e+01
4.339410262454924805e+01
4.349410262454924947e+01
4.359410262454925089e+01
4.369410262454925231e+01
4.379410262454925373e+01
4.389410262454925515e+01
4.399410262454925657e+01
4.409410262454925800e+01
4.419410262454925942e+01
4.429410262454926084e+01
4.439410262454926226e+01
4.449410262454926368e+01
4.459410262454926510e+01
4.469410262454926652e+01
4.479410262454926794e+01
4.489410262454926936e+01
4.499410262454927079e+01
4.509410262454927221e+01
4.519410262454927363e+01
4.529410262454927505e+01
4.539410262454927647e+01
4.549410262454927789e+01
4.559410262454927931e+01
4.569410262454928073e+01
4.579410262454928215e+01
4.589410262454928358e+01
4.599410262454928500e+01
4.609410262454928642e+01
4.619410262454928784e+01
4.629410262454928926e+01
4.639410262454929068e+01
4.649410262454929210e+01
4.659410262454929352e+01
4.669410262454929494e+01
4.679410262454929637e+01
4.689410262454929779e+01
4.699410262454929921e+01
4.709410262454930063e+01
4.719410262454930205e+01
4.729410262454930347e+01
4.739410262454930489e+01
4.749410262454930631e+01
4.759410262454930773e+01
4.769410262454930916e+01
4.779410262454931058e+01
4.789410262454931200e+01
4.799410262454931342e+01
4.809410262454931484e+01
4.819410262454931626e+01
4.829410262454931768e+01
4.839410262454931910e+01
4.849410262454932052e+01
4.859410262454932194e+01
4.869410262454932337e+01
4.879410262454932479e+01
4.889410262454932621e+01
4.899410262454932763e+01
4.909410262454932905e+01
4.919410262454933047e+01
4.929410262454933189e+01
4.939410262454933331e+01
4.949410262454933473e+01
4.959410262454933616e+01
4.969410262454933758e+01
4.979410262454933900e+01
4.989410262454934042e+01
4.999410262454934184e+01
5.000000000000000000e+01
