0.000000000000000000e+00
2.442610874606383805e-10
4.885221749212767610e-10
1.244813285904103052e-09
2.689487685464302590e-09
4.263724719120415605e-09
8.181637503526057204e-08
3.663334496946125345e-07
1.005583764790633183e-06
2.140668736923427892e-06
6.471422955029253912e-06
1.422004711836568471e-05
2.612128594589071046e-05
4.279070857409518627e-05
6.470227162384471862e-05
1.244589034125496096e-04
2.079654591056506643e-04
2.924085313829681413e-04
3.929676200233600536e-04
5.096891248819049661e-04
6.424292074423172553e-04
7.909480439206044346e-04
9.549016567794457950e-04
1.202033917593917870e-03
1.475784906276609047e-03
1.774868217622550381e-03
2.097948692694237560e-03
2.443662021128550389e-03
2.810672774491572608e-03
3.265199612245977320e-03
3.745032299651182041e-03
4.248221780205565026e-03
4.772925031757187936e-03
5.317406900109579969e-03
6.002071984291586053e-03
6.710683114850579840e-03
7.440721197268121943e-03
8.189866347705920119e-03
8.955982201447817981e-03
9.915352177878875364e-03
1.089401186949517236e-02
1.188901270646728139e-02
1.289771464717387114e-02
1.472415736990393721e-02
1.657510813199932626e-02
1.844100622338490716e-02
2.031391816094144098e-02
2.218749260068886980e-02
2.455163240211027942e-02
2.690024932443178807e-02
2.922660385862065058e-02
3.152574001372855650e-02
3.379399616912517890e-02
3.478718731790479690e-02
3.577359029737977453e-02
3.675304404313763790e-02
3.772541256660783687e-02
3.872787244713847554e-02
3.972245468769949189e-02
4.070905746088676613e-02
4.292562460063278906e-02
4.509990491189512507e-02
4.723169080237613754e-02
4.932090794301467046e-02
5.222630606530186820e-02
5.504635925711826722e-02
5.778234315261048665e-02
6.043589821848527333e-02
6.344119618801763449e-02
6.633933320503788977e-02
6.704744278347987696e-02
6.774909066835164972e-02
6.844431932301085764e-02
6.913317657821739515e-02
6.981571186637236526e-02
7.049896981887654457e-02
7.117587499450074573e-02
7.184647399673975421e-02
7.251080716374797008e-02
7.319279442580090000e-02
7.386816942325477586e-02
7.453699226491955487e-02
7.698713336202062107e-02
7.934879981007236793e-02
8.162479662404063807e-02
8.381782963441768153e-02
8.719196684370313088e-02
8.800398199026622514e-02
8.880369254495026898e-02
8.959127169454200734e-02
9.036689344661139045e-02
9.113073147248826333e-02
9.161016258246233723e-02
9.208492383920673097e-02
9.255505460187490874e-02
9.302059422962040414e-02
9.348842678063865042e-02
9.395161184459227544e-02
9.441019002672830507e-02
9.646284562117757311e-02
9.842231389220382209e-02
1.002921684772299232e-01
1.020758322602361573e-01
1.025086589234966428e-01
1.029363548446158849e-01
1.033589717695427845e-01
1.037765614442263118e-01
1.041412312050889188e-01
1.045020556391965116e-01
1.048590435359028489e-01
1.055772199043014392e-01
1.062798593204955927e-01
1.069672448233852657e-01
1.088178763922893477e-01
1.092627901325400608e-01
1.097008120584617302e-01
1.101316504726118223e-01
1.102381407420234272e-01
1.103440003902744215e-01
1.104498050952377325e-01
1.104762058170304651e-01
1.105025803334196838e-01
1.105036832566709676e-01
1.105047861340417159e-01
1.105069917511416200e-01
1.105091971847193960e-01
1.105114024347750301e-01
1.105118434627635066e-01
1.105122844834110774e-01
1.105127254967177841e-01
1.105128662493959912e-01
1.105130070005135995e-01
1.105132885018600269e-01
1.105135700004572785e-01
1.105138514959542323e-01
1.105166662713248232e-01
1.105194806853721512e-01
1.105222946845623028e-01
1.105504007038181497e-01
1.105784108595766757e-01
1.106062784755068029e-01
1.106339598984638073e-01
1.107479419400154708e-01
1.108553157156409313e-01
1.109541166741443291e-01
1.110429049127874407e-01
1.111206778351022800e-01
1.112164687171919297e-01
1.112837591129482440e-01
1.113222122796802133e-01
1.113321305225984797e-01
1.113142607399017631e-01
1.112696478379497783e-01
1.111801153398698505e-01
1.110545583720268792e-01
1.108954792241234055e-01
1.107053611599075477e-01
1.104866083233310564e-01
1.101942853990361126e-01
1.098687441138087167e-01
1.095132979557622011e-01
1.091312134814697021e-01
1.086616858406039415e-01
1.081640072334765224e-01
1.076414234984863216e-01
1.070967415039725534e-01
1.065060607489637101e-01
1.058977353613338862e-01
1.052743378698932919e-01
1.046379719422315252e-01
1.031906895960362086e-01
1.017076950811352520e-01
1.002029243062760588e-01
9.868728125151987607e-02
9.716892900023145485e-02
9.613856800354654564e-02
9.511138336578994767e-02
9.408850330463149059e-02
9.307110030362046593e-02
9.236786687116976813e-02
9.166795606387902196e-02
9.097162067290616438e-02
8.877326850216067655e-02
8.661713476757509911e-02
8.450584595938268051e-02
8.244102262581204377e-02
8.088799884190144007e-02
7.936244722181812206e-02
7.786445282744634822e-02
7.715954098136262873e-02
7.646081406434870886e-02
7.576823814928623779e-02
7.492506824019928846e-02
7.409105672556896838e-02
7.326615162680213955e-02
7.137926408921307919e-02
6.954040922554406701e-02
6.774848147144789390e-02
6.672677497338189156e-02
6.572032989933916658e-02
6.472894535115777948e-02
6.375241932064217021e-02
6.327905729222776943e-02
6.280918560135956286e-02
6.234277956420883338e-02
6.188365471105307380e-02
6.142789788039677845e-02
6.097548112129660275e-02
5.832568858047874200e-02
5.579060196862562632e-02
5.517423368042503190e-02
5.456467553183048241e-02
5.396184526423677269e-02
5.336566061903870450e-02
5.296953040060188578e-02
5.257632710128164882e-02
5.218602591225759979e-02
5.180240053342288070e-02
5.142157202288628187e-02
5.104352299311250285e-02
4.958441893877162110e-02
4.816698072649753387e-02
4.678998963478508966e-02
4.335466157330346293e-02
4.253596613774282553e-02
4.173271890649959265e-02
4.094468390641743671e-02
4.075001413377099535e-02
4.055627037936484353e-02
4.036344805438077388e-02
4.017154257000058598e-02
3.987455057075865728e-02
3.957975291533396417e-02
3.928713228132323793e-02
3.899736657273817492e-02
3.870973300089033259e-02
3.842423187038577354e-02
3.568272132796529439e-02
3.502853844250675835e-02
3.438636760281923305e-02
3.375597081807647781e-02
3.313711326224270948e-02
3.289138445227299951e-02
3.264750487807915880e-02
3.240543770798351431e-02
3.216624654922049104e-02
3.192882355978533121e-02
3.169315479535108476e-02
3.105083560578550048e-02
3.042153364842702101e-02
2.980508273420128668e-02
2.916524970721274049e-02
2.853917163046846422e-02
2.792655190425975820e-02
2.674053018734549175e-02
2.560494924478663725e-02
2.451780257560435064e-02
2.347696814687683098e-02
2.154107743199896313e-02
1.976574953710372867e-02
1.813781646730683664e-02
1.664498763609596754e-02
1.527604470892627957e-02
1.367911416833177130e-02
1.225080767810825776e-02
1.097337200354254853e-02
9.830907063950986707e-03
8.809192426370703044e-03
7.861985594819811615e-03
7.018572283022302474e-03
6.267560116264212812e-03
5.598831461419737782e-03
5.003390507007782900e-03
4.473216093267147822e-03
4.001152407871683483e-03
3.580826521188502139e-03
3.206569355938739679e-03
2.873335124613922778e-03
2.576628422193589195e-03
2.312444097803800520e-03
2.077216054355692041e-03
1.867770201408533665e-03
1.681280687215169593e-03
1.515230881059463023e-03
1.367379580454874000e-03
1.235731331172692463e-03
1.118509666088586801e-03
1.014132920674413497e-03
9.211927231895672983e-04
8.384350340773884854e-04
7.647433270977957009e-04
6.991235394391088955e-04
6.406906070490075988e-04
5.886564870186210795e-04
5.423195301961045590e-04
5.010550280562826994e-04
4.643067801833737933e-04
4.315795747277751597e-04
4.024324964507733251e-04
3.764729755877668045e-04
3.533514904305500243e-04
3.327568475064806544e-04
3.144119772182326668e-04
2.980701912458728138e-04
2.835118516770654233e-04
2.705414055228082151e-04
2.589847437394519414e-04
2.486868494613643380e-04
2.395097042908088869e-04
2.313304244395304201e-04
2.240396012625720803e-04
2.175398236182567581e-04
2.117443621905830918e-04
2.065759981283135822e-04
2.019659801837897061e-04
1.978530962040563632e-04
1.941828464086317054e-04
1.909067073124589740e-04
1.879814763761207216e-04
1.853686885292555198e-04
1.830340966740280726e-04
1.809472091494176613e-04
1.790808779149242157e-04
1.774109318954636796e-04
1.759158505342443379e-04
1.745764731425037905e-04
1.733757401204091592e-04
1.722984625550432142e-04
1.713311170842074993e-04
1.704616632552906753e-04
1.696793809121430543e-04
1.689747254136540983e-04
1.683391987287569092e-04
1.677652346669883734e-04
1.672460966945276198e-04
1.667757869555465465e-04
1.663489652700828590e-04
1.659608770144546739e-04
1.656072889102080286e-04
1.652844318543601320e-04
1.649889500187790036e-04
1.647178555312292904e-04
1.644684881260199353e-04
1.642384792193033003e-04
1.640257199238217179e-04
1.638283325711023075e-04
1.636446453564798246e-04
1.634731697645064601e-04
1.633125804698570339e-04
1.631616974422676945e-04
1.630194700138181546e-04
1.628849626933702736e-04
1.627573425365725116e-04
1.626358679008495808e-04
1.625198784335021743e-04
1.624087861576949674e-04
1.623020675359413767e-04
1.621992564038933124e-04
1.620999376790004933e-04
1.620037417590675804e-04
1.619103395350570253e-04
1.618194379507791069e-04
1.617307760494995765e-04
1.616441214529501947e-04
1.615592670583155144e-04
1.614760285401424414e-04
1.613942419453350029e-04
1.613137612761789553e-04
1.612344566051476075e-04
1.611562120735539490e-04
1.610789241618833776e-04
1.610025006468063344e-04
1.609268596322913861e-04
1.608519283104671474e-04
1.607776417465363328e-04
1.607039419552495278e-04
1.606307772956050363e-04
1.605581018381177895e-04
1.604858746748975666e-04
1.604140594597037615e-04
1.603426239079478518e-04
1.602715387959085483e-04
1.602007780268470947e-04
1.601303151938347096e-04
1.600601311786684414e-04
1.599902097216058768e-04
1.599205350505183228e-04
1.598510926507184214e-04
1.597818694175263423e-04
1.597128536021555443e-04
1.596440346975738257e-04
1.595754033140072076e-04
1.595069510601896550e-04
1.594386704349261632e-04
1.593705547296396519e-04
1.593025979413196678e-04
1.592347946949457412e-04
1.591671401744167949e-04
1.590996300610759875e-04
1.590322604790034159e-04
1.589650279463344083e-04
1.588979293319401178e-04
1.588309618168803406e-04
1.587641228601033977e-04
1.586974101679238653e-04
1.586308216668636624e-04
1.585643554794845343e-04
1.584980099028830648e-04
1.584317833895546436e-04
1.583656745303657729e-04
1.582996820394016102e-04
1.582338047404831011e-04
1.581680415551690898e-04
1.581023917620496112e-04
1.580368542582013028e-04
1.579714280516781645e-04
1.579061123530796687e-04
1.578409063589343770e-04
1.577758094427807872e-04
1.577108210367668731e-04
1.576459405671780021e-04
1.575811674793148483e-04
1.575165012441377362e-04
1.574519414944062210e-04
1.573874876640157122e-04
1.573231392261264616e-04
1.572588957360107999e-04
1.571947567217608411e-04
1.571307218052811624e-04
1.570667906344568607e-04
1.570029628453805455e-04
1.569392380767533626e-04
1.568756159744887871e-04
1.568120962871481111e-04
1.567486786205027393e-04
1.566853625967144759e-04
1.566221478858776219e-04
1.565590341273809510e-04
1.564960210260735152e-04
1.564331083014986129e-04
1.563702956599577747e-04
1.563075828056683964e-04
1.562449694444855884e-04
1.561824553645180550e-04
1.561200402313916394e-04
1.560577237205057249e-04
1.559955055434521524e-04
1.559333853804924913e-04
1.558713629674134214e-04
1.558094380509760250e-04
1.557476103645280964e-04
1.556858796379543522e-04
1.556242456010555378e-04
1.555627080580883836e-04
1.555012666993868596e-04
1.554399212228598772e-04
1.553786713583386750e-04
1.553175168047486580e-04
1.552564573124384523e-04
1.551954926413878148e-04
1.551346225383739012e-04
1.550738467463604303e-04
1.550131650077063797e-04
1.549525771354026227e-04
1.548920828333460108e-04
1.548316818121930709e-04
1.547713738126016945e-04
1.547111585450582972e-04
1.546510357692206005e-04
1.545910052537811724e-04
1.545310667545525844e-04
1.544712200235022579e-04
1.544114648118469668e-04
1.543518009388910835e-04
1.542922281184473557e-04
1.542327460707085187e-04
1.541733545446978700e-04
1.541140532600811144e-04
1.540548419840488746e-04
1.539957204924682910e-04
1.539366885486770570e-04
1.538777459122331478e-04
1.538188923419144005e-04
1.537601276624802422e-04
1.537014515963583828e-04
1.536428638721156642e-04
1.535843642462300326e-04
1.535259524466434230e-04
1.534676282473920836e-04
1.534093914309104113e-04
1.533512417674547730e-04
1.532931790235957906e-04
1.532352029651301009e-04
1.531773134219048852e-04
1.531195101243980274e-04
1.530617928090339077e-04
1.530041612393215778e-04
1.529466151510425404e-04
1.528891543247357630e-04
1.528317785490890767e-04
1.527744876009575739e-04
1.527172812536111617e-04
1.526601592795628654e-04
1.526031215135355507e-04
1.525461676937282199e-04
1.524892975641107314e-04
1.524325108949567723e-04
1.523758074296007771e-04
1.523191869548520068e-04
1.522626492654338291e-04
1.522061941445729217e-04
1.521498213720117159e-04
1.520935307267553855e-04
1.520373220482426960e-04
1.519811950821413392e-04
1.519251495797240340e-04
1.518691853178150543e-04
1.518133020470656814e-04
1.517574995603621297e-04
1.517017776582780132e-04
1.516461361302174954e-04
1.515905747621991559e-04
1.515350933395248081e-04
1.514796917062073310e-04
1.514243696151600853e-04
1.513691268247409154e-04
1.513139631181308271e-04
1.512588782530826798e-04
1.512038720283809376e-04
1.511489442502783739e-04
1.510940947141760913e-04
1.510393232121856957e-04
1.509846295357222747e-04
1.509300135332401955e-04
1.508754749646878002e-04
1.508210135953027382e-04
1.507666292144387574e-04
1.507123215867452193e-04
1.506580905167345902e-04
1.506039358161750615e-04
1.505498572862917989e-04
1.504958547251140921e-04
1.504419279299944450e-04
1.503880767537006961e-04
1.503343009630139923e-04
1.502806003298541647e-04
1.502269746495703555e-04
1.501734236935103439e-04
1.501199472717504237e-04
1.500665452014157209e-04
1.500132172893886865e-04
1.499599633394465084e-04
1.499067831547086429e-04
1.498536765921330447e-04
1.498006434251377230e-04
1.497476834321330853e-04
1.496947964142919844e-04
1.496419821494686863e-04
1.495892404531438805e-04
1.495365711476464568e-04
1.494839740453537383e-04
1.494314489556263371e-04
1.493789956871856468e-04
1.493266141010596629e-04
1.492743039771133044e-04
1.492220651000615605e-04
1.491698972767343525e-04
1.491178002913061136e-04
1.490657739645072941e-04
1.490138181237214156e-04
1.489619325866635457e-04
1.489101171681178279e-04
1.488583716822472936e-04
1.488066959940332918e-04
1.487550898896031204e-04
1.487035531597961826e-04
1.486520856169372721e-04
1.486006870513403334e-04
1.485493572888349554e-04
1.484980961617148488e-04
1.484469034928801150e-04
1.483957791023830634e-04
1.483447228096726174e-04
1.482937344835704514e-04
1.482428139162869694e-04
1.481919609046105106e-04
1.481411752662037482e-04
1.480904567973440912e-04
1.480398053288147669e-04
1.479892206976788911e-04
1.479387027318730913e-04
1.478882512565673276e-04
1.478378660963449527e-04
1.477875471237581368e-04
1.477372941369262669e-04
1.476871069384164256e-04
1.476369853510762662e-04
1.475869291769761713e-04
1.475369382517109759e-04
1.474870124169768901e-04
1.474371515056029764e-04
1.473873553477302349e-04
1.473376237729296192e-04
1.472879566573768659e-04
1.472383538049314264e-04
1.471888150237736503e-04
1.471393401417877710e-04
1.470899289666713968e-04
1.470405813386933044e-04
1.469912971040501727e-04
1.469420761003235290e-04
1.468929181624829491e-04
1.468438231249443880e-04
1.467947908674036885e-04
1.467458211992956219e-04
1.466969139342534786e-04
1.466480689050538456e-04
1.465992859248605536e-04
1.465505648384825570e-04
1.465019054964880650e-04
1.464533077410751108e-04
1.464047714119038810e-04
1.463562963480965270e-04
1.463078824327680315e-04
1.462595294807694335e-04
1.462112373110304863e-04
1.461630057610803772e-04
1.461148346493924919e-04
1.460667238251861836e-04
1.460186731432761562e-04
1.459706824503447030e-04
1.459227515906084244e-04
1.458748804077609834e-04
1.458270687882387345e-04
1.457793165521537807e-04
1.457316235235809568e-04
1.456839895446659287e-04
1.456364144390398486e-04
1.455888980602060507e-04
1.455414402671043571e-04
1.454940409107729246e-04
1.454466998398543922e-04
1.453994169024830981e-04
1.453521919883217115e-04
1.453050249225929121e-04
1.452579155343693541e-04
1.452108636702809910e-04
1.451638691589691543e-04
1.451169318580987258e-04
1.450700516306163322e-04
1.450232283317916357e-04
1.449764618145664083e-04
1.449297519313887301e-04
1.448830985750552654e-04
1.448365015757529302e-04
1.447899607674092465e-04
1.447434760010100582e-04
1.446970471100636263e-04
1.446506739562771176e-04
1.446043564064894719e-04
1.445580943200806161e-04
1.445118875541685603e-04
1.444657359653916636e-04
1.444196394495907859e-04
1.443735978417751034e-04
1.443276109805879839e-04
1.442816787212468312e-04
1.442358009019871631e-04
1.441899773884429913e-04
1.441442080512341667e-04
1.440984927537331364e-04
1.440528313571147511e-04
1.440072237220876817e-04
1.439616697474499767e-04
1.439161692728949452e-04
1.438707221416470343e-04
1.438253282130337227e-04
1.437799873298829920e-04
1.437346993616431040e-04
1.436894641826065360e-04
1.436442816600242518e-04
1.435991516590117160e-04
1.435540740442313326e-04
1.435090487173538249e-04
1.434640755226227360e-04
1.434191543077122414e-04
1.433742849359425839e-04
1.433294672546024781e-04
1.432847011368453926e-04
1.432399864605315618e-04
1.431953230966791723e-04
1.431507109142316273e-04
1.431061497816921168e-04
1.430616396035216129e-04
1.430171802283837338e-04
1.429727715082750982e-04
1.429284133103943841e-04
1.428841054863635638e-04
1.428398479129352507e-04
1.427956404714350873e-04
1.427514830365409577e-04
1.427073754809146720e-04
1.426633176767901057e-04
1.426193095313388988e-04
1.425753508975179747e-04
1.425314416315229856e-04
1.424875816043200225e-04
1.424437706717400932e-04
1.424000087140320377e-04
1.423562956158880006e-04
1.423126312555406396e-04
1.422690155092637843e-04
1.422254482529153102e-04
1.421819293962997609e-04
1.421384587965448772e-04
1.420950363139248903e-04
1.420516618230655340e-04
1.420083351838866137e-04
1.419650562800330972e-04
1.419218249994671642e-04
1.418786412238745749e-04
1.418355048330378540e-04
1.417924157063351731e-04
1.417493737561287899e-04
1.417063788435976752e-04
1.416634308329780872e-04
1.416205296024506419e-04
1.415776750159069295e-04
1.415348669602909011e-04
1.414921053267412048e-04
1.414493900002979597e-04
1.414067208641518801e-04
1.413640978011008196e-04
1.413215207259914581e-04
1.412789895021045736e-04
1.412764827047410267e-04
