0.000000000000000000e+00
3.334427112290934522e-05
6.668854224581890729e-05
1.333770844916378959e-04
2.000656267374568303e-04
2.667541689832756834e-04
9.336395914414651357e-04
1.599602042081034068e-03
2.265434851343952997e-03
2.930678253328645316e-03
4.291348955901177174e-03
5.649217675687096332e-03
7.004285898233446675e-03
8.356555092656370309e-03
9.706026817163515216e-03
1.234993685738835015e-02
1.498306282768962529e-02
1.707581616021584120e-02
1.916172235204321311e-02
2.124078816879424944e-02
2.331302037609143604e-02
2.537842573955729347e-02
2.743701120841635782e-02
3.022725374696885389e-02
3.300490176045798446e-02
3.576997313003793533e-02
3.852248573686285760e-02
4.126245746208694748e-02
4.398990618686433873e-02
4.716411471371585035e-02
5.032125444469891240e-02
5.346135687070642517e-02
5.658445331930347932e-02
5.969057511805517940e-02
6.343570313643898118e-02
6.715596457061524804e-02
7.085142201438016096e-02
7.452213578108715653e-02
7.816816618408971296e-02
8.260376819898770928e-02
8.700250161982678310e-02
9.136448501231507480e-02
9.568983888768148316e-02
1.033165008529767087e-01
1.108276703848295880e-01
1.182240914050026737e-01
1.255065309299043808e-01
1.326757238816373141e-01
1.415882475117618555e-01
1.503222132343427497e-01
1.588792957192914912e-01
1.672612077943285702e-01
1.754695798284056085e-01
1.790470358854893695e-01
1.825909893353497571e-01
1.861015917876665537e-01
1.895789959929613522e-01
1.931562884461693885e-01
1.966980972654290283e-01
2.002045975845795633e-01
2.080586867641300575e-01
2.157325860951659624e-01
2.232283759567183501e-01
2.305481615108073978e-01
2.406842104795963722e-01
2.504728562328621400e-01
2.599202826395211607e-01
2.690327169754222481e-01
2.792862651238237626e-01
2.890988781235917515e-01
2.914843095930363948e-01
2.938429650915115321e-01
2.961750007005468088e-01
2.984805722767287506e-01
3.007598354143552477e-01
3.030362232986112403e-01
3.052860724968129991e-01
3.075095461243758654e-01
3.097068044859799252e-01
3.119566365293948151e-01
3.141786568624628240e-01
3.163730423544275361e-01
3.243569668657258487e-01
3.319641455855298351e-01
3.392036598032032724e-01
3.460847506108514771e-01
3.564669557678311618e-01
3.589244917930646817e-01
3.613279865612636366e-01
3.636780165607430004e-01
3.659751611006428762e-01
3.682200000950259233e-01
3.696198779068627371e-01
3.709990019075929957e-01
3.723575174352562467e-01
3.736955692789113992e-01
3.750328120384402997e-01
3.763492745795428140e-01
3.776451064726881190e-01
3.833485855517461682e-01
3.886323658575259743e-01
3.935106146028864993e-01
3.979971863927420084e-01
3.990592246964350664e-01
4.000978404375852837e-01
4.011132411068573655e-01
4.021056348144999570e-01
4.029631366919801949e-01
4.038029969587081380e-01
4.046253562511888946e-01
4.062529328778407556e-01
4.078091138643423208e-01
4.092950738367410746e-01
4.131019354279883427e-01
4.139715397523065499e-01
4.148090790373800685e-01
4.156149391257040748e-01
4.158114990408993683e-01
4.160059040652004381e-01
4.161983541544057585e-01
4.162462178136055457e-01
4.162939594428645140e-01
4.162959540611717024e-01
4.162979482899297756e-01
4.163019367280647032e-01
4.163059245809569431e-01
4.163099115869665079e-01
4.163107088865424243e-01
4.163115061522431049e-01
4.163123033840684384e-01
4.163125578221996692e-01
4.163128122568802714e-01
4.163113971434185823e-01
4.163088306536389394e-01
4.163062641780425621e-01
4.162806002937238792e-01
4.162549379941468120e-01
4.162292772792138273e-01
4.159727572637776372e-01
4.157163956051400100e-01
4.154601922055451979e-01
4.152041469673145024e-01
4.141243402566776588e-01
4.130473464761142965e-01
4.119731582980482587e-01
4.109017684138881465e-01
4.098331695338616187e-01
4.082104984890219113e-01
4.065942630878415787e-01
4.049844378035186154e-01
4.033809972122169296e-01
4.017839159917249714e-01
4.001931689206513765e-01
3.982491042857016494e-01
3.963145000091141679e-01
3.943893100569988985e-01
3.924734886201442507e-01
3.905669901119051546e-01
3.883256267716609922e-01
3.860971490039198928e-01
3.838814827288797304e-01
3.816785542910732243e-01
3.791579085161617124e-01
3.766539397489227503e-01
3.741665376475120097e-01
3.716955926208211913e-01
3.691224214539707837e-01
3.665670972277915163e-01
3.640294961558001030e-01
3.615094953075745909e-01
3.559840238003202373e-01
3.505431689131032202e-01
3.451856348089251680e-01
3.399101455278200068e-01
3.347154446364822844e-01
3.312301861582625517e-01
3.277812938715084501e-01
3.243683883186201378e-01
3.209910939950337272e-01
3.186647090872681276e-01
3.163552213424910553e-01
3.140625080396485247e-01
3.068503821710726331e-01
2.998042436972814806e-01
2.929202718565817598e-01
2.861947331843887055e-01
2.811379304722178007e-01
2.761706952874823373e-01
2.712914410899078810e-01
2.689945711336910739e-01
2.667171974504286003e-01
2.644591544653809301e-01
2.617090778968060305e-01
2.589876738704449677e-01
2.562946435752982421e-01
2.501292540973024114e-01
2.441125830190327972e-01
2.382410423836418545e-01
2.348894438471637036e-01
2.315851330235061123e-01
2.283274434604828096e-01
2.251157178999391162e-01
2.235578327228978091e-01
2.220107621771752748e-01
2.204744311788922329e-01
2.189614180142470390e-01
2.174588208334222172e-01
2.159665679024696527e-01
2.072128606795490546e-01
1.988151096730840783e-01
1.967695812327127369e-01
1.947451723127764101e-01
1.927416647717631049e-01
1.907588426866042575e-01
1.894406081253537655e-01
1.881315163102038890e-01
1.868315038003762474e-01
1.855531681806773803e-01
1.842836118852298199e-01
1.830227746234917297e-01
1.781508120273865015e-01
1.734090331896053494e-01
1.687939580007305485e-01
1.572409750387080696e-01
1.544789910169160341e-01
1.517657367462061091e-01
1.491003523617132898e-01
1.484413867836030521e-01
1.477853472292378900e-01
1.471322207064101606e-01
1.464819942802363939e-01
1.454753024417355101e-01
1.444755620629194492e-01
1.434827251352208954e-01
1.424991045124401612e-01
1.415222597443759611e-01
1.405521441357810153e-01
1.312110469551086844e-01
1.289749329990902693e-01
1.267771300614497776e-01
1.246169815227624877e-01
1.224938418436224558e-01
1.216500581557837801e-01
1.208121199052525768e-01
1.199799866254959158e-01
1.191573257616625192e-01
1.183403384645676931e-01
1.175289856049124421e-01
1.153156000493902184e-01
1.131441462522362745e-01
1.110138294693350514e-01
1.087995598011740062e-01
1.066297335751596465e-01
1.045034590325876339e-01
1.003780853466286205e-01
9.641665175550594158e-02
9.261264527797093138e-02
8.895980910384038154e-02
8.213485089128620686e-02
7.583761361110601118e-02
7.002729250778491621e-02
6.466623742638666350e-02
5.971970856875929989e-02
5.390873803043703255e-02
4.866983420315208753e-02
4.394667781395329709e-02
3.968849415386946355e-02
3.584950722242059851e-02
3.226099435157028794e-02
2.903875832368768561e-02
2.614541174415242059e-02
2.354738350503009225e-02
2.121452924083627734e-02
1.911978154669893848e-02
1.723883590020615364e-02
1.554986864251558382e-02
1.403328374630370863e-02
1.267148543216243400e-02
1.144867399498477982e-02
1.035066247119954298e-02
9.364712019542937443e-03
8.479384105198764163e-03
7.684407772117432360e-03
6.970560463400815761e-03
6.329561006845486892e-03
5.753973523896152922e-03
5.237121147011386535e-03
4.773008544256295005e-03
4.356252352131859823e-03
3.982018709414394779e-03
3.645967167175502566e-03
3.344200324139326788e-03
3.073218602968101620e-03
2.829879642720114098e-03
2.611361836288181911e-03
2.415131589723254219e-03
2.238913923534873937e-03
2.080666074839027015e-03
1.938553794044427844e-03
1.810930061034507184e-03
1.696315973877120980e-03
1.593383564212176411e-03
1.500940302751815024e-03
1.417915564492388224e-03
1.343348114956710668e-03
1.276374686677557088e-03
1.216220125864585092e-03
1.162188405163807649e-03
1.113654542619830741e-03
1.070057351258306422e-03
1.030892927031392455e-03
9.957088016418075022e-04
9.640986922829742570e-04
9.356977872726617582e-04
9.101785129075386921e-04
8.872467324143176260e-04
8.666383328908451849e-04
8.481161606336421258e-04
8.314672692904347996e-04
8.165004489062128263e-04
8.030440071907456569e-04
7.909439448028684344e-04
7.800619554250503521e-04
7.702734299840655269e-04
7.614666687305809241e-04
7.535414771892653572e-04
7.464078785311149735e-04
7.399850794923982025e-04
7.342005336096950156e-04
7.289890991621806194e-04
7.242922833920691127e-04
7.200575638532414084e-04
7.162377790251869087e-04
7.127905811273649089e-04
7.096779447843871470e-04
7.068657258413620472e-04
7.043232652106281699e-04
7.020220027030839131e-04
6.999375698395253692e-04
6.980488409577930353e-04
6.963357952668579754e-04
6.947804835269306110e-04
6.933667953829798043e-04
6.920802663221939811e-04
6.909079095647124380e-04
6.898380651096056590e-04
6.888602641859677134e-04
6.879651075521705291e-04
6.871441562285940732e-04
6.863898333935264211e-04
6.856953363017597152e-04
6.850545572019250528e-04
6.844620123332196713e-04
6.839127781761049959e-04
6.834024342158806454e-04
6.829270115537546459e-04
6.824829467680071891e-04
6.820670404888753416e-04
6.816764202055912263e-04
6.813085068731951528e-04
6.809609849309286849e-04
6.806317753836639691e-04
6.803190116334398470e-04
6.800210177801412374e-04
6.797362891390663258e-04
6.794634747488937851e-04
6.792013616667056351e-04
6.789488608674904306e-04
6.787049945842078781e-04
6.784688849412430023e-04
6.782397437491094689e-04
6.780168633417663852e-04
6.777996083500300532e-04
6.775874083154466692e-04
6.773797510587595445e-04
6.771761767258803856e-04
6.769762724421463486e-04
6.767796675127199773e-04
6.765860291133342103e-04
6.763950584212889564e-04
6.762064871417172067e-04
6.760200743887445629e-04
6.758356038852798451e-04
6.756528814488864301e-04
6.754717327345063959e-04
6.752920012077975051e-04
6.751135463255213609e-04
6.749362419018301680e-04
6.747599746414598056e-04
6.745846428227789387e-04
6.744101551153811134e-04
6.742364204555437949e-04
6.740633701479650406e-04
6.738909429605120967e-04
6.737190913725077911e-04
6.735477605187786300e-04
6.733768905555745409e-04
6.732064362251567778e-04
6.730363566253582709e-04
6.728666174493866956e-04
6.726971917953499880e-04
6.725280533426490192e-04
6.723591774405330559e-04
6.721905416078017117e-04
6.720221255429164329e-04
6.718539109811714994e-04
6.716858815138621128e-04
6.715180224077448934e-04
6.713503204366811240e-04
6.711827637283425971e-04
6.710153416258704540e-04
6.708480445634466133e-04
6.706808639545278148e-04
6.705137920915022745e-04
6.703468220556185048e-04
6.701799476361409123e-04
6.700131632577905434e-04
6.698464639156209623e-04
6.696798451165678285e-04
6.695133028269895569e-04
6.693468334255830206e-04
6.691804336611264451e-04
6.690141006145511977e-04
6.688478316649016341e-04
6.686816244587836904e-04
6.685154768829433504e-04
6.683493870396569909e-04
6.681833532246428224e-04
6.680173739072364694e-04
6.678514477125971523e-04
6.676855734057396668e-04
6.675197498772015561e-04
6.673539761301774259e-04
6.671882512689764197e-04
6.670225744886570289e-04
6.668569450657283251e-04
6.666913623498033374e-04
6.665258257561055893e-04
6.663603347587467203e-04
6.661948888846910572e-04
6.660294877857301588e-04
6.658641310652912764e-04
6.656988182914007259e-04
6.655335491395501834e-04
6.653683233160059699e-04
6.652031405729626201e-04
6.650380007147461449e-04
6.648729035491150307e-04
6.647078488951402211e-04
6.645428365868519390e-04
6.643778665008288377e-04
6.642129384959186362e-04
6.640480524180302933e-04
6.638832081493699052e-04
6.637184055819887740e-04
6.635536446244021374e-04
6.633889252043067208e-04
6.632242472503305794e-04
6.630596106945353283e-04
6.628950154738917416e-04
6.627304615410657207e-04
6.625659488415685172e-04
6.624014773151976369e-04
6.622370469145897080e-04
6.620726575955936328e-04
6.619083093202093176e-04
6.617440020578159660e-04
6.615797357777302226e-04
6.614155104502647889e-04
6.612513260473458759e-04
6.610871825474657314e-04
6.609230799254252201e-04
6.607590181529511683e-04
6.605949972069873662e-04
6.604310170652142112e-04
6.602670777078660470e-04
6.601031791185010562e-04
6.599393212802816874e-04
6.597755041765419100e-04
6.596117277911088973e-04
6.594479921112702701e-04
6.592842971218019869e-04
6.591206428053072650e-04
6.589570291470120064e-04
6.587934561320379218e-04
6.586299237468370375e-04
6.584664319798029693e-04
6.583029808188226853e-04
6.581395702516732154e-04
6.579762002662454309e-04
6.578128708528305181e-04
6.576495819996133838e-04
6.574863336929142156e-04
6.573231259207921529e-04
6.571599586709177569e-04
6.569968319318735114e-04
6.568337456937127289e-04
6.566706999459442353e-04
6.565076946778724849e-04
6.563447298787862105e-04
6.561818055400111442e-04
6.560189216509079019e-04
6.558560781990799326e-04
6.556932751735670365e-04
6.555305125629237251e-04
6.553677903564746185e-04
6.552051085448518846e-04
6.550424671181313873e-04
6.548798660661535017e-04
6.547173053786986465e-04
6.545547850474576048e-04
6.543923050622067836e-04
6.542298654110057562e-04
6.540674660832443031e-04
6.539051070677964501e-04
6.537427883542549405e-04
6.535805099334640123e-04
6.534182717957081298e-04
6.532560739310260770e-04
6.530939163293817198e-04
6.529317989826033180e-04
6.527697218806252470e-04
6.526076850116807691e-04
6.524456883652962743e-04
6.522837319304718813e-04
6.521218156969086450e-04
6.519599396555376481e-04
6.517981037967303078e-04
6.516363081106084582e-04
6.514745525872146781e-04
6.513128372184375089e-04
6.511511619942813656e-04
6.509895269030575729e-04
6.508279319343558385e-04
6.506663770772373213e-04
6.505048623214567446e-04
6.503433876579892093e-04
6.501819530772513442e-04
6.500205585694095439e-04
6.498592041245495384e-04
6.496978897345931543e-04
6.495366153895847051e-04
6.493753810778819194e-04
6.492141867891125604e-04
6.490530325123766014e-04
6.488919182374634602e-04
6.487308439553780533e-04
6.485698096565680176e-04
6.484088153312310811e-04
6.482478609694834401e-04
6.480869465632717492e-04
6.479260721026703545e-04
6.477652375760713536e-04
6.476044429731327590e-04
6.474436882829851187e-04
6.472829734954464731e-04
6.471222986015468925e-04
6.469616635917599260e-04
6.468010684563098647e-04
6.466405131853396847e-04
6.464799977708175077e-04
6.463195222028442427e-04
6.461590864698421284e-04
6.459986905614969327e-04
6.458383344669669590e-04
6.456780181760968110e-04
6.455177416799398691e-04
6.453575049689937518e-04
6.451973080335080121e-04
6.450371508636508879e-04
6.448770334514107756e-04
6.447169557869137377e-04
6.445569178586113947e-04
6.443969196562154269e-04
6.442369611689117851e-04
6.440770423865706598e-04
6.439171633002676578e-04
6.437573239005243584e-04
6.435975241776146008e-04
6.434377641217313426e-04
6.432780437248831465e-04
6.431183629772205777e-04
6.429587218672243136e-04
6.427991203846316216e-04
6.426395585186551237e-04
6.424800362591908147e-04
6.423205535973357683e-04
6.421611105236359586e-04
6.420017070283891856e-04
6.418423431018124761e-04
6.416830187359347758e-04
6.415237339209307194e-04
6.413644886453099322e-04
6.412052828988349436e-04
6.410461166707455893e-04
6.408869899509623668e-04
6.407279027306051183e-04
6.405688550002424774e-04
6.404098467501969641e-04
6.402508779707097829e-04
6.400919486538292867e-04
6.399330587897550469e-04
6.397742083670247696e-04
6.396153973754266798e-04
6.394566258042269592e-04
6.392978936433714758e-04
6.391392008840018641e-04
6.389805475167106103e-04
6.388219335318435447e-04
6.386633589196665916e-04
6.385048236722477280e-04
6.383463277798105944e-04
6.381878712309217369e-04
6.380294540153943171e-04
6.378710761225212965e-04
6.377127375422735880e-04
6.375544382658146188e-04
6.373961782837600770e-04
6.372379575864802956e-04
6.370797761642647264e-04
6.369216340092014039e-04
6.367635311115379297e-04
6.366054674598692559e-04
6.364474430440339144e-04
6.362894578533514296e-04
6.361315118778176512e-04
6.359736051086175819e-04
6.358157375363907623e-04
6.356579091515307273e-04
6.355001199443515401e-04
6.353423699069603173e-04
6.351846590296294885e-04
6.350269873009820867e-04
6.348693547108814721e-04
6.347117612486739488e-04
6.345542069043799780e-04
6.343966916692068969e-04
6.342392155338169059e-04
6.340817784886276093e-04
6.339243805239768142e-04
6.337670216319919118e-04
6.336097018029687505e-04
6.334524210255587694e-04
6.332951792896505906e-04
6.331379765846170812e-04
6.329808129005029885e-04
6.328236882285375505e-04
6.326666025594062780e-04
6.325095558835506278e-04
6.323525481913324763e-04
6.321955794748980798e-04
6.320386497245680064e-04
6.318817589290213425e-04
6.317249070781724056e-04
6.315680941614196502e-04
6.314113201688330854e-04
6.312545850916635249e-04
6.310978889206196813e-04
6.309412316461664302e-04
6.307846132586898257e-04
6.306280337503555313e-04
6.304714931115078594e-04
6.303149913308544105e-04
6.301585283983340054e-04
6.300021043033719867e-04
6.298457190360625410e-04
6.296893725876783832e-04
6.295330649489509940e-04
6.293767961103692099e-04
6.292205660623426122e-04
6.290643747970563800e-04
6.289082223048791118e-04
6.287521085745460554e-04
6.285960335960209680e-04
6.284399973587556469e-04
6.282839998528686734e-04
6.281280410696543377e-04
6.279721209998673226e-04
6.278162396340197749e-04
6.276603969625453453e-04
6.275045929776485116e-04
6.273488276697215078e-04
6.271931010275276627e-04
6.270374130410558871e-04
6.268817636997836736e-04
6.267261529938542150e-04
6.265705809145838108e-04
6.264150474527494785e-04
6.262595525988873257e-04
6.261040963434544217e-04
6.259486786786748686e-04
6.257932995949645359e-04
6.256379590811147248e-04
6.254826571271389574e-04
6.253273937225409642e-04
6.251721688574884408e-04
6.250169825233190457e-04
6.248618347108327812e-04
6.247067254105894991e-04
6.245516546130693621e-04
6.243966223105159880e-04
6.242416284933689904e-04
6.240866731504476428e-04
6.239317562717902957e-04
6.237768778469263749e-04
6.236220378660481877e-04
6.234672363205147512e-04
6.233124732011489444e-04
6.231577484985338210e-04
6.230030622031732879e-04
6.228484143073304783e-04
6.226938048014684247e-04
6.225392336744340477e-04
6.223847009162903092e-04
6.222302065165929812e-04
6.220757504655584401e-04
6.219213327545670619e-04
6.217669533744648192e-04
6.216126123158577507e-04
6.214583095692737241e-04
6.213040451269946293e-04
6.211498189795073514e-04
6.209956311156863496e-04
6.208414815256194140e-04
6.206873701988882292e-04
6.205332971257330240e-04
6.203792622975560752e-04
6.202252657052256899e-04
6.200713073393712173e-04
6.199173871905441606e-04
6.197635052510454918e-04
6.196096615113857314e-04
6.194558559604669860e-04
6.193020885884014401e-04
6.191483593854880865e-04
6.191392945888976509e-04
