0.000000000000000000e+00
2.220796868843397850e-10
6.787099001309272800e-10
2.257422629186526367e-09
5.435398542873714139e-09
1.107248598551087201e-08
3.625139146237538367e-07
1.798041003153239865e-06
5.016899294320527820e-06
1.066032413785492478e-05
3.218469802942840966e-05
7.064540665529714901e-05
1.295981235449392545e-04
2.119237356446138120e-04
3.199561505692898760e-04
6.138195492809565878e-04
1.023071088587207411e-03
1.435490694118529784e-03
1.925215147412326789e-03
2.492116376631253044e-03
3.135002898634428603e-03
3.852290585417499601e-03
4.641933206670987612e-03
5.828287620195508369e-03
7.137519848815437364e-03
8.562611324276521788e-03
1.009635167717922583e-02
1.173153696587386600e-02
1.346108053335496810e-02
1.559448089729866677e-02
1.783695700053776478e-02
2.017845502244806563e-02
2.260948469264261254e-02
2.512113478743103340e-02
2.826413843485495181e-02
3.149972245153536549e-02
3.481522886348795143e-02
3.819910122611755443e-02
4.164072641875207065e-02
4.592402631417628889e-02
5.026353600795735455e-02
5.464494494697882260e-02
5.905551983181663717e-02
6.696262868326506579e-02
7.487272601079780765e-02
8.274186765777344355e-02
9.053512526846146935e-02
9.822512743341647867e-02
1.077760566194078951e-01
1.170935109702480742e-01
1.261541586270955584e-01
1.349424134659018004e-01
1.434484894901506824e-01
1.471210683090080629e-01
1.507371273648479004e-01
1.542965053684758336e-01
1.577991948438357273e-01
1.613778567293434885e-01
1.648956929466829924e-01
1.683529589238987600e-01
1.760017672759558449e-01
1.833437276968235552e-01
1.903854561809565360e-01
1.971339720886542135e-01
2.062648892119154920e-01
2.148407639469130936e-01
2.228866137374392042e-01
2.304274092822632680e-01
2.386488828033521414e-01
2.462497260043298719e-01
2.480573770387387855e-01
2.498291489354632633e-01
2.515655695650559909e-01
2.532671786781129919e-01
2.549345261370807303e-01
2.565849386427939138e-01
2.582014935190979354e-01
2.597846693911894378e-01
2.613349960131732264e-01
2.629076257228462055e-01
2.644460167633755909e-01
2.659508502759021509e-01
2.713030649843509723e-01
2.762187380015525551e-01
2.807245353120062514e-01
2.848449105565961648e-01
2.907473399353482924e-01
2.920863730314431361e-01
2.933735121955916014e-01
2.946101145007095079e-01
2.957974069403191408e-01
2.969366333318919082e-01
2.976362990056193869e-01
2.983173483452330466e-01
2.989800039478433535e-01
2.996245880813451778e-01
3.002606577757024331e-01
3.008788092899776223e-01
3.014793679394242032e-01
3.040243732855983372e-01
3.062283899951432353e-01
3.081164412410095088e-01
3.097120685386036132e-01
3.100678824238559672e-01
3.104071070099630458e-01
3.107300697386089494e-01
3.110370816486812684e-01
3.112952044226708903e-01
3.115413323286549963e-01
3.117757093994369955e-01
3.122191076387526576e-01
3.126157171325493200e-01
3.129670532228704949e-01
3.137254104785899833e-01
3.138651506382137968e-01
3.139859259962209381e-01
3.140883145494344775e-01
3.141110952976218784e-01
3.141327466168269966e-01
3.141532685070496655e-01
3.141582211359894017e-01
3.141631047179299641e-01
3.141633075934401886e-01
3.141635103483504943e-01
3.141639154964140368e-01
3.141643201249186279e-01
3.141647241203215923e-01
3.141648048932155213e-01
3.141648856498197029e-01
3.141649663895985656e-01
3.141649921538965384e-01
3.141650179169541146e-01
3.141650694372961072e-01
3.141651209497458019e-01
3.141651723916077943e-01
3.141656865238423579e-01
3.141661999305597197e-01
3.141667121606798174e-01
3.141717534669273282e-01
3.141765822001330033e-01
3.141811124501591168e-01
3.141852603051593085e-01
3.141965209733745268e-01
3.141939809027278763e-01
3.141736410378101474e-01
3.141326007104169316e-01
3.140688217552504158e-01
3.139249382720050718e-01
3.137224972199311179e-01
3.134608698975102636e-01
3.131407663711247569e-01
3.127637906964464976e-01
3.123321955274324657e-01
3.117315161499628062e-01
3.110575100602788190e-01
3.103154499922445853e-01
3.095105450316583129e-01
3.086478382712752877e-01
3.075602197334550425e-01
3.064060116763419050e-01
3.051920912744010561e-01
3.039248163287582849e-01
3.024072206072443980e-01
3.008346417306351217e-01
2.992142993493330239e-01
2.975526585605490215e-01
2.957724325996411996e-01
2.939591291167622522e-01
2.921179750143208520e-01
2.902537842065364138e-01
2.860582323058450949e-01
2.818069929858029177e-01
2.775292606069710843e-01
2.732469260213306050e-01
2.689766017859146485e-01
2.660878291160561626e-01
2.632139342506136237e-01
2.603574503588230171e-01
2.575204983985849294e-01
2.555612512935114267e-01
2.536127621290866774e-01
2.516754474131531194e-01
2.455661672897070380e-01
2.395822020188388690e-01
2.337284453751647950e-01
2.280069162238608504e-01
2.237053123120676668e-01
2.194813589317103075e-01
2.153344826532040124e-01
2.133833279733584609e-01
2.114494221235108384e-01
2.095326568902169395e-01
2.071992608680219838e-01
2.048913945345439136e-01
2.026088343790649060e-01
1.973882941224559262e-01
1.923008484591339495e-01
1.873433014936025098e-01
1.845168111610923090e-01
1.817326902957102641e-01
1.789903212692919299e-01
1.762891166916018826e-01
1.749797668879374268e-01
1.736801126366007142e-01
1.723900798354622288e-01
1.711202104434890736e-01
1.698596558950140334e-01
1.686083429310300252e-01
1.612796556380011737e-01
1.542685756135226960e-01
1.525638187570055315e-01
1.508778593775940147e-01
1.492104906841583145e-01
1.475615098428736116e-01
1.464658755693109549e-01
1.453783244707154143e-01
1.442987909551789738e-01
1.432377802190594462e-01
1.421846055087764016e-01
1.411391174122956782e-01
1.371040553939800732e-01
1.331844939360914137e-01
1.293774064312125938e-01
1.198788088783286770e-01
1.176151188276925164e-01
1.153941576345261788e-01
1.132151583769792635e-01
1.126768740786742579e-01
1.121411519305705873e-01
1.116079779420443285e-01
1.110773420243774262e-01
1.102561423205046243e-01
1.094410311955343745e-01
1.086319598725892510e-01
1.078308020038817455e-01
1.070355584959771789e-01
1.062461811787989707e-01
9.866595953288417875e-02
9.685712633582468922e-02
9.508152627537228008e-02
9.333855752832048713e-02
9.162765473696773966e-02
9.094831065713904206e-02
9.027401611664684355e-02
8.960473196893843639e-02
8.894339888748463430e-02
8.828696484564202418e-02
8.763540969349889465e-02
8.585965920626004166e-02
8.411997916876969017e-02
8.241569726675543328e-02
8.064684994076984359e-02
7.891606978521517601e-02
7.722264140427917423e-02
7.394445884044965889e-02
7.080620832108582008e-02
6.780167018841565252e-02
6.492510253080410743e-02
5.957461444271089368e-02
5.466748612479767344e-02
5.016766047624583030e-02
4.604142271667924224e-02
4.225776832114030990e-02
3.784418360603014619e-02
3.389675229003098061e-02
3.036630335383328286e-02
2.720894044388261213e-02
2.438535162562614420e-02
2.176762605900377581e-02
1.943667934261156249e-02
1.736110924596321811e-02
1.551300019585950644e-02
1.386746092261208034e-02
1.240228244621531702e-02
1.109768409998116573e-02
9.936070731323607547e-03
8.901782654161350533e-03
7.980868019301494767e-03
7.160895972064318382e-03
6.430798214681484118e-03
5.780723080371278841e-03
5.201899898388230407e-03
4.686517728190444862e-03
4.227620367316598654e-03
3.819014307598088843e-03
3.455185754798301926e-03
3.131225558526672028e-03
2.842762420290955664e-03
2.585904036926012142e-03
2.357184909638832156e-03
2.153519645246241860e-03
1.972161166870134950e-03
1.810663531157288191e-03
1.666848939678317650e-03
1.538778401962413635e-03
1.424725566075338463e-03
1.323153378719579875e-03
1.232693312924815383e-03
1.152126896779722808e-03
1.080369272119866214e-03
1.016454545447531294e-03
9.595227381120686235e-04
9.088081697068119613e-04
8.636291196751988766e-04
8.233786231006015414e-04
7.875162735980321830e-04
7.555609237856539392e-04
7.270841867389562412e-04
7.017046508937096333e-04
6.790827293473798145e-04
6.589160735136583274e-04
6.409354894787769839e-04
6.249013022853542720e-04
6.106001190547464099e-04
5.978419470468400356e-04
5.864576276538765445e-04
5.762965517376733571e-04
5.672246255257156053e-04
5.591224595914434659e-04
5.518837564222021930e-04
5.454138747843714774e-04
5.396285515107950449e-04
5.344527634605879740e-04
5.298197142794590971e-04
5.256699322684472118e-04
5.219504671749541870e-04
5.186141750611518051e-04
5.156190815937340861e-04
5.129278151551221578e-04
5.105071021182954784e-04
5.083273174681698491e-04
5.063620847009074220e-04
5.045879195978621862e-04
5.029839130628402117e-04
5.015314487387955182e-04
5.002139515900671640e-04
4.990166640546515658e-04
4.979264467433061831e-04
4.969316009936923561e-04
4.960217108829196144e-04
4.951875025647095889e-04
4.944207190314171699e-04
4.937140086094594146e-04
4.930608256821593892e-04
4.924553422991595443e-04
4.918923694785993670e-04
4.913672871391701205e-04
4.908759817157112111e-04
4.904147906157801983e-04
4.899804527670260142e-04
4.895700645874578221e-04
4.891810407839417528e-04
4.888110794494744714e-04
4.884581309878317920e-04
4.881203704458918799e-04
4.877961728799501862e-04
4.874840914233248535e-04
4.871828377590331645e-04
4.868912647338025719e-04
4.866083508786012667e-04
4.863331866266215261e-04
4.860649620425769226e-04
4.858029558975846332e-04
4.855465259420774899e-04
4.852951002453726663e-04
4.850481694849291515e-04
4.848052800811515129e-04
4.845660280850195211e-04
4.843300537359904222e-04
4.840970366166712940e-04
4.838666913388222409e-04
4.836387637024244270e-04
4.834130272759377760e-04
4.831892803515617607e-04
4.829673432325962612e-04
4.827470556841042507e-04
4.825282750312305633e-04
4.823108742887107186e-04
4.820947403015825913e-04
4.818797722967247256e-04
4.816658802983322116e-04
4.814529838450637379e-04
4.812410112145171985e-04
4.810298986531525486e-04
4.808195893858973518e-04
4.806100326832338536e-04
4.804011831728118628e-04
4.801930003852658904e-04
4.799854482537193462e-04
4.797784945754963201e-04
4.795721106720419471e-04
4.793662709821159824e-04
4.791609522932835223e-04
4.789561338195179666e-04
4.787517942925684287e-04
4.785479185764535733e-04
4.783444934558538824e-04
4.781415060941479958e-04
4.779389446305316912e-04
4.777367982941183987e-04
4.775350573609723234e-04
4.773337130657181581e-04
4.771327575054762717e-04
4.769321835483365845e-04
4.767319847498167787e-04
4.765321552777949054e-04
4.763326898454596113e-04
4.761335836515573176e-04
4.759348323271930760e-04
4.757364330289989298e-04
4.755383812290568538e-04
4.753406730390317188e-04
4.751433053872911125e-04
4.749462751580142824e-04
4.747495799901187076e-04
4.745532177300414156e-04
4.743571862230769559e-04
4.741614834078590598e-04
4.739661073390984743e-04
4.737710567092423921e-04
4.735763294144090200e-04
4.733819235816661558e-04
4.731878376577737869e-04
4.729940699997863679e-04
4.728006193243167654e-04
4.726074844245896312e-04
4.724146640646839862e-04
4.722221570293196210e-04
4.720299621377323359e-04
4.718380785722332783e-04
4.716465050028500203e-04
4.714552402038047819e-04
4.712642831131338408e-04
4.710736325672505546e-04
4.708832876349273891e-04
4.706932474202697660e-04
4.705035109903061034e-04
4.703140774102441729e-04
4.701249457543882565e-04
4.699361153696803971e-04
4.697475851869873688e-04
4.695593542008762384e-04
4.693714215192301134e-04
4.691837861466859679e-04
4.689964472770984496e-04
4.688094041264401473e-04
4.686226558719273796e-04
4.684362016821778203e-04
4.682500407270153721e-04
4.680641724161235567e-04
4.678785957804509291e-04
4.676933099011130546e-04
4.675083139550017500e-04
4.673236070172931043e-04
4.671391883355855042e-04
4.669550571751526508e-04
4.667712127627617210e-04
4.665876543146935964e-04
4.664043810460182134e-04
4.662213923970204830e-04
4.660386874479999458e-04
4.658562653243345582e-04
4.656741252399800761e-04
4.654922663096344141e-04
4.653106878119430637e-04
4.651293890415330364e-04
4.649483692553550468e-04
4.647676276995058075e-04
4.645871636181615294e-04
4.644069764718577976e-04
4.642270653738860995e-04
4.640474294801891892e-04
4.638680680313682836e-04
4.636889801714563384e-04
4.635101652026511862e-04
4.633316224423045531e-04
4.631533511710817994e-04
4.629753506588954936e-04
4.627976201735596227e-04
4.626201591923221517e-04
4.624429668558553350e-04
4.622660423459101667e-04
4.620893849260484468e-04
4.619129937659713467e-04
4.617368681886916998e-04
4.615610075318282777e-04
4.613854110973323111e-04
4.612100781766431483e-04
4.610350080590888168e-04
4.608602002372273547e-04
4.606856538768706291e-04
4.605113681836273403e-04
4.603373424424502718e-04
4.601635758470913433e-04
4.599900677401382249e-04
4.598168174783323040e-04
4.596438243837549218e-04
4.594710877682543944e-04
4.592986069416047962e-04
4.591263814109478774e-04
4.589544103660602760e-04
4.587826930353471272e-04
4.586112287242551295e-04
4.584400166496226071e-04
4.582690561728509568e-04
4.580983466690803684e-04
4.579278874797755496e-04
4.577576779364530570e-04
4.575877173686067052e-04
4.574180052974541159e-04
4.572485409359090727e-04
4.570793235344024945e-04
4.569103524181993199e-04
4.567416268264770998e-04
4.565731461388500929e-04
4.564049097482756711e-04
4.562369170149938339e-04
4.560691672895771293e-04
4.559016599206309832e-04
4.557343944430177558e-04
4.555673700920818015e-04
4.554005861396123885e-04
4.552340419300977391e-04
4.550677367243888770e-04
4.549016699197712009e-04
4.547358409264925594e-04
4.545702491230139996e-04
4.544048938784038538e-04
4.542397745598179219e-04
4.540748907153643161e-04
4.539102416021618025e-04
4.537458265127353955e-04
4.535816448102374782e-04
4.534176957765638722e-04
4.532539788261595896e-04
4.530904933860625426e-04
4.529272388524281743e-04
4.527642146122859814e-04
4.526014200508073006e-04
4.524388547289641405e-04
4.522765179250222509e-04
4.521144089516449969e-04
4.519525271901124052e-04
4.517908719427600017e-04
4.516294426406992630e-04
4.514682387272757487e-04
4.513072596158314580e-04
4.511465047108417846e-04
4.509859734149764378e-04
4.508256653017021515e-04
4.506655796698250485e-04
4.505057158515696691e-04
4.503460732458236461e-04
4.501866511747765784e-04
4.500274490857287071e-04
4.498684664378660566e-04
4.497097026612247917e-04
4.495511571772264946e-04
4.493928294055379662e-04
4.492347189317626079e-04
4.490768250746588440e-04
4.489191471854520749e-04
4.487616846801333308e-04
4.486044369001777280e-04
4.484474033086111554e-04
4.482905833800064177e-04
4.481339765606157121e-04
4.479775822883214119e-04
4.478213999993011451e-04
4.476654292909477105e-04
4.475096695014005679e-04
4.473541200003418707e-04
4.471987802203765839e-04
4.470436495217134276e-04
4.468887273826533985e-04
4.467340132927159497e-04
4.465795067139052181e-04
4.464252071000933907e-04
4.462711139034961018e-04
4.461172267329579816e-04
4.459635449454447931e-04
4.458100679285674907e-04
4.456567951310694969e-04
4.455037259313566729e-04
4.453508598225680809e-04
4.451981963087419964e-04
4.450457348671836306e-04
4.448934749672975048e-04
4.447414160768778835e-04
4.445895578158939616e-04
4.444378995595987944e-04
4.442864407130188756e-04
4.441351807405743784e-04
4.439841190383472910e-04
4.438332551138903306e-04
4.436825884853449662e-04
4.435321186448796279e-04
4.433818450769864321e-04
4.432317672645927744e-04
4.430818848384737133e-04
4.429321971916465230e-04
4.427827037460545039e-04
4.426334039813460989e-04
4.424842973107736437e-04
4.423353832558908627e-04
4.421866613485387698e-04
4.420381310953238447e-04
4.418897919953938521e-04
4.417416435463763428e-04
4.415936853895429705e-04
4.414459169351665747e-04
4.412983376216235995e-04
4.411509469433544210e-04
4.410037443302907952e-04
4.408567293175864616e-04
4.407099014503903112e-04
4.405632602493329787e-04
4.404168052277990502e-04
4.402705358976952360e-04
4.401244519104895690e-04
4.399785526932165460e-04
4.398328377002154281e-04
4.396873064402954685e-04
4.395419583595900899e-04
4.393967930064643064e-04
4.392518099389933553e-04
4.391070086914317387e-04
4.389623887909924454e-04
4.388179497634532513e-04
4.386736912701865387e-04
4.385296127545089732e-04
4.383857136862657502e-04
4.382419935882233826e-04
4.380984519222539514e-04
4.379550882495550877e-04
4.378119021407592040e-04
4.376688931433537610e-04
4.375260607979853918e-04
4.373834046439055781e-04
4.372409243521074786e-04
4.370986193817241001e-04
4.369564892176627541e-04
4.368145333962483354e-04
4.366727513946404467e-04
4.365311427865025502e-04
4.363897071546644414e-04
4.362484440594684783e-04
4.361073530546099382e-04
4.359664336924284661e-04
4.358256856532630977e-04
4.356851084116104183e-04
4.355447014670087223e-04
4.354044643689531421e-04
4.352643966094534890e-04
4.351244977742824084e-04
4.349847674581180197e-04
4.348452052337897084e-04
4.347058106676679424e-04
4.345665833248061553e-04
4.344275228946214615e-04
4.342886288665343268e-04
4.341499007542957977e-04
4.340113381201940500e-04
4.338729404706643676e-04
4.337347074032417969e-04
4.335966385241139137e-04
4.334587334182393443e-04
4.333209916643017325e-04
4.331834128397040080e-04
4.330459966426818607e-04
4.329087425771526777e-04
4.327716501706730854e-04
4.326347189979585475e-04
4.324979485794569023e-04
4.323613385241291147e-04
4.322248884493427824e-04
4.320885979518389363e-04
4.319524666222614878e-04
4.318164940500099011e-04
4.316806799418858222e-04
4.315450238158889608e-04
4.314095252129864400e-04
4.312741837199655015e-04
4.311389988708852201e-04
4.310039702858058097e-04
4.308690975929547790e-04
4.307343804005185389e-04
4.305998183107590947e-04
4.304654109247290240e-04
4.303311579575511700e-04
4.301970589409039709e-04
4.300631134287817266e-04
4.299293210196976508e-04
4.297956812609332058e-04
4.296621937833296949e-04
4.295288582256639141e-04
4.293956742072403340e-04
4.292626413416064201e-04
4.291297592411344713e-04
4.289970276290302207e-04
4.288644460502598712e-04
4.287320140714716635e-04
4.285997313025697100e-04
4.284675973036790406e-04
4.283356117161139179e-04
4.282037741888986373e-04
4.280720843521371361e-04
4.279405418303396818e-04
4.278091462468744974e-04
4.276778973327987829e-04
4.275467946459863308e-04
4.274158377653773612e-04
4.272850263119404865e-04
4.271543598582774100e-04
4.270238380558753549e-04
4.268934605637126766e-04
4.267632270223843238e-04
4.266331370670493808e-04
4.265031903317572509e-04
4.263733865551922256e-04
4.262437253077658653e-04
4.261142061803591423e-04
4.259848288046885821e-04
4.258555927654751540e-04
4.257264977240880961e-04
4.255975433491754377e-04
4.254687292915224355e-04
4.253400551966325465e-04
4.252115207089307721e-04
4.250831255745098113e-04
4.249548693759610976e-04
4.248267517157639102e-04
4.246987722360755875e-04
4.245709305333894741e-04
4.244432262806535454e-04
4.244356993721412250e-04
