0.000000000000000000e+00
2.258880138384368781e-10
6.064318990962148417e-10
2.048775070112873542e-09
4.759826144812191314e-09
9.339457081431368786e-09
2.917169823779238450e-07
1.438075690095149917e-06
4.014590595725121552e-06
8.535263834893291253e-06
2.577698559113438326e-05
5.660255074873165226e-05
1.038790872878093312e-04
1.699379053675518939e-04
2.566543836665196015e-04
4.927073439003522033e-04
8.217463433260916664e-04
1.153629244743101202e-03
1.547946007711705320e-03
2.004742119147257060e-03
2.523163308366980963e-03
3.101957260905721311e-03
3.739561452510684492e-03
4.698288299151412960e-03
5.757277913345693228e-03
6.911031329236047051e-03
8.153875092758409993e-03
9.480121725019746703e-03
1.088415642218965029e-02
1.261773131576963622e-02
1.444186033173190317e-02
1.634854755844428881e-02
1.833023285919046022e-02
2.037980744172896916e-02
2.294761890904475216e-02
2.559451321925653583e-02
2.831034203172185307e-02
3.108584777227289819e-02
3.391247554026367850e-02
3.743563584266439842e-02
4.101097663498091267e-02
4.462692713041991471e-02
4.827316637807951838e-02
5.482574509358641851e-02
6.140136525872794820e-02
6.796382643996684569e-02
7.448422971939884507e-02
8.093964741178134858e-02
8.898808640388888858e-02
9.687415812601711529e-02
1.045772368074716629e-01
1.120827910241907338e-01
1.193811149232483909e-01
1.225429946151841282e-01
1.256627639669339880e-01
1.287401961611521761e-01
1.317751224253812248e-01
1.348826949481670145e-01
1.379443187234120072e-01
1.409600669569819609e-01
1.476571971439484821e-01
1.541199000106463213e-01
1.603518398511199483e-01
1.663572281159089172e-01
1.745379413714963357e-01
1.822843129662709560e-01
1.896130686665618847e-01
1.965411044902625470e-01
2.041674562146622574e-01
2.112942932503675819e-01
2.130010363792558814e-01
2.146785772621430943e-01
2.163272360215563739e-01
2.179474072972939491e-01
2.195395374149728129e-01
2.211201873401258122e-01
2.226730440571758340e-01
2.241984331043277434e-01
2.256967400074621766e-01
2.272214763974107765e-01
2.287179369680192864e-01
2.301865233145605205e-01
2.354511207432575803e-01
2.403502823132132038e-01
2.449034479086841520e-01
2.491286938309971444e-01
2.553073755865182815e-01
2.567338606750879659e-01
2.581151706050485717e-01
2.594522700329357501e-01
2.607461738972384757e-01
2.619978603269500494e-01
2.627719018906493065e-01
2.635294931525522522e-01
2.642709359385477241e-01
2.649964677214027287e-01
2.657166043682294698e-01
2.664208306700484585e-01
2.671092529640007318e-01
2.700808696039766477e-01
2.727434712889160173e-01
2.751190938984274248e-01
2.772254562164501723e-01
2.777120893216001307e-01
2.781832781545869882e-01
2.786392741766107739e-01
2.790803006747353265e-01
2.794576073749509559e-01
2.798235449310403911e-01
2.801782866240876690e-01
2.808695903636886371e-01
2.815165599049690437e-01
2.821206741756954184e-01
2.835976657779711307e-01
2.839187020968135244e-01
2.842213471323046803e-01
2.845060975535614323e-01
2.845744940274991808e-01
2.846417740488864090e-01
2.847079376177230059e-01
2.847242838016072475e-01
2.847405764286494723e-01
2.847412566523266908e-01
2.847419368760039649e-01
2.847432971598987672e-01
2.847446570337929250e-01
2.847460164050908404e-01
2.847462882104797033e-01
2.847465600004626674e-01
2.847468317799933257e-01
2.847469185173818196e-01
2.847470052539413654e-01
2.847471787220797745e-01
2.847473521830556908e-01
2.847475256361678420e-01
2.847492597085769517e-01
2.847509928828341752e-01
2.847527250679122712e-01
2.847699701306010134e-01
2.847870073133257351e-01
2.848037446275059059e-01
2.848200960365695478e-01
2.848831349955976977e-01
2.849327728150508610e-01
2.849651546937229107e-01
2.849774378610388514e-01
2.849676189407254756e-01
2.849072937914099435e-01
2.847901050581821414e-01
2.846153637653816570e-01
2.843838040919647869e-01
2.840969949080977552e-01
2.837570586676210760e-01
2.832708184234990489e-01
2.827132279427729267e-01
2.820893743953276078e-01
2.814042903174978072e-01
2.806628483476191205e-01
2.797201937551027640e-01
2.787125021527153135e-01
2.776464554373980764e-01
2.765281927617304070e-01
2.751832945936817931e-01
2.737843860892715808e-01
2.723384509581442403e-01
2.708517481851513420e-01
2.692553028776381030e-01
2.676259657285170457e-01
2.659688642098748668e-01
2.642885404533850680e-01
2.604993587445690872e-01
2.566520877273456569e-01
2.527747622887759338e-01
2.488889540757743268e-01
2.450110920253981139e-01
2.423862149798598487e-01
2.397736021805944029e-01
2.371759420737855062e-01
2.345953926465068617e-01
2.328129508626618216e-01
2.310400426381554184e-01
2.292770803200623875e-01
2.237162608327769309e-01
2.182683042950108177e-01
2.129378403584611390e-01
2.077269669661317431e-01
2.038089197258358409e-01
1.999615513229791031e-01
1.961842780161065503e-01
1.944070440028721480e-01
1.926454910913741325e-01
1.908995135646133212e-01
1.887739887000453587e-01
1.866716715504236346e-01
1.845923623646094636e-01
1.798364366232843292e-01
1.752016447992327253e-01
1.706852055026239212e-01
1.681101650568109784e-01
1.655737123441217151e-01
1.630753194463221700e-01
1.606145607238310680e-01
1.594217886557672825e-01
1.582378413738254608e-01
1.570626467588226716e-01
1.559058048504798066e-01
1.547574292776979776e-01
1.536174497068887868e-01
1.469406887043402388e-01
1.405531321949022028e-01
1.389999912013439864e-01
1.374639667458883996e-01
1.359448747635081389e-01
1.344425243035388129e-01
1.334443102794512503e-01
1.324534983955939771e-01
1.314700289323538496e-01
1.305034440645650717e-01
1.295439735020387229e-01
1.285915610244290908e-01
1.249157301845607582e-01
1.213446737071415260e-01
1.178755321974648551e-01
1.092209601301034200e-01
1.071585190311795249e-01
1.051350387600228364e-01
1.031497414117454742e-01
1.026593070150282894e-01
1.021712060619284906e-01
1.016854272626767919e-01
1.012019594212902746e-01
1.004537523244338759e-01
9.971108238351747421e-02
9.897390707703812573e-02
9.824393814194720687e-02
9.751936032269435672e-02
9.680013183549993072e-02
8.989368243303391681e-02
8.824565958544305921e-02
8.662789350848622283e-02
8.503987933596578175e-02
8.348109214093643593e-02
8.286214249195730797e-02
8.224778874214216939e-02
8.163799429476396863e-02
8.103543755648251468e-02
8.043733416183691809e-02
7.984370209816933628e-02
7.822581187498074684e-02
7.664077697258558919e-02
7.508791508413029114e-02
7.347630178320134486e-02
7.189937661159175042e-02
7.035637678638685666e-02
6.736964039798738757e-02
6.451010431407409873e-02
6.177230137951153499e-02
5.915107528225045652e-02
5.427573430859902043e-02
4.980483035743064890e-02
4.570499062893287889e-02
4.194542044646366180e-02
3.849785610976869110e-02
3.447617586174996779e-02
3.087918622934137172e-02
2.766216429671894406e-02
2.478506449112929597e-02
2.221201469923238594e-02
1.982653783232298308e-02
1.770249316550066149e-02
1.581127521535189567e-02
1.412733715143417099e-02
1.262792066756635023e-02
1.129281109599843125e-02
1.010403531965233838e-02
9.045571234139519051e-03
8.103128647835428772e-03
7.263981650692864257e-03
6.516809049660761757e-03
5.851534535601925040e-03
5.259182114307329493e-03
4.731755395103264157e-03
4.262134677643176703e-03
3.843982796078631962e-03
3.471657911163886050e-03
3.140135783748068676e-03
2.844942229634463832e-03
2.582093690223222909e-03
2.348043756238512095e-03
2.139634939149666088e-03
1.954055755839412007e-03
1.788802847644981910e-03
1.641647372411244189e-03
1.510604954864345388e-03
1.393908815651725107e-03
1.289985863629956398e-03
1.197435475055299734e-03
1.115010616680312981e-03
1.041601011360192806e-03
9.762181288650998486e-04
9.179818275637890946e-04
8.661084734558617375e-04
8.199003643489443868e-04
7.787363079483635656e-04
7.420632293519092634e-04
7.093887001812155570e-04
6.802742893564964720e-04
6.543296432274204807e-04
6.312072136507144732e-04
6.105975635175807381e-04
5.922251873875769611e-04
5.758447908712200193e-04
5.612379780083722250e-04
5.482103016542587935e-04
5.365886371997883285e-04
5.262188443575430401e-04
5.169636854350968683e-04
5.087009718780904346e-04
5.013219140094935184e-04
4.947296517141634969e-04
4.888379462619602770e-04
4.835700155982648198e-04
4.788574973511596725e-04
4.746395255432995868e-04
4.708619085467965972e-04
4.674763971856032898e-04
4.644400330992180738e-04
4.617145685627447953e-04
4.592659499264909167e-04
4.570638577002304574e-04
4.550812970717822963e-04
4.532942333291039498e-04
4.516812672611436098e-04
4.502233461533096588e-04
4.489035064746357850e-04
4.477066447815986907e-04
4.466193137443292237e-04
4.456295405401978463e-04
4.447266651619909139e-04
4.439011964569435044e-04
4.431446839523295301e-04
4.424496037364644458e-04
4.418092568538012875e-04
4.412176788418425890e-04
4.406695591880895827e-04
4.401601696192196985e-04
4.396853002539592714e-04
4.392412027573287673e-04
4.388245397284991291e-04
4.384323396386945485e-04
4.380619567105350728e-04
4.377110351969460767e-04
4.373774775771842576e-04
4.370594162404369248e-04
4.367551882745518074e-04
4.364633130193940947e-04
4.361824720816670714e-04
4.359114915412745151e-04
4.356493261089049922e-04
4.353950450208686398e-04
4.351478194806845771e-04
4.349069114778023461e-04
4.346716638324444985e-04
4.344414913321146252e-04
4.342158728400617317e-04
4.339943442691171667e-04
4.337764923260082239e-04
4.335619489416603898e-04
4.333503863122623880e-04
4.331415124841200880e-04
4.329350674226673445e-04
4.327308195100954577e-04
4.325285622526047207e-04
4.323281118301492516e-04
4.321293046776248812e-04
4.319319950735716999e-04
4.317360532915802971e-04
4.315413635611759771e-04
4.313478223899430393e-04
4.311553375421096207e-04
4.309638270609678621e-04
4.307732180154639893e-04
4.305834452928488797e-04
4.303944506942096676e-04
4.302061823402992527e-04
4.300185940310504253e-04
4.298316445572370500e-04
4.296452972654004297e-04
4.294595195275867318e-04
4.292742817381621479e-04
4.290895574194418874e-04
4.289053194859947758e-04
4.287215487974380666e-04
4.285382286167205615e-04
4.283553427182337303e-04
4.281728761433775676e-04
4.279908153424446019e-04
4.278091481173200818e-04
4.276278635067482870e-04
4.274469516621005774e-04
4.272664037291410864e-04
4.270862117401466530e-04
4.269063685169845689e-04
4.267268675845454313e-04
4.265477030936011289e-04
4.263688697521216637e-04
4.261903627641455564e-04
4.260121777753796764e-04
4.258343108247893442e-04
4.256567593435329360e-04
4.254795192102839079e-04
4.253025869258205685e-04
4.251259596993206568e-04
4.249496346893877840e-04
4.247736097638971238e-04
4.245978829848482978e-04
4.244224524105262878e-04
4.242473161810151184e-04
4.240724725402247246e-04
4.238979203144722647e-04
4.237236576044801830e-04
4.235496827188128593e-04
4.233759942492035613e-04
4.232025907078665371e-04
4.230294709414275699e-04
4.228566338666777790e-04
4.226840783734113786e-04
4.225118033693087203e-04
4.223398077928980387e-04
4.221680909122687078e-04
4.219966515303513743e-04
4.218254885458757588e-04
4.216546010028418253e-04
4.214839878537761592e-04
4.213136482645937894e-04
4.211435814322604275e-04
4.209737865204174760e-04
4.208042626909347514e-04
4.206350091138173807e-04
4.204660252054934905e-04
4.202973100053416329e-04
4.201288626126812903e-04
4.199606822274299690e-04
4.197927679561991700e-04
4.196251190780978814e-04
4.194577348908124620e-04
4.192906146574398060e-04
4.191237576333761532e-04
4.189571630751054150e-04
4.187908304554867063e-04
4.186247589044453984e-04
4.184589475997956389e-04
4.182933958044283778e-04
4.181281026892015216e-04
4.179630675816860524e-04
4.177982898238832496e-04
4.176337687234982590e-04
4.174695035788891567e-04
4.173054936873414177e-04
4.171417385491618191e-04
4.169782373387915012e-04
4.168149892739665078e-04
4.166519936511239798e-04
4.164892496768573442e-04
4.163267567066148062e-04
4.161645141087335124e-04
4.160025212180156937e-04
4.158407773595994912e-04
4.156792818569170537e-04
4.155180342283921221e-04
4.153570336781456005e-04
4.151962794513510573e-04
4.150357708684072606e-04
4.148755071622934319e-04
4.147154877095427438e-04
4.145557118988574003e-04
4.143961790862925429e-04
4.142368886183321933e-04
4.140778398395952744e-04
4.139190322834365092e-04
4.137604651785727408e-04
4.136021377932890420e-04
4.134440494685671626e-04
4.132861994604169467e-04
4.131285871639820599e-04
4.129712119861176116e-04
4.128140733019411315e-04
4.126571704772141356e-04
4.125005028758211689e-04
4.123440700447876051e-04
4.121878712354005037e-04
4.120319057372893545e-04
4.118761729105889350e-04
4.117206720328689374e-04
4.115654025167664125e-04
4.114103637862618224e-04
4.112555552344946308e-04
4.111009762454974912e-04
4.109466262014587206e-04
4.107925046624230636e-04
4.106386109011888014e-04
4.104849442277737370e-04
4.103315040206552346e-04
4.101782895780924369e-04
4.100253003295323533e-04
4.098725357154317950e-04
4.097199951462826106e-04
4.095676780237232162e-04
4.094155837475937161e-04
4.092637118905042702e-04
4.091120617460199138e-04
4.089606326438556929e-04
4.088094239802244050e-04
4.086584350734030887e-04
4.085076653691111642e-04
4.083571143237604536e-04
4.082067813646501073e-04
4.080566659104761860e-04
4.079067673781854443e-04
4.077570853525684029e-04
4.076076191473223761e-04
4.074583681112619866e-04
4.073093316578021462e-04
4.071605091246406107e-04
4.070118999732853316e-04
4.068635036756310260e-04
4.067153196752882867e-04
4.065673474075086162e-04
4.064195863058433795e-04
4.062720359669067557e-04
4.061246957239397792e-04
4.059775649442992607e-04
4.058306430581022466e-04
4.056839294219034245e-04
4.055374235125417987e-04
4.053911248169470428e-04
4.052450327945696183e-04
4.050991468967384446e-04
4.049534665731300089e-04
4.048079914318417094e-04
4.046627208250945691e-04
4.045176541382541598e-04
4.043727908176586558e-04
4.042281302381776301e-04
4.040836718915407364e-04
4.039394152792808216e-04
4.037953598762335011e-04
4.036515051493431332e-04
4.035078505639492401e-04
4.033643957393025703e-04
4.032211400460599207e-04
4.030780828870786760e-04
4.029352237244538293e-04
4.027925619508444886e-04
4.026500970724443775e-04
4.025078286049710687e-04
4.023657560382041154e-04
4.022238788542567317e-04
4.020821965336822358e-04
4.019407087065654830e-04
4.017994147614708752e-04
4.016583141182471423e-04
4.015174062542942548e-04
4.013766905795518227e-04
4.012361666142634747e-04
4.010958338879251498e-04
4.009556919048329468e-04
4.008157401618344957e-04
4.006759781542611697e-04
4.005364055227219038e-04
4.003970216731762562e-04
4.002578260419774954e-04
4.001188181213928769e-04
3.999799973381476287e-04
3.998413632261330454e-04
3.997029153282294876e-04
3.995646531628338082e-04
3.994265762411059731e-04
3.992886840727329512e-04
3.991509763085464031e-04
3.990134523714029607e-04
3.988761117136884783e-04
3.987389538421112420e-04
3.986019781997024469e-04
3.984651843336101985e-04
3.983285717997158510e-04
3.981921401301137965e-04
3.980558888498666710e-04
3.979198174826061810e-04
3.977839256890941403e-04
3.976482129086005924e-04
3.975126786090848715e-04
3.973773223112838098e-04
3.972421434740670615e-04
3.971071416574603434e-04
3.969723164299743929e-04
3.968376673370083889e-04
3.967031939171303864e-04
3.965688957075173002e-04
3.964347723785769826e-04
3.963008233855234291e-04
3.961670482114437383e-04
3.960334463907013206e-04
3.959000173975513095e-04
3.957667608045287839e-04
3.956336761924118491e-04
3.955007631195242958e-04
3.953680211375525371e-04
3.952354497968314198e-04
3.951030487771387423e-04
3.949708175491760029e-04
3.948387556107249802e-04
3.947068625093862171e-04
3.945751377343597070e-04
3.944435808703317245e-04
3.943121915099968410e-04
3.941809692242335831e-04
3.940499135774714798e-04
3.939190241328263870e-04
3.937883005791780887e-04
3.936577424022723640e-04
3.935273491141652179e-04
3.933971202753151807e-04
3.932670553894398210e-04
3.931371540530285264e-04
3.930074158703515696e-04
3.928778404244829083e-04
3.927484272922302454e-04
3.926191760491250151e-04
3.924900863928882907e-04
3.923611578238795955e-04
3.922323898680207962e-04
3.921037820982604862e-04
3.919753340324179641e-04
3.918470452784484888e-04
3.917189154518664314e-04
3.915909441475920677e-04
3.914631309544573906e-04
3.913354754600539571e-04
3.912079773706910227e-04
3.910806362009236785e-04
3.909534514901431054e-04
3.908264228234300110e-04
3.906995497323024796e-04
3.905728318358530748e-04
3.904462687605187994e-04
3.903198601127270007e-04
3.901936054929898900e-04
3.900675045006140457e-04
3.899415568502512253e-04
3.898157620702459450e-04
3.896901197130727247e-04
3.895646293755978748e-04
3.894392906026458928e-04
3.893141030241279452e-04
3.891890662770910916e-04
3.890641799791406410e-04
3.889394437421346551e-04
3.888148571767593899e-04
3.886904200057704722e-04
3.885661317709072481e-04
3.884419920373533095e-04
3.883180004134230575e-04
3.881941564568666312e-04
3.880704598081045312e-04
3.879469101144897010e-04
3.878235070044860596e-04
3.877002501009725296e-04
3.875771390256897296e-04
3.874541735092651364e-04
3.873313531064492810e-04
3.872086773947715113e-04
3.870861459936667816e-04
3.869637584734406718e-04
3.868415144847222589e-04
3.867194136848761178e-04
3.865974557129132861e-04
3.864756402024185325e-04
3.863539667858703055e-04
3.862324352015427428e-04
3.861110450168255708e-04
3.859897958212401723e-04
3.858686872450237332e-04
3.857477188706787824e-04
3.856268903587502933e-04
3.855062013763277005e-04
3.853856515726678065e-04
3.852652405917549386e-04
3.851449680764977871e-04
3.850248337725986842e-04
3.849048372597244820e-04
3.847849781390456653e-04
3.846652560512928165e-04
3.845456705908156499e-04
3.844262214277919501e-04
3.843069082387575884e-04
3.841877306829220178e-04
3.840686884143711317e-04
3.839497810861460317e-04
3.838310084511639816e-04
3.837123701010183830e-04
3.835938656481950506e-04
3.834754947436175851e-04
3.833572569931443987e-04
3.832391520763099406e-04
3.831211796788266065e-04
3.830033394695712468e-04
3.828856311124428143e-04
3.827680542703244728e-04
3.826506087031423652e-04
3.825332940140745391e-04
3.824161098265989930e-04
3.822990558015406412e-04
3.821821315559367251e-04
3.820653367784112653e-04
3.819486711635902091e-04
3.818321343897415491e-04
3.817157261302961098e-04
3.815994460576977126e-04
3.814832939386806395e-04
3.813672693876765229e-04
3.812513720388406926e-04
3.811356015626158581e-04
3.810199575868989004e-04
3.809044398091426071e-04
3.807890479326318518e-04
3.806737816447568873e-04
3.805586406282077875e-04
3.804436245647153242e-04
3.803287332276274668e-04
3.802139662423070993e-04
3.800993232532813549e-04
3.799848039403359466e-04
3.798704079419160671e-04
3.797561349640511934e-04
3.797493996982568860e-04
